# SourcePhotonFlux	NumberRaysSurvived	PercentageRaysSurvived	PhotonFlux	PhotonEnergy	Bandwidth	HorizontalFocusFWHM	VerticalFocusFWHM	EnergyPerMilPerBw	FluxPerMilPerBwPerc	FluxPerMilPerBwAbs
nan	5.000000000000000000e+05	1.000000000000000000e+02	nan	5.000000000000000000e+01	4.998161598416998863e-02	1.977930319310656215e-01	9.619382372030989281e-02	1.000367865131312595e+00	1.000367865131312755e+02	nan
nan	5.000000000000000000e+05	1.000000000000000000e+02	nan	6.000000000000000000e+01	5.613572023165021296e-02	1.951939465020799125e-01	8.581273549059767469e-02	1.094562830851978807e+00	1.094562830851978958e+02	nan
nan	5.000000000000000000e+05	1.000000000000000000e+02	nan	7.000000000000000000e+01	6.991697177909088345e-02	1.910468976006295672e-01	8.030340709187491766e-02	1.001190565984952929e+00	1.001190565984952769e+02	nan
nan	5.000000000000000000e+05	1.000000000000000000e+02	nan	8.000000000000000000e+01	7.995814103687451380e-02	1.957333871078959509e-01	7.542739340851944974e-02	1.000523702070826859e+00	1.000523702070827028e+02	nan
nan	5.000000000000000000e+05	1.000000000000000000e+02	nan	9.000000000000000000e+01	8.990776876442510557e-02	1.892823755934651409e-01	7.114747998590245648e-02	1.001028046529769844e+00	1.001028046529769853e+02	nan
nan	5.000000000000000000e+05	1.000000000000000000e+02	nan	1.000000000000000000e+02	9.990777519918481175e-02	1.883463507233496814e-01	6.859977702880637462e-02	1.000925177137981681e+00	1.000925177137981876e+02	nan
nan	5.000000000000000000e+05	1.000000000000000000e+02	nan	1.100000000000000000e+02	1.099563313237155171e-01	1.864594366971818185e-01	6.597337598724968555e-02	1.000397210205659970e+00	1.000397210205660201e+02	nan
nan	5.000000000000000000e+05	1.000000000000000000e+02	nan	1.200000000000000000e+02	1.199136321779604997e-01	1.857569358675209004e-01	6.355120916154850808e-02	1.000720790013206241e+00	1.000720790013206170e+02	nan
nan	5.000000000000000000e+05	1.000000000000000000e+02	nan	1.300000000000000000e+02	1.299654418667785249e-01	1.849313877206637535e-01	6.297548247442119607e-02	1.000265933962178888e+00	1.000265933962178764e+02	nan
nan	5.000000000000000000e+05	1.000000000000000000e+02	nan	1.400000000000000000e+02	1.398305198118237058e-01	1.849230529659981470e-01	5.936719308594264749e-02	1.001216467627401574e+00	1.001216467627401698e+02	nan
nan	5.000000000000000000e+05	1.000000000000000000e+02	nan	1.500000000000000000e+02	1.498917433151632506e-01	1.863933482736445935e-01	5.825646763206078493e-02	1.000722503593024060e+00	1.000722503593023873e+02	nan
nan	5.000000000000000000e+05	1.000000000000000000e+02	nan	1.600000000000000000e+02	1.599483613957715933e-01	1.823349186494616914e-01	5.656102771164552012e-02	1.000322872873744551e+00	1.000322872873744586e+02	nan
nan	5.000000000000000000e+05	1.000000000000000000e+02	nan	1.700000000000000000e+02	1.699198377512970981e-01	1.849700861157999310e-01	5.517727361948274872e-02	1.000471830251352889e+00	1.000471830251352969e+02	nan
nan	5.000000000000000000e+05	1.000000000000000000e+02	nan	1.800000000000000000e+02	1.798736376190674946e-01	1.821150197076900068e-01	5.391947291253170599e-02	1.000702677149828856e+00	1.000702677149828759e+02	nan
nan	5.000000000000000000e+05	1.000000000000000000e+02	nan	1.900000000000000000e+02	1.897172198466819393e-01	1.816579940846680397e-01	5.241426337504644095e-02	1.001491725134027622e+00	1.001491725134027604e+02	nan
nan	5.000000000000000000e+05	1.000000000000000000e+02	nan	2.000000000000000000e+02	1.999250102533323969e-01	1.826174305697828848e-01	5.175187672817423840e-02	1.000375227938421929e+00	1.000375227938421858e+02	nan
nan	5.000000000000000000e+05	1.000000000000000000e+02	nan	2.100000000000000000e+02	2.099482835938147329e-01	1.843057899316895565e-01	5.083074061924874876e-02	1.000246355298321399e+00	1.000246355298321248e+02	nan
nan	5.000000000000000000e+05	1.000000000000000000e+02	nan	2.200000000000000000e+02	2.198714401146616981e-01	1.820800210140613995e-01	5.036318456303512381e-02	1.000585072036737966e+00	1.000585072036737984e+02	nan
nan	5.000000000000000000e+05	1.000000000000000000e+02	nan	2.300000000000000000e+02	2.152435043798779923e-01	1.813362407107903529e-01	4.903573337273534061e-02	1.094299155183098726e+00	1.094299155183098975e+02	nan
nan	5.000000000000000000e+05	1.000000000000000000e+02	nan	2.400000000000000000e+02	2.398147825203409411e-01	1.830314025205613260e-01	4.839427883811532605e-02	1.000772827724703884e+00	1.000772827724703831e+02	nan
nan	5.000000000000000000e+05	1.000000000000000000e+02	nan	2.500000000000000000e+02	2.339037173167218264e-01	1.816769819937384400e-01	4.752908615417359567e-02	1.094555255122208637e+00	1.094555255122208735e+02	nan
nan	5.000000000000000000e+05	1.000000000000000000e+02	nan	2.600000000000000000e+02	2.598706691090001408e-01	1.866486442027237014e-01	4.736917160501903645e-02	1.000497964508530346e+00	1.000497964508530089e+02	nan
nan	5.000000000000000000e+05	1.000000000000000000e+02	nan	2.700000000000000000e+02	2.696643314260995794e-01	1.862652827483083084e-01	4.644876647251916513e-02	1.001247931106607370e+00	1.001247931106607467e+02	nan
nan	5.000000000000000000e+05	1.000000000000000000e+02	nan	2.800000000000000000e+02	2.799751973012689632e-01	1.811115589437706508e-01	4.586137801975197908e-02	1.000088589984337473e+00	1.000088589984337517e+02	nan
nan	5.000000000000000000e+05	1.000000000000000000e+02	nan	2.900000000000000000e+02	2.713128942976938407e-01	1.789181208156758740e-01	4.555420067983522586e-02	1.094793672199326995e+00	1.094793672199326977e+02	nan
nan	5.000000000000000000e+05	1.000000000000000000e+02	nan	3.000000000000000000e+02	2.999377715098262565e-01	1.810489991510557672e-01	4.413464845435201289e-02	1.000207474771499072e+00	1.000207474771498823e+02	nan
nan	5.000000000000000000e+05	1.000000000000000000e+02	nan	3.100000000000000000e+02	3.099213918098712162e-01	1.794835603280431902e-01	4.441638868232261617e-02	1.000253652919930847e+00	1.000253652919930829e+02	nan
nan	5.000000000000000000e+05	1.000000000000000000e+02	nan	3.200000000000000000e+02	3.198903787566109713e-01	1.805251893892071968e-01	4.357840704908021168e-02	1.000342840514060194e+00	1.000342840514060043e+02	nan
nan	5.000000000000000000e+05	1.000000000000000000e+02	nan	3.300000000000000000e+02	3.298247815367176261e-01	1.801902489905779503e-01	4.308711297126134598e-02	1.000531393079778564e+00	1.000531393079778582e+02	nan
nan	5.000000000000000000e+05	1.000000000000000000e+02	nan	3.400000000000000000e+02	3.393992886155047239e-01	1.807791577618294843e-01	4.244802008366853341e-02	1.001771782180145065e+00	1.001771782180145181e+02	nan
nan	5.000000000000000000e+05	1.000000000000000000e+02	nan	3.500000000000000000e+02	3.497008266102056839e-01	1.839988410650928163e-01	4.339968120672543783e-02	1.000856023842011222e+00	1.000856023842011240e+02	nan
nan	5.000000000000000000e+05	1.000000000000000000e+02	nan	3.600000000000000000e+02	3.136553331493491803e-01	1.798829515946442914e-01	4.190708863970782350e-02	1.189036632197783216e+00	1.189036632197783092e+02	nan
nan	5.000000000000000000e+05	1.000000000000000000e+02	nan	3.700000000000000000e+02	3.461171217970169245e-01	1.811164454242052968e-01	4.147252249666798229e-02	1.094691744546235856e+00	1.094691744546235839e+02	nan
nan	5.000000000000000000e+05	1.000000000000000000e+02	nan	3.800000000000000000e+02	3.798937914461475995e-01	1.782360632340240780e-01	4.153841760637477093e-02	1.000279678099016856e+00	1.000279678099016962e+02	nan
nan	5.000000000000000000e+05	1.000000000000000000e+02	nan	3.900000000000000000e+02	3.897352144780711347e-01	1.789009796960152610e-01	4.101539624736771916e-02	1.000679733882917199e+00	1.000679733882917049e+02	nan
nan	5.000000000000000000e+05	1.000000000000000000e+02	nan	4.000000000000000000e+02	3.998677585366408604e-01	1.807094085888026336e-01	4.062646092942936299e-02	1.000330722416413742e+00	1.000330722416413636e+02	nan
nan	5.000000000000000000e+05	1.000000000000000000e+02	nan	4.100000000000000000e+02	3.834033415654542476e-01	1.795951481707209751e-01	4.044022355748675551e-02	1.095233934739046955e+00	1.095233934739046902e+02	nan
nan	5.000000000000000000e+05	1.000000000000000000e+02	nan	4.200000000000000000e+02	4.198133117204747577e-01	1.801371273805033590e-01	4.043363919615737545e-02	1.000444874308641374e+00	1.000444874308641232e+02	nan
nan	5.000000000000000000e+05	1.000000000000000000e+02	nan	4.300000000000000000e+02	4.297907559649615794e-01	1.806702796801325506e-01	3.994218540217412544e-02	1.000486977083228313e+00	1.000486977083228339e+02	nan
nan	5.000000000000000000e+05	1.000000000000000000e+02	nan	4.400000000000000000e+02	4.117856386639950905e-01	1.796195924874375016e-01	3.946647354741868868e-02	1.094160156964942177e+00	1.094160156964941990e+02	nan
nan	5.000000000000000000e+05	1.000000000000000000e+02	nan	4.500000000000000000e+02	4.209289070084343831e-01	1.802011785889867101e-01	3.958074659776394943e-02	1.095054558083341956e+00	1.095054558083342044e+02	nan
nan	5.000000000000000000e+05	1.000000000000000000e+02	nan	4.600000000000000000e+02	4.594383221136922879e-01	1.798137124990423774e-01	3.897945985473757341e-02	1.001224692229957469e+00	1.001224692229957611e+02	nan
nan	5.000000000000000000e+05	1.000000000000000000e+02	nan	4.700000000000000000e+02	4.699109519712237892e-01	1.791264598603322933e-01	3.893013906196947371e-02	1.000189524238738858e+00	1.000189524238738699e+02	nan
nan	5.000000000000000000e+05	1.000000000000000000e+02	nan	4.800000000000000000e+02	4.798731986489656043e-01	1.776472920435360481e-01	3.875632222109932912e-02	1.000264280997340105e+00	1.000264280997339910e+02	nan
nan	5.000000000000000000e+05	1.000000000000000000e+02	nan	4.900000000000000000e+02	4.896184400835068007e-01	1.793581319104944893e-01	3.856913156704575713e-02	1.000780349933551472e+00	1.000780349933551605e+02	nan
nan	5.000000000000000000e+05	1.000000000000000000e+02	nan	5.000000000000000000e+02	4.997646426498704164e-01	1.785475887309785903e-01	3.816386457396502008e-02	1.000470984524273188e+00	1.000470984524273206e+02	nan
nan	5.000000000000000000e+05	1.000000000000000000e+02	nan	5.100000000000000000e+02	4.770990005284924118e-01	1.799377808793261591e-01	3.819963690901619080e-02	1.094859307134444348e+00	1.094859307134444464e+02	nan
nan	5.000000000000000000e+05	1.000000000000000000e+02	nan	5.200000000000000000e+02	5.196442221576944576e-01	1.785840521339434328e-01	3.754788601781229584e-02	1.000685049052295827e+00	1.000685049052295881e+02	nan
nan	5.000000000000000000e+05	1.000000000000000000e+02	nan	5.300000000000000000e+02	5.295808932457248819e-01	1.785447164575145185e-01	3.793347959738085223e-02	1.000791748563206962e+00	1.000791748563206909e+02	nan
nan	5.000000000000000000e+05	1.000000000000000000e+02	nan	5.400000000000000000e+02	5.398244137880510163e-01	1.803722254291760252e-01	3.773965997404125916e-02	1.000325379542341020e+00	1.000325379542340727e+02	nan
nan	5.000000000000000000e+05	1.000000000000000000e+02	nan	5.500000000000000000e+02	5.496788708096801424e-01	1.797548666823840235e-01	3.707838397177691536e-02	1.000584567379581236e+00	1.000584567379581102e+02	nan
nan	5.000000000000000000e+05	1.000000000000000000e+02	nan	5.600000000000000000e+02	5.595775181768886108e-01	1.785691060079677983e-01	3.718602348182410006e-02	1.000755216194577191e+00	1.000755216194577315e+02	nan
nan	5.000000000000000000e+05	1.000000000000000000e+02	nan	5.700000000000000000e+02	5.696200643706561539e-01	1.798902421137680840e-01	3.715102668948185027e-02	1.000667905108696853e+00	1.000667905108696800e+02	nan
nan	5.000000000000000000e+05	1.000000000000000000e+02	nan	5.800000000000000000e+02	5.798191884436164623e-01	1.795310319931555099e-01	3.691789656330074498e-02	1.000311952933216064e+00	1.000311952933215878e+02	nan
nan	5.000000000000000000e+05	1.000000000000000000e+02	nan	5.900000000000000000e+02	5.898701331002029757e-01	1.776088589995520883e-01	3.622874596777637957e-02	1.000220179990561231e+00	1.000220179990561178e+02	nan
nan	5.000000000000000000e+05	1.000000000000000000e+02	nan	6.000000000000000000e+02	5.997224089288920590e-01	1.792403603987910432e-01	3.610035291026154891e-02	1.000463133493818990e+00	1.000463133493819043e+02	nan
nan	5.000000000000000000e+05	1.000000000000000000e+02	nan	6.100000000000000000e+02	6.098373655988098552e-01	1.798528477594697195e-01	3.594573488379926296e-02	1.000266713769691895e+00	1.000266713769691904e+02	nan
nan	5.000000000000000000e+05	1.000000000000000000e+02	nan	6.200000000000000000e+02	6.191429010185401927e-01	1.828850961776461725e-01	3.594578839549585764e-02	1.001384897783486938e+00	1.001384897783486849e+02	nan
nan	5.000000000000000000e+05	1.000000000000000000e+02	nan	6.300000000000000000e+02	6.297399416377402748e-01	1.793722660590181817e-01	3.608397584783747808e-02	1.000413093447604096e+00	1.000413093447604354e+02	nan
nan	5.000000000000000000e+05	1.000000000000000000e+02	nan	6.400000000000000000e+02	6.388679655349960296e-01	1.786071607752608703e-01	3.536401239289149734e-02	1.001776483576968912e+00	1.001776483576968957e+02	nan
nan	5.000000000000000000e+05	1.000000000000000000e+02	nan	6.500000000000000000e+02	6.498447672493512517e-01	1.793116753912381289e-01	3.646949796006075661e-02	1.000238880089038940e+00	1.000238880089039100e+02	nan
nan	5.000000000000000000e+05	1.000000000000000000e+02	nan	6.600000000000000000e+02	6.596431965884675952e-01	1.830926070275974982e-01	3.564603711029697142e-02	1.000541146392548653e+00	1.000541146392548626e+02	nan
nan	5.000000000000000000e+05	1.000000000000000000e+02	nan	6.700000000000000000e+02	6.697965678765968045e-01	1.784580187939545370e-01	3.649295533482795062e-02	1.000303786965439645e+00	1.000303786965439485e+02	nan
nan	5.000000000000000000e+05	1.000000000000000000e+02	nan	6.800000000000000000e+02	6.798113967186282247e-01	1.828308918731522681e-01	3.533837916994212597e-02	1.000277467120820107e+00	1.000277467120820063e+02	nan
nan	5.000000000000000000e+05	1.000000000000000000e+02	nan	6.900000000000000000e+02	6.456742713822480884e-01	1.775904770849390801e-01	3.610916465273343590e-02	1.094424181972707188e+00	1.094424181972707117e+02	nan
nan	5.000000000000000000e+05	1.000000000000000000e+02	nan	7.000000000000000000e+02	6.996193671917125823e-01	1.781376204927190565e-01	3.489954544137868070e-02	1.000544442119392530e+00	1.000544442119392841e+02	nan
nan	5.000000000000000000e+05	1.000000000000000000e+02	nan	7.100000000000000000e+02	7.095750199834356398e-01	1.793649120263340613e-01	3.487366177118118860e-02	1.000599112030511106e+00	1.000599112030511151e+02	nan
nan	5.000000000000000000e+05	1.000000000000000000e+02	nan	7.200000000000000000e+02	7.192426709623077619e-01	1.790899232291818521e-01	3.491222451457690751e-02	1.001053151757587800e+00	1.001053151757587614e+02	nan
nan	5.000000000000000000e+05	1.000000000000000000e+02	nan	7.300000000000000000e+02	7.298358722120383835e-01	1.771211175065274812e-01	3.492201464016607415e-02	1.000224899404106527e+00	1.000224899404106509e+02	nan
nan	5.000000000000000000e+05	1.000000000000000000e+02	nan	7.400000000000000000e+02	6.919834334016858879e-01	1.785270324839961786e-01	3.460121570848530975e-02	1.095014655194487485e+00	1.095014655194487432e+02	nan
nan	5.000000000000000000e+05	1.000000000000000000e+02	nan	7.500000000000000000e+02	7.493293228062839484e-01	1.794987860722420669e-01	3.448147070740360115e-02	1.000895620119689466e+00	1.000895620119689653e+02	nan
nan	5.000000000000000000e+05	1.000000000000000000e+02	nan	7.600000000000000000e+02	7.598711862356595237e-01	1.790549251782328211e-01	3.437271227853312683e-02	1.000169524391312015e+00	1.000169524391312308e+02	nan
nan	5.000000000000000000e+05	1.000000000000000000e+02	nan	7.700000000000000000e+02	7.200374405688215740e-01	1.781525927527554676e-01	3.419960332199700054e-02	1.095029458725294003e+00	1.095029458725294234e+02	nan
nan	5.000000000000000000e+05	1.000000000000000000e+02	nan	7.800000000000000000e+02	7.797659940801395795e-01	1.779795062937568895e-01	3.427708572146906385e-02	1.000300178932560069e+00	1.000300178932560158e+02	nan
nan	5.000000000000000000e+05	1.000000000000000000e+02	nan	7.900000000000000000e+02	7.896335075065052944e-01	1.781281453763478850e-01	3.405719774743862921e-02	1.000464514900535118e+00	1.000464514900534994e+02	nan
nan	5.000000000000000000e+05	1.000000000000000000e+02	nan	8.000000000000000000e+02	7.995778662322436947e-01	1.790699661168411727e-01	3.376126048696133364e-02	1.000528158355180830e+00	1.000528158355180892e+02	nan
nan	5.000000000000000000e+05	1.000000000000000000e+02	nan	8.100000000000000000e+02	8.095033091619370236e-01	1.785554409558673117e-01	3.399956134572094252e-02	1.000613788783706548e+00	1.000613788783706610e+02	nan
nan	5.000000000000000000e+05	1.000000000000000000e+02	nan	8.200000000000000000e+02	8.199263851405020898e-01	1.774228819374693289e-01	3.389378874260996766e-02	1.000089782981709474e+00	1.000089782981709732e+02	nan
nan	5.000000000000000000e+05	1.000000000000000000e+02	nan	8.300000000000000000e+02	8.293781408319091941e-01	1.783651772201858554e-01	3.394952282387327797e-02	1.000750183775790836e+00	1.000750183775790845e+02	nan
nan	5.000000000000000000e+05	1.000000000000000000e+02	nan	8.400000000000000000e+02	8.397287757066578262e-01	1.767849412662537145e-01	3.381854481043440608e-02	1.000323055002273254e+00	1.000323055002273236e+02	nan
nan	5.000000000000000000e+05	1.000000000000000000e+02	nan	8.500000000000000000e+02	8.491354182851182930e-01	1.781385695554415227e-01	3.370805907618747155e-02	1.001018874721324448e+00	1.001018874721324465e+02	nan
nan	5.000000000000000000e+05	1.000000000000000000e+02	nan	8.600000000000000000e+02	8.590290376479743362e-01	1.789014400757536205e-01	3.353338498413439145e-02	1.001131914324939753e+00	1.001131914324939629e+02	nan
nan	5.000000000000000000e+05	1.000000000000000000e+02	nan	8.700000000000000000e+02	8.697241563333818481e-01	1.771285914026592134e-01	3.359575043976157499e-02	1.000317217007541171e+00	1.000317217007541046e+02	nan
nan	5.000000000000000000e+05	1.000000000000000000e+02	nan	8.800000000000000000e+02	8.795497461957666463e-01	1.781274566270987791e-01	3.337313219520260388e-02	1.000512218012207688e+00	1.000512218012207768e+02	nan
nan	5.000000000000000000e+05	1.000000000000000000e+02	nan	8.900000000000000000e+02	8.894512133527996411e-01	1.783123527174600986e-01	3.307662777730726450e-02	1.000617144228572064e+00	1.000617144228572073e+02	nan
nan	5.000000000000000000e+05	1.000000000000000000e+02	nan	9.000000000000000000e+02	8.993025123232201157e-01	1.785008140077605499e-01	3.383453626565001426e-02	1.000776167383584214e+00	1.000776167383584294e+02	nan
nan	5.000000000000000000e+05	1.000000000000000000e+02	nan	9.100000000000000000e+02	9.097387787344815013e-01	1.788150057088052358e-01	3.402859524066674524e-02	1.000287161090259946e+00	1.000287161090259929e+02	nan
nan	5.000000000000000000e+05	1.000000000000000000e+02	nan	9.200000000000000000e+02	9.195887473680386393e-01	1.775185571817994301e-01	3.282353877183055713e-02	1.000447402463788604e+00	1.000447402463788649e+02	nan
nan	5.000000000000000000e+05	1.000000000000000000e+02	nan	9.300000000000000000e+02	9.296745312510665826e-01	1.786464682378803015e-01	3.294071611878662820e-02	1.000350199072028712e+00	1.000350199072028943e+02	nan
nan	5.000000000000000000e+05	1.000000000000000000e+02	nan	9.400000000000000000e+02	9.397977148208156439e-01	1.781452042378181833e-01	3.318877202242607322e-02	1.000215255042527396e+00	1.000215255042527360e+02	nan
nan	5.000000000000000000e+05	1.000000000000000000e+02	nan	9.500000000000000000e+02	9.498896474090543496e-01	1.773017640240817927e-01	3.279504343001986288e-02	1.000116176081393915e+00	1.000116176081394030e+02	nan
nan	5.000000000000000000e+05	1.000000000000000000e+02	nan	9.600000000000000000e+02	9.592108670419975391e-01	1.771843250448684459e-01	3.256121244910988033e-02	1.000823238880267585e+00	1.000823238880267780e+02	nan
nan	5.000000000000000000e+05	1.000000000000000000e+02	nan	9.700000000000000000e+02	9.695075165063371525e-01	1.773585651915531858e-01	3.288586611930862519e-02	1.000508190046244694e+00	1.000508190046244579e+02	nan
nan	5.000000000000000000e+05	1.000000000000000000e+02	nan	9.800000000000000000e+02	9.792933020905820740e-01	1.761443183112805511e-01	3.286159587025395956e-02	1.000722416348280852e+00	1.000722416348280888e+02	nan
nan	5.000000000000000000e+05	1.000000000000000000e+02	nan	9.900000000000000000e+02	9.893295644823865143e-01	1.781353187844685326e-01	3.279419114280094499e-02	1.000678606416053551e+00	1.000678606416053356e+02	nan
nan	5.000000000000000000e+05	1.000000000000000000e+02	nan	1.000000000000000000e+03	9.994183509558297596e-01	1.770007754589502103e-01	3.250059538766757877e-02	1.000582206328846535e+00	1.000582206328846553e+02	nan
nan	5.000000000000000000e+05	1.000000000000000000e+02	nan	1.010000000000000000e+03	1.009671503623917443e+00	1.794575265559448796e-01	3.234438745549574751e-02	1.000325459462600097e+00	1.000325459462600151e+02	nan
nan	5.000000000000000000e+05	1.000000000000000000e+02	nan	1.020000000000000000e+03	1.019598895295303009e+00	1.792969389824364546e-01	3.227941277341486725e-02	1.000393591215397171e+00	1.000393591215397180e+02	nan
nan	5.000000000000000000e+05	1.000000000000000000e+02	nan	1.030000000000000000e+03	1.029501270244782107e+00	1.763867872872962317e-01	3.194007603084613595e-02	1.000484539664723727e+00	1.000484539664723798e+02	nan
nan	5.000000000000000000e+05	1.000000000000000000e+02	nan	1.040000000000000000e+03	1.039461166859518837e+00	1.782424363485058116e-01	3.225051888395225053e-02	1.000518579505963235e+00	1.000518579505963146e+02	nan
nan	5.000000000000000000e+05	1.000000000000000000e+02	nan	1.050000000000000000e+03	1.049663058323812903e+00	1.782354001002079413e-01	3.198393736006331645e-02	1.000321098657844576e+00	1.000321098657844487e+02	nan
nan	5.000000000000000000e+05	1.000000000000000000e+02	nan	1.060000000000000000e+03	9.914660537356493331e-01	1.776413721841715865e-01	3.228299923723133846e-02	1.094868520324694616e+00	1.094868520324694430e+02	nan
nan	5.000000000000000000e+05	1.000000000000000000e+02	nan	1.070000000000000000e+03	1.069535073588758767e+00	1.788292554038395654e-01	3.236948143736414346e-02	1.000434771555618996e+00	1.000434771555618738e+02	nan
nan	5.000000000000000000e+05	1.000000000000000000e+02	nan	1.080000000000000000e+03	1.079581788214818427e+00	1.766082624084143737e-01	3.197486153862573455e-02	1.000387478862025059e+00	1.000387478862025006e+02	nan
nan	5.000000000000000000e+05	1.000000000000000000e+02	nan	1.090000000000000000e+03	1.089798978511999028e+00	1.770126447089109822e-01	3.183092773161326494e-02	1.000184468501031043e+00	1.000184468501031034e+02	nan
nan	5.000000000000000000e+05	1.000000000000000000e+02	nan	1.100000000000000000e+03	1.099780527067287128e+00	1.778245450432087704e-01	3.199534436049138869e-02	1.000199567738303541e+00	1.000199567738303728e+02	nan
nan	5.000000000000000000e+05	1.000000000000000000e+02	nan	1.110000000000000000e+03	1.108663525401198058e+00	1.780828391519082288e-01	3.255933271367729420e-02	1.001205841527448515e+00	1.001205841527448399e+02	nan
nan	5.000000000000000000e+05	1.000000000000000000e+02	nan	1.120000000000000000e+03	1.119653033196755132e+00	1.782651902100385322e-01	3.188098731332430352e-02	1.000309939991292918e+00	1.000309939991293220e+02	nan
nan	5.000000000000000000e+05	1.000000000000000000e+02	nan	1.130000000000000000e+03	1.057162950180761785e+00	1.776627439448517642e-01	3.164141864426193995e-02	1.094802220492643752e+00	1.094802220492643698e+02	nan
nan	5.000000000000000000e+05	1.000000000000000000e+02	nan	1.140000000000000000e+03	1.139247512554038666e+00	1.781012142666774101e-01	3.167439076583691143e-02	1.000660728512916764e+00	1.000660728512916648e+02	nan
nan	5.000000000000000000e+05	1.000000000000000000e+02	nan	1.150000000000000000e+03	1.149113941150699203e+00	1.776192808654165067e-01	3.180010158208939480e-02	1.000771321469902331e+00	1.000771321469902517e+02	nan
nan	5.000000000000000000e+05	1.000000000000000000e+02	nan	1.160000000000000000e+03	1.159421433137185931e+00	1.785599482806068394e-01	3.172372569106395035e-02	1.000499323458167833e+00	1.000499323458167709e+02	nan
nan	5.000000000000000000e+05	1.000000000000000000e+02	nan	1.170000000000000000e+03	1.169717050457120378e+00	1.779518288217898092e-01	3.160975587777323237e-02	1.000241918164481936e+00	1.000241918164482087e+02	nan
nan	5.000000000000000000e+05	1.000000000000000000e+02	nan	1.180000000000000000e+03	1.179248416041991820e+00	1.782046718175529509e-01	3.155417095126387267e-02	1.000637457037279798e+00	1.000637457037279887e+02	nan
nan	5.000000000000000000e+05	1.000000000000000000e+02	nan	1.190000000000000000e+03	1.189603808525998785e+00	1.776102810286409039e-01	3.121411837375296511e-02	1.000333071643933369e+00	1.000333071643933351e+02	nan
nan	5.000000000000000000e+05	1.000000000000000000e+02	nan	1.200000000000000000e+03	1.199430510406091388e+00	1.793607434697243597e-01	3.226118886965228388e-02	1.000475260241030506e+00	1.000475260241030355e+02	nan
nan	5.000000000000000000e+05	1.000000000000000000e+02	nan	1.210000000000000000e+03	1.209529061509965642e+00	1.790251758082272437e-01	3.140445919159660926e-02	1.000389441487153475e+00	1.000389441487153306e+02	nan
nan	5.000000000000000000e+05	1.000000000000000000e+02	nan	1.220000000000000000e+03	1.218586626271917384e+00	1.785841524737153407e-01	3.136606569045772425e-02	1.001160397110373079e+00	1.001160397110373026e+02	nan
nan	5.000000000000000000e+05	1.000000000000000000e+02	nan	1.230000000000000000e+03	1.229648157233805161e+00	1.745903859793547230e-01	3.186946329978448955e-02	1.000286214906101590e+00	1.000286214906101776e+02	nan
nan	5.000000000000000000e+05	1.000000000000000000e+02	nan	1.240000000000000000e+03	1.239492373555140192e+00	1.778300003417592756e-01	3.129256716450359160e-02	1.000409638570519455e+00	1.000409638570519490e+02	nan
nan	5.000000000000000000e+05	1.000000000000000000e+02	nan	1.250000000000000000e+03	1.249573851759032461e+00	1.781206259035182649e-01	3.132988195214472110e-02	1.000341074081320336e+00	1.000341074081320585e+02	nan
nan	5.000000000000000000e+05	1.000000000000000000e+02	nan	1.260000000000000000e+03	1.259626247851201697e+00	1.787099264943319554e-01	3.123444389559981715e-02	1.000296750727818429e+00	1.000296750727818562e+02	nan
nan	5.000000000000000000e+05	1.000000000000000000e+02	nan	1.270000000000000000e+03	1.269625615882205238e+00	1.771426050111346018e-01	3.079042256109677106e-02	1.000294898702467794e+00	1.000294898702467776e+02	nan
nan	5.000000000000000000e+05	1.000000000000000000e+02	nan	1.280000000000000000e+03	1.279557744092744587e+00	1.772700734730207339e-01	3.113443457205989501e-02	1.000345641435130828e+00	1.000345641435130801e+02	nan
nan	5.000000000000000000e+05	1.000000000000000000e+02	nan	1.290000000000000000e+03	1.289052886452191071e+00	1.785231076083002300e-01	3.114267460068238444e-02	1.000735380147745879e+00	1.000735380147745985e+02	nan
nan	5.000000000000000000e+05	1.000000000000000000e+02	nan	1.300000000000000000e+03	1.299716231169895764e+00	1.781830687680664160e-01	3.114189506531313614e-02	1.000218347347061609e+00	1.000218347347061751e+02	nan
nan	5.000000000000000000e+05	1.000000000000000000e+02	nan	1.310000000000000000e+03	1.309011560306771571e+00	1.784484157218539924e-01	3.098752302342958759e-02	1.000755593980822811e+00	1.000755593980823051e+02	nan
nan	5.000000000000000000e+05	1.000000000000000000e+02	nan	1.320000000000000000e+03	1.319536233439384976e+00	1.759139891623489327e-01	3.096722136025187311e-02	1.000351561056969540e+00	1.000351561056969700e+02	nan
nan	5.000000000000000000e+05	1.000000000000000000e+02	nan	1.330000000000000000e+03	1.329566479171990112e+00	1.778930374194936936e-01	3.090650212400328917e-02	1.000326084919143099e+00	1.000326084919143170e+02	nan
nan	5.000000000000000000e+05	1.000000000000000000e+02	nan	1.340000000000000000e+03	1.339191239374349696e+00	1.776325577724246763e-01	3.081451538937745108e-02	1.000604137837050489e+00	1.000604137837050445e+02	nan
nan	5.000000000000000000e+05	1.000000000000000000e+02	nan	1.350000000000000000e+03	1.349362897306400466e+00	1.785282067766825187e-01	3.088068710650478457e-02	1.000472292670298469e+00	1.000472292670298486e+02	nan
nan	5.000000000000000000e+05	1.000000000000000000e+02	nan	1.360000000000000000e+03	1.359448596645825180e+00	1.776553041946631328e-01	3.097412203333119868e-02	1.000405631377327298e+00	1.000405631377327182e+02	nan
nan	5.000000000000000000e+05	1.000000000000000000e+02	nan	1.370000000000000000e+03	1.369203921639200461e+00	1.766914072648503864e-01	3.080810224416509827e-02	1.000581543545685514e+00	1.000581543545685435e+02	nan
nan	5.000000000000000000e+05	1.000000000000000000e+02	nan	1.380000000000000000e+03	1.379041154511969625e+00	1.778144279465107280e-01	3.081781528173120968e-02	1.000695755093461647e+00	1.000695755093461798e+02	nan
nan	5.000000000000000000e+05	1.000000000000000000e+02	nan	1.390000000000000000e+03	1.389488938041904431e+00	1.789430360194521064e-01	3.067399977615644160e-02	1.000367909902308394e+00	1.000367909902308412e+02	nan
nan	5.000000000000000000e+05	1.000000000000000000e+02	nan	1.400000000000000000e+03	1.399839827640880774e+00	1.786257323613212600e-01	3.088438279320576685e-02	1.000114422863815467e+00	1.000114422863815378e+02	nan
nan	5.000000000000000000e+05	1.000000000000000000e+02	nan	1.410000000000000000e+03	1.409322920908289145e+00	1.777843784672519245e-01	3.058030707917702706e-02	1.000480775273441258e+00	1.000480775273441338e+02	nan
nan	5.000000000000000000e+05	1.000000000000000000e+02	nan	1.420000000000000000e+03	1.417773237176334078e+00	1.819983539195005329e-01	3.064598025104637788e-02	1.001575869219198944e+00	1.001575869219198864e+02	nan
nan	5.000000000000000000e+05	1.000000000000000000e+02	nan	1.430000000000000000e+03	1.429503107238133452e+00	1.790399943221293033e-01	3.037148430881993905e-02	1.000347782253373063e+00	1.000347782253373055e+02	nan
nan	5.000000000000000000e+05	1.000000000000000000e+02	nan	1.440000000000000000e+03	1.438826900739377468e+00	1.787432297301143613e-01	3.042762134772786925e-02	1.000815707846655300e+00	1.000815707846655442e+02	nan
nan	5.000000000000000000e+05	1.000000000000000000e+02	nan	1.450000000000000000e+03	1.449629136782732530e+00	1.784876974688898721e-01	3.124932676915099378e-02	1.000255860053662182e+00	1.000255860053662076e+02	nan
nan	5.000000000000000000e+05	1.000000000000000000e+02	nan	1.460000000000000000e+03	1.459415514451893658e+00	1.785893215136891143e-01	3.031248359378738849e-02	1.000400560897072300e+00	1.000400560897072353e+02	nan
nan	5.000000000000000000e+05	1.000000000000000000e+02	nan	1.470000000000000000e+03	1.374498309809728758e+00	1.771809237067372977e-01	3.041029572950174759e-02	1.095038614927580811e+00	1.095038614927580767e+02	nan
nan	5.000000000000000000e+05	1.000000000000000000e+02	nan	1.480000000000000000e+03	1.475512485011358788e+00	1.769773685140087482e-01	3.042512157795999178e-02	1.003056997769878445e+00	1.003056997769878365e+02	nan
nan	5.000000000000000000e+05	1.000000000000000000e+02	nan	1.490000000000000000e+03	1.489369059728096634e+00	1.771594544398604198e-01	3.022764707517319738e-02	1.000423679839944624e+00	1.000423679839944668e+02	nan
nan	5.000000000000000000e+05	1.000000000000000000e+02	nan	1.500000000000000000e+03	1.499416160642158546e+00	1.772138648957028439e-01	3.021676483950096539e-02	1.000389576889302301e+00	1.000389576889302248e+02	nan
nan	5.000000000000000000e+05	1.000000000000000000e+02	nan	1.510000000000000000e+03	1.412257087118690801e+00	1.795693370231435382e-01	3.025779231333734082e-02	1.094784896629682924e+00	1.094784896629682862e+02	nan
nan	5.000000000000000000e+05	1.000000000000000000e+02	nan	1.520000000000000000e+03	1.519267615294347618e+00	1.780612275613480400e-01	3.027540440456994580e-02	1.000482329889884614e+00	1.000482329889884596e+02	nan
nan	5.000000000000000000e+05	1.000000000000000000e+02	nan	1.530000000000000000e+03	1.528911872513799564e+00	1.773363906343199958e-01	3.010016455503583543e-02	1.000712370060617973e+00	1.000712370060617786e+02	nan
nan	5.000000000000000000e+05	1.000000000000000000e+02	nan	1.540000000000000000e+03	1.440289309515842664e+00	1.765958386000031355e-01	3.030576732055221406e-02	1.095058798831179292e+00	1.095058798831179274e+02	nan
nan	5.000000000000000000e+05	1.000000000000000000e+02	nan	1.550000000000000000e+03	1.549349868958870502e+00	1.781833702999481850e-01	3.030628610739683620e-02	1.000419673865377446e+00	1.000419673865377490e+02	nan
nan	5.000000000000000000e+05	1.000000000000000000e+02	nan	1.560000000000000000e+03	1.559300286114421397e+00	1.785244447116746680e-01	3.032278276860951929e-02	1.000448820547998663e+00	1.000448820547998707e+02	nan
nan	5.000000000000000000e+05	1.000000000000000000e+02	nan	1.570000000000000000e+03	1.567422891359092407e+00	1.776798469247052314e-01	3.036432416519142113e-02	1.001645204965868841e+00	1.001645204965868743e+02	nan
nan	5.000000000000000000e+05	1.000000000000000000e+02	nan	1.580000000000000000e+03	1.579224133249135686e+00	1.783621469151877581e-01	2.972941425536013149e-02	1.000491448809685435e+00	1.000491448809685409e+02	nan
nan	5.000000000000000000e+05	1.000000000000000000e+02	nan	1.590000000000000000e+03	1.589655738366900550e+00	1.773084998490618291e-01	3.002439103596060005e-02	1.000216583007422333e+00	1.000216583007422173e+02	nan
nan	5.000000000000000000e+05	1.000000000000000000e+02	nan	1.600000000000000000e+03	1.599596063359331355e+00	1.759636484808223822e-01	3.015687250767083369e-02	1.000252544707885605e+00	1.000252544707885392e+02	nan
nan	5.000000000000000000e+05	1.000000000000000000e+02	nan	1.610000000000000000e+03	1.607563770605975106e+00	1.773039360445288759e-01	3.010175929309164694e-02	1.001519490755541586e+00	1.001519490755541710e+02	nan
nan	5.000000000000000000e+05	1.000000000000000000e+02	nan	1.620000000000000000e+03	1.515834700337176821e+00	1.764211826676089223e-01	2.997431876058422734e-02	1.094522909652584364e+00	1.094522909652584133e+02	nan
nan	5.000000000000000000e+05	1.000000000000000000e+02	nan	1.630000000000000000e+03	1.525325018344688477e+00	1.778511141347665636e-01	2.976736121683658601e-02	1.094154389978193143e+00	1.094154389978193223e+02	nan
nan	5.000000000000000000e+05	1.000000000000000000e+02	nan	1.640000000000000000e+03	1.639535345397052923e+00	1.774728284753999685e-01	3.005010770725087196e-02	1.000283445470884214e+00	1.000283445470884374e+02	nan
nan	5.000000000000000000e+05	1.000000000000000000e+02	nan	1.650000000000000000e+03	1.543624131713263736e+00	1.783930221620337042e-01	2.996977050323696920e-02	1.094536240261486659e+00	1.094536240261486739e+02	nan
nan	5.000000000000000000e+05	1.000000000000000000e+02	nan	1.660000000000000000e+03	1.657655638412734334e+00	1.778757043501081880e-01	3.063800548939919419e-02	1.001416910269698146e+00	1.001416910269698235e+02	nan
nan	5.000000000000000000e+05	1.000000000000000000e+02	nan	1.670000000000000000e+03	1.669641529351520104e+00	1.778495596120814592e-01	2.996823709903919178e-02	1.000214753565054959e+00	1.000214753565055190e+02	nan
nan	5.000000000000000000e+05	1.000000000000000000e+02	nan	1.680000000000000000e+03	1.679149049502348223e+00	1.775186132423166308e-01	2.996037397240630673e-02	1.000507025512463288e+00	1.000507025512463315e+02	nan
nan	5.000000000000000000e+05	1.000000000000000000e+02	nan	1.690000000000000000e+03	1.688864849720903338e+00	1.775593303361411857e-01	3.005073620055240258e-02	1.000672755499980138e+00	1.000672755499980013e+02	nan
nan	5.000000000000000000e+05	1.000000000000000000e+02	nan	1.700000000000000000e+03	1.699554510417601749e+00	1.777638413601673739e-01	2.977444364600712046e-02	1.000262155238452966e+00	1.000262155238452948e+02	nan
nan	5.000000000000000000e+05	1.000000000000000000e+02	nan	1.710000000000000000e+03	1.708907960108490443e+00	1.780866592619117228e-01	2.965436244775896887e-02	1.000639292693614069e+00	1.000639292693614095e+02	nan
nan	5.000000000000000000e+05	1.000000000000000000e+02	nan	1.720000000000000000e+03	1.718990847247050535e+00	1.781554645968216610e-01	2.967816338564083223e-02	1.000587397484520302e+00	1.000587397484520409e+02	nan
nan	5.000000000000000000e+05	1.000000000000000000e+02	nan	1.730000000000000000e+03	1.728981913281268046e+00	1.780904799388544624e-01	2.968642253143626702e-02	1.000589271676747272e+00	1.000589271676747245e+02	nan
nan	5.000000000000000000e+05	1.000000000000000000e+02	nan	1.740000000000000000e+03	1.738581572422208454e+00	1.785991386631683997e-01	2.966751292497520759e-02	1.000816716213033031e+00	1.000816716213033004e+02	nan
nan	5.000000000000000000e+05	1.000000000000000000e+02	nan	1.750000000000000000e+03	1.749057498125648591e+00	1.783364497538159343e-01	2.976734755048077857e-02	1.000539037567065304e+00	1.000539037567065179e+02	nan
nan	5.000000000000000000e+05	1.000000000000000000e+02	nan	1.760000000000000000e+03	1.646058260233297377e+00	1.758727398639830519e-01	2.985977981156450259e-02	1.094947342226250342e+00	1.094947342226250413e+02	nan
nan	5.000000000000000000e+05	1.000000000000000000e+02	nan	1.770000000000000000e+03	1.769623260520893471e+00	1.783015284605541095e-01	2.949041656963354713e-02	1.000212912654608655e+00	1.000212912654608317e+02	nan
nan	5.000000000000000000e+05	1.000000000000000000e+02	nan	1.780000000000000000e+03	1.778934637169413691e+00	1.770235186474394540e-01	2.963809897699460835e-02	1.000599142544228659e+00	1.000599142544228641e+02	nan
nan	5.000000000000000000e+05	1.000000000000000000e+02	nan	1.790000000000000000e+03	1.788071072345883250e+00	1.778210630339129572e-01	2.948969170417455737e-02	1.001079697923874079e+00	1.001079697923874079e+02	nan
nan	5.000000000000000000e+05	1.000000000000000000e+02	nan	1.800000000000000000e+03	1.684189443688744792e+00	1.771030247451871042e-01	2.951472108551200096e-02	1.094437672481696655e+00	1.094437672481696637e+02	nan
nan	5.000000000000000000e+05	1.000000000000000000e+02	nan	1.810000000000000000e+03	1.809359644935557343e+00	1.774022079714672739e-01	2.954751851731134832e-02	1.000354166327294791e+00	1.000354166327295076e+02	nan
nan	5.000000000000000000e+05	1.000000000000000000e+02	nan	1.820000000000000000e+03	1.818979502047068264e+00	1.764241863431532109e-01	2.976260406632667138e-02	1.000561342860372793e+00	1.000561342860372633e+02	nan
nan	5.000000000000000000e+05	1.000000000000000000e+02	nan	1.830000000000000000e+03	1.828674639604878305e+00	1.773585119706059809e-01	2.947546931930892719e-02	1.000725479387991390e+00	1.000725479387991328e+02	nan
nan	5.000000000000000000e+05	1.000000000000000000e+02	nan	1.840000000000000000e+03	1.838635619401838950e+00	1.778506366285190210e-01	2.969004840849581023e-02	1.000742525422545715e+00	1.000742525422545555e+02	nan
nan	5.000000000000000000e+05	1.000000000000000000e+02	nan	1.850000000000000000e+03	1.849316295689550360e+00	1.789226237819952214e-01	2.962440578596013327e-02	1.000369792007302250e+00	1.000369792007302294e+02	nan
nan	5.000000000000000000e+05	1.000000000000000000e+02	nan	1.860000000000000000e+03	1.859327386690529327e+00	1.778700309780378852e-01	2.929766496643265716e-02	1.000361945488906112e+00	1.000361945488906059e+02	nan
nan	5.000000000000000000e+05	1.000000000000000000e+02	nan	1.870000000000000000e+03	1.866022487422833276e+00	1.774702878024188579e-01	2.934521077992807009e-02	1.002144913684940075e+00	1.002144913684940093e+02	nan
nan	5.000000000000000000e+05	1.000000000000000000e+02	nan	1.880000000000000000e+03	1.879575008151959992e+00	1.783490415821716302e-01	2.949704373530907114e-02	1.000226123317834448e+00	1.000226123317834492e+02	nan
nan	5.000000000000000000e+05	1.000000000000000000e+02	nan	1.890000000000000000e+03	1.888973744583381631e+00	1.768117798892895054e-01	2.919897724770688027e-02	1.000543757804484457e+00	1.000543757804484528e+02	nan
nan	5.000000000000000000e+05	1.000000000000000000e+02	nan	1.900000000000000000e+03	1.899215810699024676e+00	1.777284569388400404e-01	2.935443560298424751e-02	1.000412989362915894e+00	1.000412989362915965e+02	nan
nan	5.000000000000000000e+05	1.000000000000000000e+02	nan	1.910000000000000000e+03	1.909070110947959531e+00	1.770137871127164531e-01	2.940878999583435710e-02	1.000487252195582544e+00	1.000487252195582357e+02	nan
nan	5.000000000000000000e+05	1.000000000000000000e+02	nan	1.920000000000000000e+03	1.919227805206901394e+00	1.784462798315783472e-01	2.935219470929838551e-02	1.000402493510278434e+00	1.000402493510278390e+02	nan
nan	5.000000000000000000e+05	1.000000000000000000e+02	nan	1.930000000000000000e+03	1.929423527252583925e+00	1.783698888704959573e-01	2.902390814785444847e-02	1.000298814363160371e+00	1.000298814363160460e+02	nan
nan	5.000000000000000000e+05	1.000000000000000000e+02	nan	1.940000000000000000e+03	1.814231329298657824e+00	1.769561475010699714e-01	2.908043467152404693e-02	1.095020893777728599e+00	1.095020893777728617e+02	nan
nan	5.000000000000000000e+05	1.000000000000000000e+02	nan	1.950000000000000000e+03	1.948691589897998622e+00	1.771779012791298569e-01	2.933346707996158445e-02	1.000672165059144358e+00	1.000672165059144305e+02	nan
nan	5.000000000000000000e+05	1.000000000000000000e+02	nan	1.960000000000000000e+03	1.959284188313586084e+00	1.779133283628130668e-01	2.919596805341968457e-02	1.000365463588215986e+00	1.000365463588215817e+02	nan
nan	5.000000000000000000e+05	1.000000000000000000e+02	nan	1.970000000000000000e+03	1.842794218642026305e+00	1.772322526398894538e-01	2.933982304359688056e-02	1.094826514876248380e+00	1.094826514876248496e+02	nan
nan	5.000000000000000000e+05	1.000000000000000000e+02	nan	1.980000000000000000e+03	1.852829318999318575e+00	1.777983061426752776e-01	2.919094676343621589e-02	1.094264110787006139e+00	1.094264110787006103e+02	nan
nan	5.000000000000000000e+05	1.000000000000000000e+02	nan	1.990000000000000000e+03	1.988262684857136309e+00	1.767525967093073191e-01	2.950722669035516638e-02	1.000875951012101694e+00	1.000875951012101694e+02	nan
nan	5.000000000000000000e+05	1.000000000000000000e+02	nan	2.000000000000000000e+03	1.999501216549469884e+00	1.779442224596642641e-01	2.936295950577579375e-02	1.000249480275949177e+00	1.000249480275949026e+02	nan
nan	5.000000000000000000e+05	1.000000000000000000e+02	nan	2.010000000000000000e+03	2.007864095841296326e+00	1.778729135083691737e-01	2.914796016460156208e-02	1.001065362974436157e+00	1.001065362974435971e+02	nan
nan	5.000000000000000000e+05	1.000000000000000000e+02	nan	2.020000000000000000e+03	1.890421554481318100e+00	1.773482194286893909e-01	2.920163032193624081e-02	1.094203835333524610e+00	1.094203835333524637e+02	nan
nan	5.000000000000000000e+05	1.000000000000000000e+02	nan	2.030000000000000000e+03	1.899965037091395414e+00	1.778953070998525454e-01	2.913051016581152952e-02	1.094001859946830191e+00	1.094001859946830280e+02	nan
nan	5.000000000000000000e+05	1.000000000000000000e+02	nan	2.040000000000000000e+03	2.038846496062069580e+00	1.773869505608998698e-01	2.924164529609408342e-02	1.000566039455364375e+00	1.000566039455364233e+02	nan
nan	5.000000000000000000e+05	1.000000000000000000e+02	nan	2.050000000000000000e+03	2.049564525029109241e+00	1.818639520106780094e-01	2.927719830244810556e-02	1.000212485530483253e+00	1.000212485530483235e+02	nan
nan	5.000000000000000000e+05	1.000000000000000000e+02	nan	2.060000000000000000e+03	1.795340998527638288e+00	1.773157018073100721e-01	2.901309704520368266e-02	1.188918227865471078e+00	1.188918227865471238e+02	nan
nan	5.000000000000000000e+05	1.000000000000000000e+02	nan	2.070000000000000000e+03	2.069579482835979256e+00	1.777285811208090816e-01	2.898216799064613075e-02	1.000203202412969672e+00	1.000203202412969574e+02	nan
nan	5.000000000000000000e+05	1.000000000000000000e+02	nan	2.080000000000000000e+03	2.078232017727714265e+00	1.773931044940062207e-01	2.886237343993196605e-02	1.000850983193267485e+00	1.000850983193267467e+02	nan
nan	5.000000000000000000e+05	1.000000000000000000e+02	nan	2.090000000000000000e+03	2.089220664580898390e+00	1.788771292944503766e-01	2.930766588238318399e-02	1.000373091887260202e+00	1.000373091887260273e+02	nan
nan	5.000000000000000000e+05	1.000000000000000000e+02	nan	2.100000000000000000e+03	2.099243215650403727e+00	1.777889954206792467e-01	2.918399403465167172e-02	1.000360536381490251e+00	1.000360536381490135e+02	nan
nan	5.000000000000000000e+05	1.000000000000000000e+02	nan	2.110000000000000000e+03	2.109332551795705335e+00	1.766619411291933395e-01	2.933762507432076047e-02	1.000316447970502676e+00	1.000316447970502622e+02	nan
nan	5.000000000000000000e+05	1.000000000000000000e+02	nan	2.120000000000000000e+03	2.118532450143084223e+00	1.790180262097314234e-01	2.910958028974516831e-02	1.000693078090932220e+00	1.000693078090932175e+02	nan
nan	5.000000000000000000e+05	1.000000000000000000e+02	nan	2.130000000000000000e+03	2.129209874483967813e+00	1.770377535766537724e-01	2.899347372908619297e-02	1.000371189554548401e+00	1.000371189554548437e+02	nan
nan	5.000000000000000000e+05	1.000000000000000000e+02	nan	2.140000000000000000e+03	2.138732797385091366e+00	1.780056219680834495e-01	2.888863667226193588e-02	1.000593035103850115e+00	1.000593035103849786e+02	nan
nan	5.000000000000000000e+05	1.000000000000000000e+02	nan	2.150000000000000000e+03	2.148402277690183659e+00	1.790885220985238280e-01	2.922052042483700915e-02	1.000744812363003833e+00	1.000744812363003859e+02	nan
nan	5.000000000000000000e+05	1.000000000000000000e+02	nan	2.160000000000000000e+03	2.021433491282226491e+00	1.787607173432918528e-01	2.960231257699382640e-02	1.094294387072176189e+00	1.094294387072176278e+02	nan
nan	5.000000000000000000e+05	1.000000000000000000e+02	nan	2.170000000000000000e+03	2.169230175483972012e+00	1.776452454168288564e-01	2.910275735307162742e-02	1.000354910013258269e+00	1.000354910013258234e+02	nan
nan	5.000000000000000000e+05	1.000000000000000000e+02	nan	2.180000000000000000e+03	2.179392272942550335e+00	1.759072130323089955e-01	2.889868202972637953e-02	1.000278872255712326e+00	1.000278872255712486e+02	nan
nan	5.000000000000000000e+05	1.000000000000000000e+02	nan	2.190000000000000000e+03	2.189626364440482753e+00	1.780986907336977176e-01	2.899930798874366181e-02	1.000170642819540934e+00	1.000170642819540774e+02	nan
nan	5.000000000000000000e+05	1.000000000000000000e+02	nan	2.200000000000000000e+03	2.058931650215501286e+00	1.824939958980415500e-01	2.884931539807531961e-02	1.094207708717193750e+00	1.094207708717193839e+02	nan
nan	5.000000000000000000e+05	1.000000000000000000e+02	nan	2.210000000000000000e+03	2.067891373742775762e+00	1.781042542541169671e-01	2.885946487659062434e-02	1.094562302795299313e+00	1.094562302795299331e+02	nan
nan	5.000000000000000000e+05	1.000000000000000000e+02	nan	2.220000000000000000e+03	2.076979393617155445e+00	1.784732456986067306e-01	2.894993470702037636e-02	1.094721261001550872e+00	1.094721261001550801e+02	nan
nan	5.000000000000000000e+05	1.000000000000000000e+02	nan	2.230000000000000000e+03	2.228751099754572529e+00	1.779391214184113390e-01	2.870617293901896530e-02	1.000560472783404764e+00	1.000560472783404862e+02	nan
nan	5.000000000000000000e+05	1.000000000000000000e+02	nan	2.240000000000000000e+03	2.239746495351027988e+00	1.764817366049152014e-01	2.891710284003724471e-02	1.000113187085411637e+00	1.000113187085411539e+02	nan
nan	5.000000000000000000e+05	1.000000000000000000e+02	nan	2.250000000000000000e+03	2.248953478155089947e+00	1.771823261429996132e-01	2.877493263723270717e-02	1.000465418986189237e+00	1.000465418986189263e+02	nan
nan	5.000000000000000000e+05	1.000000000000000000e+02	nan	2.260000000000000000e+03	2.258603411206058897e+00	1.766514038258197028e-01	2.868039992558411508e-02	1.000618436772289899e+00	1.000618436772289783e+02	nan
nan	5.000000000000000000e+05	1.000000000000000000e+02	nan	2.270000000000000000e+03	2.123996537661977158e+00	1.770381765065987267e-01	2.869658565251336294e-02	1.094562862182411944e+00	1.094562862182412175e+02	nan
nan	5.000000000000000000e+05	1.000000000000000000e+02	nan	2.280000000000000000e+03	2.278881964607717414e+00	1.775034586808179327e-01	2.886375789489339927e-02	1.000490814384814797e+00	1.000490814384814797e+02	nan
nan	5.000000000000000000e+05	1.000000000000000000e+02	nan	2.290000000000000000e+03	2.289267536465104058e+00	1.768357269789533892e-01	2.871319852891126428e-02	1.000320009122038112e+00	1.000320009122038272e+02	nan
nan	5.000000000000000000e+05	1.000000000000000000e+02	nan	2.300000000000000000e+03	2.151954155241978306e+00	1.787561374361744115e-01	2.876520392253215791e-02	1.094373741394391697e+00	1.094373741394391857e+02	nan
nan	5.000000000000000000e+05	1.000000000000000000e+02	nan	2.310000000000000000e+03	2.161438017206511741e+00	1.775698797736564860e-01	2.888103374135492923e-02	1.094589977424667016e+00	1.094589977424666785e+02	nan
nan	5.000000000000000000e+05	1.000000000000000000e+02	nan	2.320000000000000000e+03	2.319094153351124898e+00	1.774205876124605730e-01	2.883894769796548421e-02	1.000390779036960165e+00	1.000390779036960396e+02	nan
nan	5.000000000000000000e+05	1.000000000000000000e+02	nan	2.330000000000000000e+03	2.180271373249238476e+00	1.754923040619330021e-01	2.873021038260333698e-02	1.094500173519650676e+00	1.094500173519650872e+02	nan
nan	5.000000000000000000e+05	1.000000000000000000e+02	nan	2.340000000000000000e+03	2.189546775921254795e+00	1.789310344385533214e-01	2.874302895227471427e-02	1.094438360789049103e+00	1.094438360789049085e+02	nan
nan	5.000000000000000000e+05	1.000000000000000000e+02	nan	2.350000000000000000e+03	2.348963919058769445e+00	1.788528580402615753e-01	2.898231367118794810e-02	1.000441215865145450e+00	1.000441215865145779e+02	nan
nan	5.000000000000000000e+05	1.000000000000000000e+02	nan	2.360000000000000000e+03	2.358946834631842737e+00	1.771625155338887869e-01	2.884262791639195106e-02	1.000446493400568126e+00	1.000446493400567931e+02	nan
nan	5.000000000000000000e+05	1.000000000000000000e+02	nan	2.370000000000000000e+03	2.217394479548099984e+00	1.780695624347755912e-01	2.873966510453465628e-02	1.094711455765671637e+00	1.094711455765671815e+02	nan
nan	5.000000000000000000e+05	1.000000000000000000e+02	nan	2.380000000000000000e+03	2.379683498889153093e+00	1.772728939326477238e-01	2.857155579580307816e-02	1.000133004815757953e+00	1.000133004815757829e+02	nan
nan	5.000000000000000000e+05	1.000000000000000000e+02	nan	2.390000000000000000e+03	2.387792433943013659e+00	1.770754374497872929e-01	2.936424663127094534e-02	1.000924605878245721e+00	1.000924605878245757e+02	nan
nan	5.000000000000000000e+05	1.000000000000000000e+02	nan	2.400000000000000000e+03	2.398687240546860444e+00	1.772018924396673856e-01	2.853484493372645397e-02	1.000547396013160339e+00	1.000547396013160153e+02	nan
nan	5.000000000000000000e+05	1.000000000000000000e+02	nan	2.410000000000000000e+03	2.409140444881813892e+00	1.785090798213110896e-01	2.859671228450667152e-02	1.000356955024334749e+00	1.000356955024334695e+02	nan
nan	5.000000000000000000e+05	1.000000000000000000e+02	nan	2.420000000000000000e+03	2.418594644506902203e+00	1.772170611285705522e-01	2.871375608930353679e-02	1.000581176455132226e+00	1.000581176455132493e+02	nan
nan	5.000000000000000000e+05	1.000000000000000000e+02	nan	2.430000000000000000e+03	2.423647358259768403e+00	1.768543506116619091e-01	2.853634555949590562e-02	1.002642982546853689e+00	1.002642982546853574e+02	nan
nan	5.000000000000000000e+05	1.000000000000000000e+02	nan	2.440000000000000000e+03	2.438239465979131548e+00	1.780541335722309604e-01	2.862889065197345845e-02	1.000722551491796564e+00	1.000722551491796537e+02	nan
nan	5.000000000000000000e+05	1.000000000000000000e+02	nan	2.450000000000000000e+03	2.449665456344791714e+00	1.773805297740911613e-01	2.860962742088084612e-02	1.000136571268312347e+00	1.000136571268312480e+02	nan
nan	5.000000000000000000e+05	1.000000000000000000e+02	nan	2.460000000000000000e+03	2.456208782915655142e+00	1.771599684677784836e-01	2.843625845014745648e-02	1.001548613175161417e+00	1.001548613175161648e+02	nan
nan	5.000000000000000000e+05	1.000000000000000000e+02	nan	2.470000000000000000e+03	2.466885154362444155e+00	1.775517797179751445e-01	2.884718261821905133e-02	1.001263297294519017e+00	1.001263297294518964e+02	nan
nan	5.000000000000000000e+05	1.000000000000000000e+02	nan	2.480000000000000000e+03	2.478718398669661926e+00	1.774285894211655168e-01	2.865354355290258836e-02	1.000517174123376041e+00	1.000517174123375952e+02	nan
nan	5.000000000000000000e+05	1.000000000000000000e+02	nan	2.490000000000000000e+03	2.489210101647677309e+00	1.783144659420701772e-01	2.850876672296017572e-02	1.000317364414827992e+00	1.000317364414828063e+02	nan
nan	5.000000000000000000e+05	1.000000000000000000e+02	nan	2.500000000000000000e+03	2.498446445511126601e+00	1.774906031610074542e-01	2.870822454848508815e-02	1.000622429476584863e+00	1.000622429476584756e+02	nan
nan	5.000000000000000000e+05	1.000000000000000000e+02	nan	2.510000000000000000e+03	2.508395061752525912e+00	1.779816405576776506e-01	2.830898659311343810e-02	1.000640290874753369e+00	1.000640290874753475e+02	nan
nan	5.000000000000000000e+05	1.000000000000000000e+02	nan	2.520000000000000000e+03	2.515928585700839992e+00	1.759167009848560947e-01	2.834628474684658395e-02	1.001619238852148763e+00	1.001619238852148470e+02	nan
nan	5.000000000000000000e+05	1.000000000000000000e+02	nan	2.530000000000000000e+03	2.527970840680882070e+00	1.761825530422736485e-01	2.841095182808185335e-02	1.000803342476174196e+00	1.000803342476174009e+02	nan
nan	5.000000000000000000e+05	1.000000000000000000e+02	nan	2.540000000000000000e+03	2.538872736719895329e+00	1.767793988797715099e-01	2.846680061611719936e-02	1.000444199166743653e+00	1.000444199166743573e+02	nan
nan	5.000000000000000000e+05	1.000000000000000000e+02	nan	2.550000000000000000e+03	2.548762251921380173e+00	1.766689998656078286e-01	2.856759916227415846e-02	1.000485761360935033e+00	1.000485761360935157e+02	nan
