# SourcePhotonFlux	NumberRaysSurvived	PercentageRaysSurvived	PhotonFlux	PhotonEnergy	Bandwidth	HorizontalFocusFWHM	VerticalFocusFWHM	EnergyPerMilPerBw	FluxPerMilPerBwPerc	FluxPerMilPerBwAbs
nan	1.000000000000000000e+05	2.000000000000000000e+01	nan	1.000000000000000000e+01	9.996323196833998420e-03	3.955860638621312708e-02	1.923876474406197717e-02	2.000735730262625245e-01	2.000735730262625367e+01	nan
nan	1.000000000000000000e+05	2.000000000000000000e+01	nan	1.200000000000000000e+01	1.122714404633004190e-02	3.903878930041598111e-02	1.716254709811953355e-02	2.189125661703957559e-01	2.189125661703958059e+01	nan
nan	1.000000000000000000e+05	2.000000000000000000e+01	nan	1.400000000000000000e+01	1.398339435581817669e-02	3.820937952012591621e-02	1.606068141837498423e-02	2.002381131969905859e-01	2.002381131969905681e+01	nan
nan	1.000000000000000000e+05	2.000000000000000000e+01	nan	1.600000000000000000e+01	1.599162820737490276e-02	3.914667742157919295e-02	1.508547868170389064e-02	2.001047404141653718e-01	2.001047404141653985e+01	nan
nan	1.000000000000000000e+05	2.000000000000000000e+01	nan	1.800000000000000000e+01	1.798155375288502250e-02	3.785647511869302817e-02	1.422949599718049095e-02	2.002056093059539632e-01	2.002056093059539776e+01	nan
nan	1.000000000000000000e+05	2.000000000000000000e+01	nan	2.000000000000000000e+01	1.998155503983696166e-02	3.766927014466993351e-02	1.371995540576127423e-02	2.001850354275963306e-01	2.001850354275963895e+01	nan
nan	1.000000000000000000e+05	2.000000000000000000e+01	nan	2.200000000000000000e+01	2.199126626474310481e-02	3.729188733943636369e-02	1.319467519744993780e-02	2.000794420411319829e-01	2.000794420411320473e+01	nan
nan	1.000000000000000000e+05	2.000000000000000000e+01	nan	2.400000000000000000e+01	2.398272643559209993e-02	3.715138717350417730e-02	1.271024183230970092e-02	2.001441580026412370e-01	2.001441580026412481e+01	nan
nan	1.000000000000000000e+05	2.000000000000000000e+01	nan	2.600000000000000000e+01	2.599308837335570499e-02	3.698627754413275071e-02	1.259509649488423956e-02	2.000531867924357776e-01	2.000531867924357599e+01	nan
nan	1.000000000000000000e+05	2.000000000000000000e+01	nan	2.800000000000000000e+01	2.796610396236474255e-02	3.698461059319962940e-02	1.187343861718852950e-02	2.002432935254803148e-01	2.002432935254803326e+01	nan
nan	1.000000000000000000e+05	2.000000000000000000e+01	nan	3.000000000000000000e+01	2.997834866303265150e-02	3.727866965472891730e-02	1.165129352641215699e-02	2.001445007186048175e-01	2.001445007186047675e+01	nan
nan	1.000000000000000000e+05	2.000000000000000000e+01	nan	3.200000000000000000e+01	3.198967227915432143e-02	3.646698372989233550e-02	1.131220554232910402e-02	2.000645745747489102e-01	2.000645745747489102e+01	nan
nan	1.000000000000000000e+05	2.000000000000000000e+01	nan	3.400000000000000000e+01	3.398396755025941823e-02	3.699401722315998758e-02	1.103545472389655044e-02	2.000943660502705890e-01	2.000943660502705868e+01	nan
nan	1.000000000000000000e+05	2.000000000000000000e+01	nan	3.600000000000000000e+01	3.597472752381349753e-02	3.642300394153800275e-02	1.078389458250634050e-02	2.001405354299657657e-01	2.001405354299657446e+01	nan
nan	1.000000000000000000e+05	2.000000000000000000e+01	nan	3.800000000000000000e+01	3.794344396933638924e-02	3.633159881693361071e-02	1.048285267500928888e-02	2.002983450268055188e-01	2.002983450268055066e+01	nan
nan	1.000000000000000000e+05	2.000000000000000000e+01	nan	4.000000000000000000e+01	3.998500205066647661e-02	3.652348611395657418e-02	1.035037534563484733e-02	2.000750455876843803e-01	2.000750455876843859e+01	nan
nan	1.000000000000000000e+05	2.000000000000000000e+01	nan	4.200000000000000000e+01	4.198965671876294520e-02	3.686115798633791268e-02	1.016614812384974975e-02	2.000492710596642743e-01	2.000492710596642354e+01	nan
nan	1.000000000000000000e+05	2.000000000000000000e+01	nan	4.400000000000000000e+01	4.397428802293233685e-02	3.641600420281228268e-02	1.007263691260702407e-02	2.001170144073475821e-01	2.001170144073476109e+01	nan
nan	1.000000000000000000e+05	2.000000000000000000e+01	nan	4.600000000000000000e+01	4.304870087597559986e-02	3.626724814215807197e-02	9.807146674547068468e-03	2.188598310366197397e-01	2.188598310366197808e+01	nan
nan	1.000000000000000000e+05	2.000000000000000000e+01	nan	4.800000000000000000e+01	4.796295650406819100e-02	3.660628050411226381e-02	9.678855767623065903e-03	2.001545655449407657e-01	2.001545655449407590e+01	nan
nan	1.000000000000000000e+05	2.000000000000000000e+01	nan	5.000000000000000000e+01	4.678074346334436251e-02	3.633539639874768662e-02	9.505817230834719134e-03	2.189110510244417218e-01	2.189110510244417540e+01	nan
nan	1.000000000000000000e+05	2.000000000000000000e+01	nan	5.200000000000000000e+01	5.197413382180002955e-02	3.732972884054473750e-02	9.473834321003807291e-03	2.000995929017060637e-01	2.000995929017060249e+01	nan
nan	1.000000000000000000e+05	2.000000000000000000e+01	nan	5.400000000000000000e+01	5.393286628521991311e-02	3.725305654966166308e-02	9.289753294503832332e-03	2.002495862213214683e-01	2.002495862213215005e+01	nan
nan	1.000000000000000000e+05	2.000000000000000000e+01	nan	5.600000000000000000e+01	5.599503946025378986e-02	3.622231178875413155e-02	9.172275603950395470e-03	2.000177179968674890e-01	2.000177179968675034e+01	nan
nan	1.000000000000000000e+05	2.000000000000000000e+01	nan	5.800000000000000000e+01	5.426257885953876536e-02	3.578362416313517202e-02	9.110840135967045172e-03	2.189587344398654101e-01	2.189587344398653812e+01	nan
nan	1.000000000000000000e+05	2.000000000000000000e+01	nan	6.000000000000000000e+01	5.998755430196524990e-02	3.620979983021115067e-02	8.826929690870403272e-03	2.000414949542998200e-01	2.000414949542997789e+01	nan
nan	1.000000000000000000e+05	2.000000000000000000e+01	nan	6.200000000000000000e+01	6.198427836197424601e-02	3.589671206560864081e-02	8.883277736464523233e-03	2.000507305839861749e-01	2.000507305839861516e+01	nan
nan	1.000000000000000000e+05	2.000000000000000000e+01	nan	6.400000000000000000e+01	6.397807575132219426e-02	3.610503787784143798e-02	8.715681409816041642e-03	2.000685681028120388e-01	2.000685681028119944e+01	nan
nan	1.000000000000000000e+05	2.000000000000000000e+01	nan	6.600000000000000000e+01	6.596495630734353077e-02	3.603804979811559006e-02	8.617422594252268503e-03	2.001062786159557016e-01	2.001062786159557305e+01	nan
nan	1.000000000000000000e+05	2.000000000000000000e+01	nan	6.800000000000000000e+01	6.787985772310094201e-02	3.615583155236589546e-02	8.489604016733705988e-03	2.003543564360290019e-01	2.003543564360290219e+01	nan
nan	1.000000000000000000e+05	2.000000000000000000e+01	nan	7.000000000000000000e+01	6.994016532204114234e-02	3.679976821301856466e-02	8.679936241345087219e-03	2.001712047684022500e-01	2.001712047684022622e+01	nan
nan	1.000000000000000000e+05	2.000000000000000000e+01	nan	7.200000000000000000e+01	6.273106662986983884e-02	3.597659031892885828e-02	8.381417727941565046e-03	2.378073264395566544e-01	2.378073264395566255e+01	nan
nan	1.000000000000000000e+05	2.000000000000000000e+01	nan	7.400000000000000000e+01	6.922342435940338767e-02	3.622328908484105658e-02	8.294504499333596459e-03	2.189383489092471824e-01	2.189383489092471535e+01	nan
nan	1.000000000000000000e+05	2.000000000000000000e+01	nan	7.600000000000000000e+01	7.597875828922952268e-02	3.564721264680481561e-02	8.307683521274953492e-03	2.000559356198033656e-01	2.000559356198034067e+01	nan
nan	1.000000000000000000e+05	2.000000000000000000e+01	nan	7.800000000000000000e+01	7.794704289561422972e-02	3.578019593920304942e-02	8.203079249473544526e-03	2.001359467765834455e-01	2.001359467765833955e+01	nan
nan	1.000000000000000000e+05	2.000000000000000000e+01	nan	8.000000000000000000e+01	7.997355170732817209e-02	3.614188171776052533e-02	8.125292185885871904e-03	2.000661444832827485e-01	2.000661444832827129e+01	nan
nan	1.000000000000000000e+05	2.000000000000000000e+01	nan	8.200000000000000000e+01	7.668066831309085229e-02	3.591902963414419364e-02	8.088044711497351449e-03	2.190467869478093799e-01	2.190467869478093732e+01	nan
nan	1.000000000000000000e+05	2.000000000000000000e+01	nan	8.400000000000000000e+01	8.396266234409495433e-02	3.602742547610067458e-02	8.086727839231474396e-03	2.000889748617282748e-01	2.000889748617282393e+01	nan
nan	1.000000000000000000e+05	2.000000000000000000e+01	nan	8.600000000000000000e+01	8.595815119299231311e-02	3.613405593602651150e-02	7.988437080434824741e-03	2.000973954166456736e-01	2.000973954166456537e+01	nan
nan	1.000000000000000000e+05	2.000000000000000000e+01	nan	8.800000000000000000e+01	8.235712773279901810e-02	3.592391849748750171e-02	7.893294709483737737e-03	2.188320313929884298e-01	2.188320313929883909e+01	nan
nan	1.000000000000000000e+05	2.000000000000000000e+01	nan	9.000000000000000000e+01	8.418578140168687940e-02	3.604023571779733925e-02	7.916149319552789540e-03	2.190109116166683856e-01	2.190109116166684089e+01	nan
nan	1.000000000000000000e+05	2.000000000000000000e+01	nan	9.200000000000000000e+01	9.188766442273846313e-02	3.596274249980847826e-02	7.795891970947514335e-03	2.002449384459915049e-01	2.002449384459915294e+01	nan
nan	1.000000000000000000e+05	2.000000000000000000e+01	nan	9.400000000000000000e+01	9.398219039424475507e-02	3.582529197206645727e-02	7.786027812393894396e-03	2.000379048477477772e-01	2.000379048477477539e+01	nan
nan	1.000000000000000000e+05	2.000000000000000000e+01	nan	9.600000000000000000e+01	9.597463972979311531e-02	3.552945840870720684e-02	7.751264444219865650e-03	2.000528561994680266e-01	2.000528561994679677e+01	nan
nan	1.000000000000000000e+05	2.000000000000000000e+01	nan	9.800000000000000000e+01	9.792368801670135736e-02	3.587162638209889787e-02	7.713826313409151078e-03	2.001560699867102888e-01	2.001560699867103210e+01	nan
nan	1.000000000000000000e+05	2.000000000000000000e+01	nan	1.000000000000000000e+02	9.995292852997408883e-02	3.570951774619571945e-02	7.632772914793003842e-03	2.000941969048546376e-01	2.000941969048546554e+01	nan
nan	1.000000000000000000e+05	2.000000000000000000e+01	nan	1.020000000000000000e+02	9.541980010569847681e-02	3.598755617586522904e-02	7.639927381803237813e-03	2.189718614268888752e-01	2.189718614268888786e+01	nan
nan	1.000000000000000000e+05	2.000000000000000000e+01	nan	1.040000000000000000e+02	1.039288444315388943e-01	3.571681042678868934e-02	7.509577203562459342e-03	2.001370098104591766e-01	2.001370098104591833e+01	nan
nan	1.000000000000000000e+05	2.000000000000000000e+01	nan	1.060000000000000000e+02	1.059161786491449736e-01	3.570894329150290508e-02	7.586695919476170620e-03	2.001583497126414035e-01	2.001583497126413747e+01	nan
nan	1.000000000000000000e+05	2.000000000000000000e+01	nan	1.080000000000000000e+02	1.079648827576102088e-01	3.607444508583520365e-02	7.547931994808252179e-03	2.000650759084681984e-01	2.000650759084681596e+01	nan
nan	1.000000000000000000e+05	2.000000000000000000e+01	nan	1.100000000000000000e+02	1.099357741619360340e-01	3.595097333647680193e-02	7.415676794355383072e-03	2.001169134759162582e-01	2.001169134759162205e+01	nan
nan	1.000000000000000000e+05	2.000000000000000000e+01	nan	1.120000000000000000e+02	1.119155036353777222e-01	3.571382120159356105e-02	7.437204696364820185e-03	2.001510432389154437e-01	2.001510432389154559e+01	nan
nan	1.000000000000000000e+05	2.000000000000000000e+01	nan	1.140000000000000000e+02	1.139240128741312308e-01	3.597804842275361542e-02	7.430205337896370228e-03	2.001335810217393651e-01	2.001335810217393529e+01	nan
nan	1.000000000000000000e+05	2.000000000000000000e+01	nan	1.160000000000000000e+02	1.159638376887232869e-01	3.590620639863110336e-02	7.383579312660148997e-03	2.000623905866432128e-01	2.000623905866431684e+01	nan
nan	1.000000000000000000e+05	2.000000000000000000e+01	nan	1.180000000000000000e+02	1.179740266200405979e-01	3.552177179991041628e-02	7.245749193555276087e-03	2.000440359981122407e-01	2.000440359981122285e+01	nan
nan	1.000000000000000000e+05	2.000000000000000000e+01	nan	1.200000000000000000e+02	1.199444817857784062e-01	3.584807207975820864e-02	7.220070582052309435e-03	2.000926266987637925e-01	2.000926266987638158e+01	nan
nan	1.000000000000000000e+05	2.000000000000000000e+01	nan	1.220000000000000000e+02	1.219674731197619710e-01	3.597056955189394112e-02	7.189146976759852245e-03	2.000533427539383791e-01	2.000533427539383879e+01	nan
nan	1.000000000000000000e+05	2.000000000000000000e+01	nan	1.240000000000000000e+02	1.238285802037080441e-01	3.657701923552923728e-02	7.189157679099171701e-03	2.002769795566973765e-01	2.002769795566973698e+01	nan
nan	1.000000000000000000e+05	2.000000000000000000e+01	nan	1.260000000000000000e+02	1.259479883275480550e-01	3.587445321180363772e-02	7.216795169567495269e-03	2.000826186895208192e-01	2.000826186895208636e+01	nan
nan	1.000000000000000000e+05	2.000000000000000000e+01	nan	1.280000000000000000e+02	1.277735931069992059e-01	3.572143215505217684e-02	7.072802478578299815e-03	2.003552967153937880e-01	2.003552967153937914e+01	nan
nan	1.000000000000000000e+05	2.000000000000000000e+01	nan	1.300000000000000000e+02	1.299689534498702503e-01	3.586233507824762579e-02	7.293899592012151496e-03	2.000477760178077935e-01	2.000477760178078057e+01	nan
nan	1.000000000000000000e+05	2.000000000000000000e+01	nan	1.320000000000000000e+02	1.319286393176935246e-01	3.661852140551950102e-02	7.129207422059394630e-03	2.001082292785097416e-01	2.001082292785097394e+01	nan
nan	1.000000000000000000e+05	2.000000000000000000e+01	nan	1.340000000000000000e+02	1.339593135753193720e-01	3.569160375879090741e-02	7.298591066965590297e-03	2.000607573930879290e-01	2.000607573930879113e+01	nan
nan	1.000000000000000000e+05	2.000000000000000000e+01	nan	1.360000000000000000e+02	1.359622793437256505e-01	3.656617837463045639e-02	7.067675833988425020e-03	2.000554934241640104e-01	2.000554934241640126e+01	nan
nan	1.000000000000000000e+05	2.000000000000000000e+01	nan	1.380000000000000000e+02	1.291348542764496066e-01	3.551809541698781880e-02	7.221832930546687526e-03	2.188848363945414266e-01	2.188848363945414377e+01	nan
nan	1.000000000000000000e+05	2.000000000000000000e+01	nan	1.400000000000000000e+02	1.399238734383425053e-01	3.562752409854381269e-02	6.979909088275735966e-03	2.001088884238785004e-01	2.001088884238785681e+01	nan
nan	1.000000000000000000e+05	2.000000000000000000e+01	nan	1.420000000000000000e+02	1.419150039966871335e-01	3.587298240526681087e-02	6.974732354236237546e-03	2.001198224061022102e-01	2.001198224061022302e+01	nan
nan	1.000000000000000000e+05	2.000000000000000000e+01	nan	1.440000000000000000e+02	1.438485341924615468e-01	3.581798464583636765e-02	6.982444902915381328e-03	2.002106303515175656e-01	2.002106303515175156e+01	nan
nan	1.000000000000000000e+05	2.000000000000000000e+01	nan	1.460000000000000000e+02	1.459671744424076711e-01	3.542422350130549485e-02	6.984402928033215177e-03	2.000449798808213164e-01	2.000449798808212876e+01	nan
nan	1.000000000000000000e+05	2.000000000000000000e+01	nan	1.480000000000000000e+02	1.383966866803371665e-01	3.570540649679923573e-02	6.920243141697061603e-03	2.190029310388975081e-01	2.190029310388974793e+01	nan
nan	1.000000000000000000e+05	2.000000000000000000e+01	nan	1.500000000000000000e+02	1.498658645612567786e-01	3.589975721444841478e-02	6.896294141480720230e-03	2.001791240239378933e-01	2.001791240239379377e+01	nan
nan	1.000000000000000000e+05	2.000000000000000000e+01	nan	1.520000000000000000e+02	1.519742372471319103e-01	3.581098503564656560e-02	6.874542455706625192e-03	2.000339048782623919e-01	2.000339048782624474e+01	nan
nan	1.000000000000000000e+05	2.000000000000000000e+01	nan	1.540000000000000000e+02	1.440074881137643203e-01	3.563051855055109074e-02	6.839920664399400281e-03	2.190058917450588005e-01	2.190058917450588538e+01	nan
nan	1.000000000000000000e+05	2.000000000000000000e+01	nan	1.560000000000000000e+02	1.559531988160279270e-01	3.559590125875138067e-02	6.855417144293812944e-03	2.000600357865120194e-01	2.000600357865120316e+01	nan
nan	1.000000000000000000e+05	2.000000000000000000e+01	nan	1.580000000000000000e+02	1.579267015013010589e-01	3.562562907526957423e-02	6.811439549487726015e-03	2.000929029801070125e-01	2.000929029801070058e+01	nan
nan	1.000000000000000000e+05	2.000000000000000000e+01	nan	1.600000000000000000e+02	1.599155732464487278e-01	3.581399322336823593e-02	6.752252097392266381e-03	2.001056316710361771e-01	2.001056316710361926e+01	nan
nan	1.000000000000000000e+05	2.000000000000000000e+01	nan	1.620000000000000000e+02	1.619006618323874103e-01	3.571108819117346095e-02	6.799912269144188677e-03	2.001227577567413207e-01	2.001227577567413363e+01	nan
nan	1.000000000000000000e+05	2.000000000000000000e+01	nan	1.640000000000000000e+02	1.639852770281004235e-01	3.548457638749386717e-02	6.778757748521993358e-03	2.000179565963418893e-01	2.000179565963419392e+01	nan
nan	1.000000000000000000e+05	2.000000000000000000e+01	nan	1.660000000000000000e+02	1.658756281663818499e-01	3.567303544403717386e-02	6.789904564774655246e-03	2.001500367551581616e-01	2.001500367551581760e+01	nan
nan	1.000000000000000000e+05	2.000000000000000000e+01	nan	1.680000000000000000e+02	1.679457551413315597e-01	3.535698825325074568e-02	6.763708962086880869e-03	2.000646110004546396e-01	2.000646110004546330e+01	nan
nan	1.000000000000000000e+05	2.000000000000000000e+01	nan	1.700000000000000000e+02	1.698270836570236475e-01	3.562771391108830732e-02	6.741611815237494483e-03	2.002037749442648895e-01	2.002037749442649073e+01	nan
nan	1.000000000000000000e+05	2.000000000000000000e+01	nan	1.720000000000000000e+02	1.718058075295948728e-01	3.578028801515072133e-02	6.706676996826877943e-03	2.002263828649879507e-01	2.002263828649879329e+01	nan
nan	1.000000000000000000e+05	2.000000000000000000e+01	nan	1.740000000000000000e+02	1.739448312666763696e-01	3.542571828053184269e-02	6.719150087952314825e-03	2.000634434015082230e-01	2.000634434015082164e+01	nan
nan	1.000000000000000000e+05	2.000000000000000000e+01	nan	1.760000000000000000e+02	1.759099492391533182e-01	3.562549132541975583e-02	6.674626439040520429e-03	2.001024436024415321e-01	2.001024436024415465e+01	nan
nan	1.000000000000000000e+05	2.000000000000000000e+01	nan	1.780000000000000000e+02	1.778902426705599171e-01	3.566247054349201695e-02	6.615325555461452900e-03	2.001234288457144073e-01	2.001234288457144217e+01	nan
nan	1.000000000000000000e+05	2.000000000000000000e+01	nan	1.800000000000000000e+02	1.798605024646440231e-01	3.570016280155210997e-02	6.766907253130003026e-03	2.001552334767168484e-01	2.001552334767168517e+01	nan
nan	1.000000000000000000e+05	2.000000000000000000e+01	nan	1.820000000000000000e+02	1.819477557468963114e-01	3.576300114176104994e-02	6.805719048133348874e-03	2.000574322180520004e-01	2.000574322180519715e+01	nan
nan	1.000000000000000000e+05	2.000000000000000000e+01	nan	1.840000000000000000e+02	1.839177494736077279e-01	3.550371143635988602e-02	6.564707754366111599e-03	2.000894804927577098e-01	2.000894804927577297e+01	nan
nan	1.000000000000000000e+05	2.000000000000000000e+01	nan	1.860000000000000000e+02	1.859349062502133054e-01	3.572929364757605752e-02	6.588143223757325466e-03	2.000700398144057424e-01	2.000700398144057957e+01	nan
nan	1.000000000000000000e+05	2.000000000000000000e+01	nan	1.880000000000000000e+02	1.879595429641631177e-01	3.562904084756363804e-02	6.637754404485214470e-03	2.000430510085054736e-01	2.000430510085054792e+01	nan
nan	1.000000000000000000e+05	2.000000000000000000e+01	nan	1.900000000000000000e+02	1.899779294818108588e-01	3.546035280481635993e-02	6.559008686003972230e-03	2.000232352162787941e-01	2.000232352162787919e+01	nan
nan	1.000000000000000000e+05	2.000000000000000000e+01	nan	1.920000000000000000e+02	1.918421734083995134e-01	3.543686500897368780e-02	6.512242489821976066e-03	2.001646477760535281e-01	2.001646477760535703e+01	nan
nan	1.000000000000000000e+05	2.000000000000000000e+01	nan	1.940000000000000000e+02	1.939015033012674305e-01	3.547171303831063438e-02	6.577173223861724691e-03	2.001016380092489333e-01	2.001016380092489300e+01	nan
nan	1.000000000000000000e+05	2.000000000000000000e+01	nan	1.960000000000000000e+02	1.958586604181164204e-01	3.522886366225611021e-02	6.572319174050792086e-03	2.001444832696561704e-01	2.001444832696561704e+01	nan
nan	1.000000000000000000e+05	2.000000000000000000e+01	nan	1.980000000000000000e+02	1.978659128964773140e-01	3.562706375689370791e-02	6.558838228560188999e-03	2.001357212832107213e-01	2.001357212832106569e+01	nan
nan	1.000000000000000000e+05	2.000000000000000000e+01	nan	2.000000000000000000e+02	1.998836701911659575e-01	3.540015509179004344e-02	6.500119077533515581e-03	2.001164412657693015e-01	2.001164412657693248e+01	nan
nan	1.000000000000000000e+05	2.000000000000000000e+01	nan	2.020000000000000000e+02	2.019343007247834942e-01	3.589150531118897453e-02	6.468877491099149675e-03	2.000650918925200306e-01	2.000650918925200372e+01	nan
nan	1.000000000000000000e+05	2.000000000000000000e+01	nan	2.040000000000000000e+02	2.039197790590606130e-01	3.585938779648729230e-02	6.455882554682973624e-03	2.000787182430794342e-01	2.000787182430794431e+01	nan
nan	1.000000000000000000e+05	2.000000000000000000e+01	nan	2.060000000000000000e+02	2.059002540489564270e-01	3.527735745745924634e-02	6.388015206169227016e-03	2.000969079329447398e-01	2.000969079329447453e+01	nan
nan	1.000000000000000000e+05	2.000000000000000000e+01	nan	2.080000000000000000e+02	2.078922333719037674e-01	3.564848726970116372e-02	6.450103776790450105e-03	2.001037159011926359e-01	2.001037159011926292e+01	nan
nan	1.000000000000000000e+05	2.000000000000000000e+01	nan	2.100000000000000000e+02	2.099326116647625695e-01	3.564708002004159104e-02	6.396787472012663463e-03	2.000642197315689041e-01	2.000642197315688975e+01	nan
nan	1.000000000000000000e+05	2.000000000000000000e+01	nan	2.120000000000000000e+02	1.982932107471298555e-01	3.552827443683431730e-02	6.456599847446268040e-03	2.189737040649389344e-01	2.189737040649388788e+01	nan
nan	1.000000000000000000e+05	2.000000000000000000e+01	nan	2.140000000000000000e+02	2.139070147177517534e-01	3.576585108076791447e-02	6.473896287472828345e-03	2.000869543111238047e-01	2.000869543111237547e+01	nan
nan	1.000000000000000000e+05	2.000000000000000000e+01	nan	2.160000000000000000e+02	2.159163576429636855e-01	3.532165248168287613e-02	6.394972307725147083e-03	2.000774957724050229e-01	2.000774957724049941e+01	nan
nan	1.000000000000000000e+05	2.000000000000000000e+01	nan	2.180000000000000000e+02	2.179597957023998167e-01	3.540252894178219645e-02	6.366185546322652815e-03	2.000368937002062197e-01	2.000368937002061998e+01	nan
nan	1.000000000000000000e+05	2.000000000000000000e+01	nan	2.200000000000000000e+02	2.199561054134574201e-01	3.556490900864175270e-02	6.399068872098278085e-03	2.000399135476607082e-01	2.000399135476607526e+01	nan
nan	1.000000000000000000e+05	2.000000000000000000e+01	nan	2.220000000000000000e+02	2.217327050802396227e-01	3.561656783038164714e-02	6.511866542735458840e-03	2.002411683054897140e-01	2.002411683054896940e+01	nan
nan	1.000000000000000000e+05	2.000000000000000000e+01	nan	2.240000000000000000e+02	2.239306066393510208e-01	3.565303804200770782e-02	6.376197462664860531e-03	2.000619879982585836e-01	2.000619879982586369e+01	nan
nan	1.000000000000000000e+05	2.000000000000000000e+01	nan	2.260000000000000000e+02	2.114325900361523625e-01	3.553254878897035146e-02	6.328283728852387817e-03	2.189604440985287448e-01	2.189604440985287326e+01	nan
nan	1.000000000000000000e+05	2.000000000000000000e+01	nan	2.280000000000000000e+02	2.278495025108077388e-01	3.562024285333548201e-02	6.334878153167381939e-03	2.001321457025833639e-01	2.001321457025833439e+01	nan
nan	1.000000000000000000e+05	2.000000000000000000e+01	nan	2.300000000000000000e+02	2.298227882301398517e-01	3.552385617308330412e-02	6.360020316417878961e-03	2.001542642939804773e-01	2.001542642939805106e+01	nan
nan	1.000000000000000000e+05	2.000000000000000000e+01	nan	2.320000000000000000e+02	2.318842866274371806e-01	3.571198965612136511e-02	6.344745138212789896e-03	2.000998646916335721e-01	2.000998646916335488e+01	nan
nan	1.000000000000000000e+05	2.000000000000000000e+01	nan	2.340000000000000000e+02	2.339434100914240811e-01	3.559036576435796462e-02	6.321951175554646474e-03	2.000483836328963982e-01	2.000483836328964315e+01	nan
nan	1.000000000000000000e+05	2.000000000000000000e+01	nan	2.360000000000000000e+02	2.358496832083983585e-01	3.564093436351058880e-02	6.310834190252774881e-03	2.001274914074559486e-01	2.001274914074559774e+01	nan
nan	1.000000000000000000e+05	2.000000000000000000e+01	nan	2.380000000000000000e+02	2.379207617051997681e-01	3.552205620572818079e-02	6.242823674750592848e-03	2.000666143287866683e-01	2.000666143287866561e+01	nan
nan	1.000000000000000000e+05	2.000000000000000000e+01	nan	2.400000000000000000e+02	2.398861020812182721e-01	3.587214869394487332e-02	6.452237773930456603e-03	2.000950520482061012e-01	2.000950520482060568e+01	nan
nan	1.000000000000000000e+05	2.000000000000000000e+01	nan	2.420000000000000000e+02	2.419058123019931228e-01	3.580503516164544597e-02	6.280891838319322198e-03	2.000778882974307005e-01	2.000778882974306683e+01	nan
nan	1.000000000000000000e+05	2.000000000000000000e+01	nan	2.440000000000000000e+02	2.437173252543834712e-01	3.571683049474307092e-02	6.273213138091544849e-03	2.002320794220746047e-01	2.002320794220745981e+01	nan
nan	1.000000000000000000e+05	2.000000000000000000e+01	nan	2.460000000000000000e+02	2.459296314467610267e-01	3.491807719587094322e-02	6.373892659956898084e-03	2.000572429812203235e-01	2.000572429812203623e+01	nan
nan	1.000000000000000000e+05	2.000000000000000000e+01	nan	2.480000000000000000e+02	2.478984747110280495e-01	3.556600006835185235e-02	6.258513432900718147e-03	2.000819277141038799e-01	2.000819277141038910e+01	nan
nan	1.000000000000000000e+05	2.000000000000000000e+01	nan	2.500000000000000000e+02	2.499147703518064811e-01	3.562412518070365297e-02	6.265976390428943874e-03	2.000682148162640783e-01	2.000682148162641028e+01	nan
nan	1.000000000000000000e+05	2.000000000000000000e+01	nan	2.520000000000000000e+02	2.519252495702403172e-01	3.574198529886639386e-02	6.246888779119963778e-03	2.000593501455636969e-01	2.000593501455637124e+01	nan
nan	1.000000000000000000e+05	2.000000000000000000e+01	nan	2.540000000000000000e+02	2.539251231764410588e-01	3.542852100222691758e-02	6.158084512219354038e-03	2.000589797404935533e-01	2.000589797404935410e+01	nan
nan	1.000000000000000000e+05	2.000000000000000000e+01	nan	2.560000000000000000e+02	2.559115488185489395e-01	3.545401469460414401e-02	6.226886914411979349e-03	2.000691282870261656e-01	2.000691282870261745e+01	nan
nan	1.000000000000000000e+05	2.000000000000000000e+01	nan	2.580000000000000000e+02	2.578105772904382142e-01	3.570462152166004738e-02	6.228534920136476541e-03	2.001470760295491758e-01	2.001470760295492113e+01	nan
nan	1.000000000000000000e+05	2.000000000000000000e+01	nan	2.600000000000000000e+02	2.599432462339791305e-01	3.563661375361328043e-02	6.228379013062627402e-03	2.000436694694123219e-01	2.000436694694123574e+01	nan
nan	1.000000000000000000e+05	2.000000000000000000e+01	nan	2.620000000000000000e+02	2.618023120613542920e-01	3.568968314437079986e-02	6.197504604685917171e-03	2.001511187961645677e-01	2.001511187961646243e+01	nan
nan	1.000000000000000000e+05	2.000000000000000000e+01	nan	2.640000000000000000e+02	2.639072466878770173e-01	3.518279783246978931e-02	6.193444272050374622e-03	2.000703122113939025e-01	2.000703122113939258e+01	nan
nan	1.000000000000000000e+05	2.000000000000000000e+01	nan	2.660000000000000000e+02	2.659132958343980446e-01	3.557860748389873873e-02	6.181300424800658007e-03	2.000652169838286198e-01	2.000652169838286198e+01	nan
nan	1.000000000000000000e+05	2.000000000000000000e+01	nan	2.680000000000000000e+02	2.678382478748699280e-01	3.552651155448493386e-02	6.162903077875489868e-03	2.001208275674100923e-01	2.001208275674100889e+01	nan
nan	1.000000000000000000e+05	2.000000000000000000e+01	nan	2.700000000000000000e+02	2.698725794612800710e-01	3.570564135533650651e-02	6.176137421300956741e-03	2.000944585340596882e-01	2.000944585340597115e+01	nan
nan	1.000000000000000000e+05	2.000000000000000000e+01	nan	2.720000000000000000e+02	2.718897193291650582e-01	3.553106083893262795e-02	6.194824406666239562e-03	2.000811262754654540e-01	2.000811262754654507e+01	nan
nan	1.000000000000000000e+05	2.000000000000000000e+01	nan	2.740000000000000000e+02	2.738407843278400922e-01	3.533828145297007728e-02	6.161620448833019827e-03	2.001163087091371029e-01	2.001163087091370940e+01	nan
nan	1.000000000000000000e+05	2.000000000000000000e+01	nan	2.760000000000000000e+02	2.758082309023939249e-01	3.556288558930214422e-02	6.163563056346242283e-03	2.001391510186923406e-01	2.001391510186923739e+01	nan
nan	1.000000000000000000e+05	2.000000000000000000e+01	nan	2.780000000000000000e+02	2.778977876083809084e-01	3.578860720389041850e-02	6.134799955231287974e-03	2.000735819804616844e-01	2.000735819804616966e+01	nan
nan	1.000000000000000000e+05	2.000000000000000000e+01	nan	2.800000000000000000e+02	2.799679655281761548e-01	3.572514647226425477e-02	6.176876558641153717e-03	2.000228845727630989e-01	2.000228845727630755e+01	nan
nan	1.000000000000000000e+05	2.000000000000000000e+01	nan	2.820000000000000000e+02	2.818645841816578290e-01	3.555687569345038213e-02	6.116061415835405066e-03	2.000961550546882517e-01	2.000961550546882606e+01	nan
nan	1.000000000000000000e+05	2.000000000000000000e+01	nan	2.840000000000000000e+02	2.835546474352668156e-01	3.639967078390010657e-02	6.129196050209275923e-03	2.003151738438397889e-01	2.003151738438397800e+01	nan
nan	1.000000000000000000e+05	2.000000000000000000e+01	nan	2.860000000000000000e+02	2.859006214476266794e-01	3.580799886442585789e-02	6.074296861763988156e-03	2.000695564506746182e-01	2.000695564506746038e+01	nan
nan	1.000000000000000000e+05	2.000000000000000000e+01	nan	2.880000000000000000e+02	2.877653801478755047e-01	3.574864594602287365e-02	6.085524269545573503e-03	2.001631415693310712e-01	2.001631415693310956e+01	nan
nan	1.000000000000000000e+05	2.000000000000000000e+01	nan	2.900000000000000000e+02	2.899258273565464838e-01	3.569753949377797719e-02	6.249865353830198929e-03	2.000511720107324420e-01	2.000511720107324010e+01	nan
nan	1.000000000000000000e+05	2.000000000000000000e+01	nan	2.920000000000000000e+02	2.918831028903787206e-01	3.571786430273782287e-02	6.062496718757477698e-03	2.000801121794144599e-01	2.000801121794144777e+01	nan
nan	1.000000000000000000e+05	2.000000000000000000e+01	nan	2.940000000000000000e+02	2.748996619619457626e-01	3.543618474134745816e-02	6.082059145900349864e-03	2.190077229855161567e-01	2.190077229855161534e+01	nan
nan	1.000000000000000000e+05	2.000000000000000000e+01	nan	2.960000000000000000e+02	2.951024970022717575e-01	3.539547370280175104e-02	6.085024315591998356e-03	2.006113995539756945e-01	2.006113995539756800e+01	nan
nan	1.000000000000000000e+05	2.000000000000000000e+01	nan	2.980000000000000000e+02	2.978738119456193489e-01	3.543189088797208536e-02	6.045529415034639475e-03	2.000847359679889248e-01	2.000847359679889337e+01	nan
nan	1.000000000000000000e+05	2.000000000000000000e+01	nan	3.000000000000000000e+02	2.998832321284317093e-01	3.544277297914057157e-02	6.043352967900193252e-03	2.000779153778604602e-01	2.000779153778604424e+01	nan
nan	1.000000000000000000e+05	2.000000000000000000e+01	nan	3.020000000000000000e+02	2.824514174237381381e-01	3.591386740462870764e-02	6.051558462667467990e-03	2.189569793259365793e-01	2.189569793259365582e+01	nan
nan	1.000000000000000000e+05	2.000000000000000000e+01	nan	3.040000000000000000e+02	3.038535230588695346e-01	3.561224551226960938e-02	6.055080880913989334e-03	2.000964659779769228e-01	2.000964659779769050e+01	nan
nan	1.000000000000000000e+05	2.000000000000000000e+01	nan	3.060000000000000000e+02	3.057823745027599127e-01	3.546727812686399639e-02	6.020032911007167087e-03	2.001424740121235946e-01	2.001424740121235502e+01	nan
nan	1.000000000000000000e+05	2.000000000000000000e+01	nan	3.080000000000000000e+02	2.880578619031685106e-01	3.531916772000062710e-02	6.061153464110442465e-03	2.190117597662358528e-01	2.190117597662358406e+01	nan
nan	1.000000000000000000e+05	2.000000000000000000e+01	nan	3.100000000000000000e+02	3.098699737917741115e-01	3.563667405998963839e-02	6.061257221479367414e-03	2.000839347730754836e-01	2.000839347730754980e+01	nan
nan	1.000000000000000000e+05	2.000000000000000000e+01	nan	3.120000000000000000e+02	3.118600572228842904e-01	3.570488894233493637e-02	6.064556553721903859e-03	2.000897641095997215e-01	2.000897641095997415e+01	nan
nan	1.000000000000000000e+05	2.000000000000000000e+01	nan	3.140000000000000000e+02	3.134845782718184704e-01	3.553596938494104490e-02	6.072864833038284053e-03	2.003290409931737792e-01	2.003290409931737415e+01	nan
nan	1.000000000000000000e+05	2.000000000000000000e+01	nan	3.160000000000000000e+02	3.158448266498271595e-01	3.567242938303755162e-02	5.945882851072026645e-03	2.000982897619370815e-01	2.000982897619370959e+01	nan
nan	1.000000000000000000e+05	2.000000000000000000e+01	nan	3.180000000000000000e+02	3.179311476733800990e-01	3.546169996981236860e-02	6.004878207192120183e-03	2.000433166014844721e-01	2.000433166014844488e+01	nan
nan	1.000000000000000000e+05	2.000000000000000000e+01	nan	3.200000000000000000e+02	3.199192126718662932e-01	3.519272969616447921e-02	6.031374501534166564e-03	2.000505089415771098e-01	2.000505089415770854e+01	nan
nan	1.000000000000000000e+05	2.000000000000000000e+01	nan	3.220000000000000000e+02	3.215127541211950102e-01	3.546078720890577518e-02	6.020351858618329388e-03	2.003038981511083283e-01	2.003038981511083350e+01	nan
nan	1.000000000000000000e+05	2.000000000000000000e+01	nan	3.240000000000000000e+02	3.031669400674353865e-01	3.528423653352178585e-02	5.994863752116845815e-03	2.189045819305168727e-01	2.189045819305168195e+01	nan
nan	1.000000000000000000e+05	2.000000000000000000e+01	nan	3.260000000000000000e+02	3.050650036689376843e-01	3.557022282695330995e-02	5.953472243367317202e-03	2.188308779956386341e-01	2.188308779956386374e+01	nan
nan	1.000000000000000000e+05	2.000000000000000000e+01	nan	3.280000000000000000e+02	3.279070690794105847e-01	3.549456569507999232e-02	6.010021541450174566e-03	2.000566890941768428e-01	2.000566890941768605e+01	nan
nan	1.000000000000000000e+05	2.000000000000000000e+01	nan	3.300000000000000000e+02	3.087248263426527473e-01	3.567860443240673807e-02	5.993954100647394187e-03	2.189072480522973319e-01	2.189072480522973407e+01	nan
nan	1.000000000000000000e+05	2.000000000000000000e+01	nan	3.320000000000000000e+02	3.315311276825468889e-01	3.557514087002163622e-02	6.127601097879838664e-03	2.002833820539396403e-01	2.002833820539396470e+01	nan
nan	1.000000000000000000e+05	2.000000000000000000e+01	nan	3.340000000000000000e+02	3.339283058703040319e-01	3.556991192241629185e-02	5.993647419807838182e-03	2.000429507130109807e-01	2.000429507130110451e+01	nan
nan	1.000000000000000000e+05	2.000000000000000000e+01	nan	3.360000000000000000e+02	3.358298099004696224e-01	3.550372264846332615e-02	5.992074794481261173e-03	2.001014051024926632e-01	2.001014051024926488e+01	nan
nan	1.000000000000000000e+05	2.000000000000000000e+01	nan	3.380000000000000000e+02	3.377729699441806566e-01	3.551186606722823991e-02	6.010147240110480515e-03	2.001345510999960331e-01	2.001345510999960098e+01	nan
nan	1.000000000000000000e+05	2.000000000000000000e+01	nan	3.400000000000000000e+02	3.399109020835203721e-01	3.555276827203347756e-02	5.954888729201424265e-03	2.000524310476906042e-01	2.000524310476905754e+01	nan
nan	1.000000000000000000e+05	2.000000000000000000e+01	nan	3.420000000000000000e+02	3.417815920216981107e-01	3.561733185238234733e-02	5.930872489551793428e-03	2.001278585387228082e-01	2.001278585387228048e+01	nan
nan	1.000000000000000000e+05	2.000000000000000000e+01	nan	3.440000000000000000e+02	3.437981694494101070e-01	3.563109291936433082e-02	5.935632677128166619e-03	2.001174794969040605e-01	2.001174794969040960e+01	nan
nan	1.000000000000000000e+05	2.000000000000000000e+01	nan	3.460000000000000000e+02	3.457963826562536203e-01	3.561809598777089525e-02	5.937284506287253578e-03	2.001178543353494543e-01	2.001178543353494632e+01	nan
nan	1.000000000000000000e+05	2.000000000000000000e+01	nan	3.480000000000000000e+02	3.477163144844416798e-01	3.571982773263367855e-02	5.933502584995041344e-03	2.001633432426065951e-01	2.001633432426066150e+01	nan
nan	1.000000000000000000e+05	2.000000000000000000e+01	nan	3.500000000000000000e+02	3.498114996251296960e-01	3.566728995076318826e-02	5.953469510096155715e-03	2.001078075134130607e-01	2.001078075134130430e+01	nan
nan	1.000000000000000000e+05	2.000000000000000000e+01	nan	3.520000000000000000e+02	3.292116520466594753e-01	3.517454797279660761e-02	5.971955962312900518e-03	2.189894684452500795e-01	2.189894684452500684e+01	nan
nan	1.000000000000000000e+05	2.000000000000000000e+01	nan	3.540000000000000000e+02	3.539246521041786719e-01	3.566030569211082329e-02	5.898083313926709426e-03	2.000425825309217198e-01	2.000425825309216776e+01	nan
nan	1.000000000000000000e+05	2.000000000000000000e+01	nan	3.560000000000000000e+02	3.557869274338827381e-01	3.540470372948788941e-02	5.927619795398921497e-03	2.001198285088457429e-01	2.001198285088457141e+01	nan
nan	1.000000000000000000e+05	2.000000000000000000e+01	nan	3.580000000000000000e+02	3.576142144691766278e-01	3.556421260678259422e-02	5.897938340834911648e-03	2.002159395847748213e-01	2.002159395847748158e+01	nan
nan	1.000000000000000000e+05	2.000000000000000000e+01	nan	3.600000000000000000e+02	3.368378887377489472e-01	3.542060494903741946e-02	5.902944217102400540e-03	2.188875344963393255e-01	2.188875344963393133e+01	nan
nan	1.000000000000000000e+05	2.000000000000000000e+01	nan	3.620000000000000000e+02	3.618719289871114575e-01	3.548044159429345618e-02	5.909503703462269317e-03	2.000708332654589638e-01	2.000708332654590293e+01	nan
nan	1.000000000000000000e+05	2.000000000000000000e+01	nan	3.640000000000000000e+02	3.637959004094136750e-01	3.528483726863064496e-02	5.952520813265334623e-03	2.001122685720745642e-01	2.001122685720745409e+01	nan
nan	1.000000000000000000e+05	2.000000000000000000e+01	nan	3.660000000000000000e+02	3.657349279209756721e-01	3.547170239412119480e-02	5.895093863861785612e-03	2.001450958775982669e-01	2.001450958775982514e+01	nan
nan	1.000000000000000000e+05	2.000000000000000000e+01	nan	3.680000000000000000e+02	3.677271238803677678e-01	3.557012732570380420e-02	5.938009681699161699e-03	2.001485050845091540e-01	2.001485050845091251e+01	nan
nan	1.000000000000000000e+05	2.000000000000000000e+01	nan	3.700000000000000000e+02	3.698632591379100720e-01	3.578452475639904568e-02	5.924881157192026654e-03	2.000739584014604444e-01	2.000739584014604588e+01	nan
nan	1.000000000000000000e+05	2.000000000000000000e+01	nan	3.720000000000000000e+02	3.718654773381058765e-01	3.557400619560757704e-02	5.859532993286531780e-03	2.000723890977812169e-01	2.000723890977812047e+01	nan
nan	1.000000000000000000e+05	2.000000000000000000e+01	nan	3.740000000000000000e+02	3.732044974845666330e-01	3.549405756048377297e-02	5.869042155985613844e-03	2.004289827369880039e-01	2.004289827369880328e+01	nan
nan	1.000000000000000000e+05	2.000000000000000000e+01	nan	3.760000000000000000e+02	3.759150016303919872e-01	3.566980831643432742e-02	5.899408747061814402e-03	2.000452246635668896e-01	2.000452246635668985e+01	nan
nan	1.000000000000000000e+05	2.000000000000000000e+01	nan	3.780000000000000000e+02	3.777947489166763040e-01	3.536235597785790385e-02	5.839795449541376401e-03	2.001087515608968859e-01	2.001087515608968914e+01	nan
nan	1.000000000000000000e+05	2.000000000000000000e+01	nan	3.800000000000000000e+02	3.798431621398049574e-01	3.554569138776800946e-02	5.870887120596849328e-03	2.000825978725831733e-01	2.000825978725831789e+01	nan
nan	1.000000000000000000e+05	2.000000000000000000e+01	nan	3.820000000000000000e+02	3.818140221895919284e-01	3.540275742254329200e-02	5.881757999166871247e-03	2.000974504391165032e-01	2.000974504391164643e+01	nan
nan	1.000000000000000000e+05	2.000000000000000000e+01	nan	3.840000000000000000e+02	3.838455610413802899e-01	3.568925596631566943e-02	5.870438941859677448e-03	2.000804987020556869e-01	2.000804987020556780e+01	nan
nan	1.000000000000000000e+05	2.000000000000000000e+01	nan	3.860000000000000000e+02	3.858847054505167851e-01	3.567397777409919007e-02	5.804781629570889522e-03	2.000597628726320798e-01	2.000597628726320920e+01	nan
nan	1.000000000000000000e+05	2.000000000000000000e+01	nan	3.880000000000000000e+02	3.628462658597315649e-01	3.539122950021399150e-02	5.816086934304809559e-03	2.190041787555457309e-01	2.190041787555457375e+01	nan
nan	1.000000000000000000e+05	2.000000000000000000e+01	nan	3.900000000000000000e+02	3.897383179795997354e-01	3.543558025582597276e-02	5.866693415992317064e-03	2.001344330118288717e-01	2.001344330118288539e+01	nan
nan	1.000000000000000000e+05	2.000000000000000000e+01	nan	3.920000000000000000e+02	3.918568376627172278e-01	3.558266567256261614e-02	5.839193610683936914e-03	2.000730927176432028e-01	2.000730927176431706e+01	nan
nan	1.000000000000000000e+05	2.000000000000000000e+01	nan	3.940000000000000000e+02	3.685588437284052499e-01	3.544645052797788798e-02	5.867964608719375939e-03	2.189653029752496871e-01	2.189653029752496849e+01	nan
nan	1.000000000000000000e+05	2.000000000000000000e+01	nan	3.960000000000000000e+02	3.705658637998637261e-01	3.555966122853505829e-02	5.838189352687242831e-03	2.188528221574012333e-01	2.188528221574012278e+01	nan
nan	1.000000000000000000e+05	2.000000000000000000e+01	nan	3.980000000000000000e+02	3.976525369714272728e-01	3.535051934186146660e-02	5.901445338071032928e-03	2.001751902024203333e-01	2.001751902024203389e+01	nan
nan	1.000000000000000000e+05	2.000000000000000000e+01	nan	4.000000000000000000e+02	3.999002433098939879e-01	3.558884449193285004e-02	5.872591901155159097e-03	2.000498960551898298e-01	2.000498960551897909e+01	nan
nan	1.000000000000000000e+05	2.000000000000000000e+01	nan	4.020000000000000000e+02	4.015728191682592652e-01	3.557458270167383751e-02	5.829592032920312070e-03	2.002130725948872425e-01	2.002130725948871870e+01	nan
nan	1.000000000000000000e+05	2.000000000000000000e+01	nan	4.040000000000000000e+02	3.780843108962635979e-01	3.546964388573788096e-02	5.840326064387247988e-03	2.188407670667049110e-01	2.188407670667049132e+01	nan
nan	1.000000000000000000e+05	2.000000000000000000e+01	nan	4.060000000000000000e+02	3.799930074182790718e-01	3.557906141997051186e-02	5.826102033162305904e-03	2.188003719893660270e-01	2.188003719893660559e+01	nan
nan	1.000000000000000000e+05	2.000000000000000000e+01	nan	4.080000000000000000e+02	4.077692992124138938e-01	3.547739011217997118e-02	5.848329059218816683e-03	2.001132078910728695e-01	2.001132078910728396e+01	nan
nan	1.000000000000000000e+05	2.000000000000000000e+01	nan	4.100000000000000000e+02	4.099129050058218371e-01	3.637279040213560466e-02	5.855439660489620939e-03	2.000424971060966450e-01	2.000424971060966328e+01	nan
nan	1.000000000000000000e+05	2.000000000000000000e+01	nan	4.120000000000000000e+02	3.590681997055276686e-01	3.546314036146201720e-02	5.802619409040736358e-03	2.377836455730942267e-01	2.377836455730942333e+01	nan
nan	1.000000000000000000e+05	2.000000000000000000e+01	nan	4.140000000000000000e+02	4.139158965671958512e-01	3.554571622416181909e-02	5.796433598129225977e-03	2.000406404825939288e-01	2.000406404825939077e+01	nan
nan	1.000000000000000000e+05	2.000000000000000000e+01	nan	4.160000000000000000e+02	4.156464035455428307e-01	3.547862089880124414e-02	5.772474687986393210e-03	2.001701966386534859e-01	2.001701966386534792e+01	nan
nan	1.000000000000000000e+05	2.000000000000000000e+01	nan	4.180000000000000000e+02	4.178441329161796669e-01	3.577542585889007670e-02	5.861533176476636624e-03	2.000746183774520515e-01	2.000746183774520404e+01	nan
nan	1.000000000000000000e+05	2.000000000000000000e+01	nan	4.200000000000000000e+02	4.198486431300807453e-01	3.555779908413585211e-02	5.836798806930333997e-03	2.000721072762980390e-01	2.000721072762980413e+01	nan
nan	1.000000000000000000e+05	2.000000000000000000e+01	nan	4.220000000000000000e+02	4.218665103591410781e-01	3.533238822583866651e-02	5.867525014864151747e-03	2.000632895941005240e-01	2.000632895941005174e+01	nan
nan	1.000000000000000000e+05	2.000000000000000000e+01	nan	4.240000000000000000e+02	4.237064900286168223e-01	3.580360524194628469e-02	5.821916057949033489e-03	2.001386156181864384e-01	2.001386156181864351e+01	nan
nan	1.000000000000000000e+05	2.000000000000000000e+01	nan	4.260000000000000000e+02	4.258419748967935403e-01	3.540755071533075587e-02	5.798694745817238767e-03	2.000742379109096691e-01	2.000742379109096802e+01	nan
nan	1.000000000000000000e+05	2.000000000000000000e+01	nan	4.280000000000000000e+02	4.277465594770182844e-01	3.560112439361669268e-02	5.777727334452387523e-03	2.001186070207700285e-01	2.001186070207699430e+01	nan
nan	1.000000000000000000e+05	2.000000000000000000e+01	nan	4.300000000000000000e+02	4.296804555380367430e-01	3.581770441970476282e-02	5.844104084967402177e-03	2.001489624726007777e-01	2.001489624726007577e+01	nan
nan	1.000000000000000000e+05	2.000000000000000000e+01	nan	4.320000000000000000e+02	4.042866982564453093e-01	3.575214346865836917e-02	5.920462515398764933e-03	2.188588774144352433e-01	2.188588774144352556e+01	nan
nan	1.000000000000000000e+05	2.000000000000000000e+01	nan	4.340000000000000000e+02	4.338460350967944246e-01	3.552904908336577267e-02	5.820551470614325484e-03	2.000709820026516650e-01	2.000709820026516539e+01	nan
nan	1.000000000000000000e+05	2.000000000000000000e+01	nan	4.360000000000000000e+02	4.358784545885100448e-01	3.518144260646179772e-02	5.779736405945276254e-03	2.000557744511424763e-01	2.000557744511424829e+01	nan
nan	1.000000000000000000e+05	2.000000000000000000e+01	nan	4.380000000000000000e+02	4.379252728880965728e-01	3.561973814673954214e-02	5.799861597748732361e-03	2.000341285639081756e-01	2.000341285639081690e+01	nan
nan	1.000000000000000000e+05	2.000000000000000000e+01	nan	4.400000000000000000e+02	4.117863300431002793e-01	3.649879917960831277e-02	5.769863079615063749e-03	2.188415417434387555e-01	2.188415417434387678e+01	nan
nan	1.000000000000000000e+05	2.000000000000000000e+01	nan	4.420000000000000000e+02	4.135782747485551303e-01	3.562085085082339342e-02	5.771892975318124695e-03	2.189124605590598571e-01	2.189124605590598804e+01	nan
nan	1.000000000000000000e+05	2.000000000000000000e+01	nan	4.440000000000000000e+02	4.153958787234310890e-01	3.569464913972134751e-02	5.789986941404074924e-03	2.189442522003101632e-01	2.189442522003101743e+01	nan
nan	1.000000000000000000e+05	2.000000000000000000e+01	nan	4.460000000000000000e+02	4.457502199509145169e-01	3.558782428368226919e-02	5.741234587803793060e-03	2.001120945566809417e-01	2.001120945566809795e+01	nan
nan	1.000000000000000000e+05	2.000000000000000000e+01	nan	4.480000000000000000e+02	4.479492990702055866e-01	3.529634732098303751e-02	5.783420568007449289e-03	2.000226374170823163e-01	2.000226374170823007e+01	nan
nan	1.000000000000000000e+05	2.000000000000000000e+01	nan	4.500000000000000000e+02	4.497906956310179782e-01	3.543646522859992404e-02	5.754986527446541433e-03	2.000930837972378362e-01	2.000930837972378384e+01	nan
nan	1.000000000000000000e+05	2.000000000000000000e+01	nan	4.520000000000000000e+02	4.517206822412117573e-01	3.533028076516393778e-02	5.736079985116823016e-03	2.001236873544579853e-01	2.001236873544579709e+01	nan
nan	1.000000000000000000e+05	2.000000000000000000e+01	nan	4.540000000000000000e+02	4.247993075323954204e-01	3.540763530131974673e-02	5.739317130502672760e-03	2.189125724364823777e-01	2.189125724364824421e+01	nan
nan	1.000000000000000000e+05	2.000000000000000000e+01	nan	4.560000000000000000e+02	4.557763929215434828e-01	3.550069173616358931e-02	5.772751578978679680e-03	2.000981628769629705e-01	2.000981628769629594e+01	nan
nan	1.000000000000000000e+05	2.000000000000000000e+01	nan	4.580000000000000000e+02	4.578535072930208227e-01	3.536714539579068062e-02	5.742639705782252857e-03	2.000640018244076168e-01	2.000640018244076401e+01	nan
nan	1.000000000000000000e+05	2.000000000000000000e+01	nan	4.600000000000000000e+02	4.303908310483956501e-01	3.575122748723488092e-02	5.753040784506431235e-03	2.188747482788783449e-01	2.188747482788783572e+01	nan
nan	1.000000000000000000e+05	2.000000000000000000e+01	nan	4.620000000000000000e+02	4.322876034413023483e-01	3.551397595473129720e-02	5.776206748270985847e-03	2.189179954849334031e-01	2.189179954849333498e+01	nan
nan	1.000000000000000000e+05	2.000000000000000000e+01	nan	4.640000000000000000e+02	4.638188306702250019e-01	3.548411752249211459e-02	5.767789539593096496e-03	2.000781558073920219e-01	2.000781558073920863e+01	nan
nan	1.000000000000000000e+05	2.000000000000000000e+01	nan	4.660000000000000000e+02	4.360542746498476951e-01	3.509846081238660043e-02	5.746042076520667223e-03	2.189000347039301297e-01	2.189000347039301886e+01	nan
nan	1.000000000000000000e+05	2.000000000000000000e+01	nan	4.680000000000000000e+02	4.379093551842509480e-01	3.578620688771066288e-02	5.748605790454943201e-03	2.188876721578098261e-01	2.188876721578098028e+01	nan
nan	1.000000000000000000e+05	2.000000000000000000e+01	nan	4.700000000000000000e+02	4.697927838117538779e-01	3.577057160805231784e-02	5.796462734237589620e-03	2.000882431730290900e-01	2.000882431730291700e+01	nan
nan	1.000000000000000000e+05	2.000000000000000000e+01	nan	4.720000000000000000e+02	4.717893669263685252e-01	3.543250310677775738e-02	5.768525583278390038e-03	2.000892986801136308e-01	2.000892986801135720e+01	nan
nan	1.000000000000000000e+05	2.000000000000000000e+01	nan	4.740000000000000000e+02	4.434788959096199745e-01	3.561391248695511963e-02	5.747933020906930909e-03	2.189422911531343219e-01	2.189422911531343630e+01	nan
nan	1.000000000000000000e+05	2.000000000000000000e+01	nan	4.760000000000000000e+02	4.759366997778305963e-01	3.545457878652954337e-02	5.714311159160615806e-03	2.000266009631515851e-01	2.000266009631515729e+01	nan
nan	1.000000000000000000e+05	2.000000000000000000e+01	nan	4.780000000000000000e+02	4.775584867886027429e-01	3.541508748995746136e-02	5.872849326254188894e-03	2.001849211756491498e-01	2.001849211756491442e+01	nan
nan	1.000000000000000000e+05	2.000000000000000000e+01	nan	4.800000000000000000e+02	4.797374481093720777e-01	3.544037848793347989e-02	5.706968986745291142e-03	2.001094792026320568e-01	2.001094792026320235e+01	nan
nan	1.000000000000000000e+05	2.000000000000000000e+01	nan	4.820000000000000000e+02	4.818280889763627561e-01	3.570181596426221654e-02	5.719342456901334130e-03	2.000713910048669553e-01	2.000713910048669320e+01	nan
nan	1.000000000000000000e+05	2.000000000000000000e+01	nan	4.840000000000000000e+02	4.837189289013804627e-01	3.544341222571410766e-02	5.742751217860707705e-03	2.001162352910264564e-01	2.001162352910264985e+01	nan
nan	1.000000000000000000e+05	2.000000000000000000e+01	nan	4.860000000000000000e+02	4.847294716519536806e-01	3.537087012233237904e-02	5.707269111899180951e-03	2.005285965093707434e-01	2.005285965093707290e+01	nan
nan	1.000000000000000000e+05	2.000000000000000000e+01	nan	4.880000000000000000e+02	4.876478931958262986e-01	3.561082671444619485e-02	5.725778130394691516e-03	2.001445102983593072e-01	2.001445102983593216e+01	nan
nan	1.000000000000000000e+05	2.000000000000000000e+01	nan	4.900000000000000000e+02	4.899330912689583428e-01	3.547610595481823226e-02	5.721925484176168877e-03	2.000273142536624638e-01	2.000273142536624960e+01	nan
nan	1.000000000000000000e+05	2.000000000000000000e+01	nan	4.920000000000000000e+02	4.912417565831310173e-01	3.543199369355569395e-02	5.687251690029490950e-03	2.003097226350322724e-01	2.003097226350323368e+01	nan
nan	1.000000000000000000e+05	2.000000000000000000e+01	nan	4.940000000000000000e+02	4.933770308724888531e-01	3.551035594359502889e-02	5.769436523643809919e-03	2.002526594589038034e-01	2.002526594589037856e+01	nan
nan	1.000000000000000000e+05	2.000000000000000000e+01	nan	4.960000000000000000e+02	4.957436797339324075e-01	3.548571788423310336e-02	5.730708710580517326e-03	2.001034348246752137e-01	2.001034348246751904e+01	nan
nan	1.000000000000000000e+05	2.000000000000000000e+01	nan	4.980000000000000000e+02	4.978420203295354507e-01	3.566289318841403544e-02	5.701753344592034971e-03	2.000634728829656095e-01	2.000634728829655984e+01	nan
nan	1.000000000000000000e+05	2.000000000000000000e+01	nan	5.000000000000000000e+02	4.996892891022253202e-01	3.549812063220149361e-02	5.741644909697017976e-03	2.001244858953169781e-01	2.001244858953169370e+01	nan
nan	1.000000000000000000e+05	2.000000000000000000e+01	nan	5.020000000000000000e+02	5.016790123505051602e-01	3.559632811153552734e-02	5.661797318622687793e-03	2.001280581749506626e-01	2.001280581749507093e+01	nan
nan	1.000000000000000000e+05	2.000000000000000000e+01	nan	5.040000000000000000e+02	5.031857171401680207e-01	3.518334019697121756e-02	5.669256949369316789e-03	2.003238477704297471e-01	2.003238477704297082e+01	nan
nan	1.000000000000000000e+05	2.000000000000000000e+01	nan	5.060000000000000000e+02	5.055941681361764140e-01	3.523651060845472971e-02	5.682190365616370670e-03	2.001606684952348392e-01	2.001606684952347948e+01	nan
nan	1.000000000000000000e+05	2.000000000000000000e+01	nan	5.080000000000000000e+02	5.077745473439790880e-01	3.535587977595430059e-02	5.693360123223439873e-03	2.000888398333487417e-01	2.000888398333487217e+01	nan
nan	1.000000000000000000e+05	2.000000000000000000e+01	nan	5.100000000000000000e+02	5.097524503842760790e-01	3.533379997312156851e-02	5.713519832454831866e-03	2.000971522721869955e-01	2.000971522721870244e+01	nan
