# SourcePhotonFlux	NumberRaysSurvived	PercentageRaysSurvived	PhotonFlux	PhotonEnergy	Bandwidth	HorizontalFocusFWHM	VerticalFocusFWHM	EnergyPerMilPerBw	FluxPerMilPerBwPerc	FluxPerMilPerBwAbs
nan	6.840000000000000746e+00	1.367999999999999858e-03	nan	1.000000000000000000e+01	6.651240544119025114e-04	3.080008151598556589e-03	1.523641076612350419e-03	3.035576105788293511e+00	2.065924362227226224e-02	nan
nan	1.167999999999999972e+01	2.335999999999999969e-03	nan	1.200000000000000000e+01	9.062204150085989996e-04	3.747598519650217810e-03	1.430912197024418160e-03	2.664937838036605111e+00	3.093896315113835865e-02	nan
nan	2.100000000000000000e+01	4.199999999999999740e-03	nan	1.400000000000000000e+01	1.066628811120636173e-03	3.007505088041353015e-03	1.481238787777233376e-03	2.665073573565921894e+00	5.614740272451836101e-02	nan
nan	2.848000000000000043e+01	5.695999999999999674e-03	nan	1.600000000000000000e+01	9.379467680565767209e-04	3.172836278974880582e-03	1.425644718801171145e-03	3.618857629076354332e+00	1.023341342204324295e-01	nan
nan	4.060000000000000142e+01	8.119999999999998747e-03	nan	1.800000000000000000e+01	7.374074576210887374e-04	2.959533802650714425e-03	1.454384910012579369e-03	6.289160160522540899e+00	2.524999013006914983e-01	nan
nan	5.676000000000000512e+01	1.135199999999999924e-02	nan	2.000000000000000000e+01	1.327897826932371728e-03	2.686610343384857741e-03	1.568149979378700987e-03	3.032812544275619082e+00	1.715501985029263821e-01	nan
nan	7.256000000000000227e+01	1.451200000000000059e-02	nan	2.200000000000000000e+01	1.385808184406300868e-03	2.567248577716489070e-03	1.542215314779123983e-03	3.603655998282282447e+00	2.610687939944867364e-01	nan
nan	8.984000000000000341e+01	1.796800000000000133e-02	nan	2.400000000000000000e+01	1.657906162851077031e-03	3.074872684588769549e-03	1.636993514645876044e-03	2.949499203686526627e+00	2.645230781101537976e-01	nan
nan	1.079200000000000017e+02	2.158399999999999902e-02	nan	2.600000000000000000e+01	1.906173819289733867e-03	2.667447132774398121e-03	1.604787369320544079e-03	2.773146608843043648e+00	2.995554732142085008e-01	nan
nan	1.211200000000000045e+02	2.422400000000000247e-02	nan	2.800000000000000000e+01	1.977476920136496223e-03	2.739704969987808748e-03	1.670296283968398642e-03	2.920301272542235260e+00	3.537087098094414683e-01	nan
nan	1.261200000000000045e+02	2.522399999999999642e-02	nan	3.000000000000000000e+01	2.039418890130946255e-03	2.696937382477444627e-03	1.493683441739847599e-03	2.968740311218307504e+00	3.738839851660066271e-01	nan
nan	1.204799999999999898e+02	2.409599999999999936e-02	nan	3.200000000000000000e+01	2.280208239208149964e-03	2.852067668669379212e-03	1.739052741761218032e-03	2.838358717110234242e+00	3.414333440002211284e-01	nan
nan	1.115200000000000102e+02	2.230399999999999744e-02	nan	3.400000000000000000e+01	2.418927011503911075e-03	2.743807755851511605e-03	1.488166821582149720e-03	2.942348412900662957e+00	3.277197628807835827e-01	nan
nan	8.456000000000000227e+01	1.691200000000000342e-02	nan	3.600000000000000000e+01	2.473896898391103431e-03	2.760579791713018479e-03	1.712908264120644158e-03	2.996814861651822870e+00	2.544041517014211662e-01	nan
nan	3.592000000000000171e+01	7.183999999999998547e-03	nan	3.800000000000000000e+01	2.156333014893334690e-03	2.557743396132042876e-03	1.398839732918359061e-03	3.578365178547705305e+00	1.282938806019254252e-01	nan
nan	4.207999999999999829e+01	8.415999999999998135e-03	nan	4.000000000000000000e+01	3.120747895731028516e-03	2.544010346643915590e-03	1.612518175400446188e-03	2.774216687607005127e+00	1.157382300838145639e-01	nan
nan	3.816000000000000369e+01	7.632000000000001630e-03	nan	4.200000000000000000e+01	2.834749100603630584e-03	2.288157205829847822e-03	1.376317576738979873e-03	3.165192313922822631e+00	1.215651115393333315e-01	nan
nan	3.671999999999999886e+01	7.343999999999998966e-03	nan	4.400000000000000000e+01	3.333829642494947395e-03	3.028619896927315595e-03	1.395687907236566527e-03	2.868055751168026468e+00	1.057027405399317832e-01	nan
nan	4.200000000000000000e+01	8.399999999999999481e-03	nan	4.600000000000000000e+01	3.373488356038478655e-03	2.601398131320111461e-03	1.612153824465390991e-03	2.831789153595325459e+00	1.187931588270787209e-01	nan
nan	4.520000000000000284e+01	9.040000000000001160e-03	nan	4.800000000000000000e+01	3.558393136682980011e-03	2.631512037949037489e-03	1.349507579152107572e-03	2.763631405715072376e+00	1.246996136273827716e-01	nan
nan	4.783999999999999631e+01	9.567999999999998381e-03	nan	5.000000000000000000e+01	3.511130015414210166e-03	2.591680654290159230e-03	1.609658937989729647e-03	2.942232334743631217e+00	1.408669779075047146e-01	nan
nan	5.088000000000000256e+01	1.017600000000000102e-02	nan	5.200000000000000000e+01	4.319674139810558873e-03	2.750029223169725943e-03	1.490097039665996305e-03	2.443627122836841803e+00	1.251385250026180729e-01	nan
nan	5.976000000000000512e+01	1.195200000000000082e-02	nan	5.400000000000000000e+01	3.972910000552474369e-03	3.184514731467834488e-03	1.477293311586988598e-03	2.770143412664174853e+00	1.652759665681391987e-01	nan
nan	6.272000000000000597e+01	1.254399999999999959e-02	nan	5.600000000000000000e+01	4.528182061796996727e-03	2.750644391267983296e-03	1.557172413711908378e-03	2.533667714157082695e+00	1.589504207512990042e-01	nan
nan	6.552000000000001023e+01	1.310399999999999933e-02	nan	5.800000000000000000e+01	4.541604925227602299e-03	2.541958437353699241e-03	1.629942182924531318e-03	2.629704382345771752e+00	1.736717357014875562e-01	nan
nan	6.656000000000000227e+01	1.331199999999999918e-02	nan	6.000000000000000000e+01	4.633357114987575291e-03	2.238993698977113922e-03	1.523158751025937120e-03	2.811308514066168662e+00	1.878926869121451682e-01	nan
nan	7.096000000000000796e+01	1.419199999999999975e-02	nan	6.200000000000000000e+01	4.971694800742625445e-03	2.707796456128292849e-03	1.588237080193853016e-03	2.667396399508535687e+00	1.884349163581064968e-01	nan
nan	7.971999999999999886e+01	1.594399999999999637e-02	nan	6.400000000000000000e+01	5.091796881242771459e-03	3.014581771779252170e-03	1.588980998321872689e-03	2.578551295875490812e+00	2.065618504292063284e-01	nan
nan	8.867999999999999261e+01	1.773599999999999829e-02	nan	6.600000000000000000e+01	6.079108117792201942e-03	2.813783399969520434e-03	1.514481540906389371e-03	2.211230074184803662e+00	1.959899443046412004e-01	nan
nan	9.515999999999999659e+01	1.903200000000000031e-02	nan	6.800000000000000000e+01	6.201428094009316105e-03	2.963970667628238950e-03	1.500098944252164146e-03	2.268568630948753384e+00	2.143832012471063031e-01	nan
nan	9.784000000000000341e+01	1.956800000000000206e-02	nan	7.000000000000000000e+01	6.100545038432301365e-03	2.794837247833797857e-03	1.634249892420245502e-03	2.308313263858711828e+00	2.261559201209389636e-01	nan
nan	1.054400000000000119e+02	2.108800000000000258e-02	nan	7.200000000000000000e+01	6.197241967076934192e-03	2.655081702668766162e-03	1.460891038350127080e-03	2.345761323721010427e+00	2.472138994305110304e-01	nan
nan	1.191200000000000045e+02	2.382400000000000143e-02	nan	7.400000000000000000e+01	6.775910299863881561e-03	2.865809811683219747e-03	1.572427175576700687e-03	2.203586797024998489e+00	2.622256324730686816e-01	nan
nan	1.227999999999999972e+02	2.455999999999999850e-02	nan	7.600000000000000000e+01	6.381172682822580655e-03	2.592532353579469779e-03	1.499472374175825264e-03	2.424176350375194744e+00	2.984868387669307177e-01	nan
nan	1.300000000000000000e+02	2.599999999999999534e-02	nan	7.800000000000000000e+01	6.473439067924573187e-03	2.651105154736862167e-03	1.571673257411487085e-03	2.419160636964020394e+00	3.148612394196778075e-01	nan
nan	1.372400000000000091e+02	2.744800000000000018e-02	nan	8.000000000000000000e+01	6.584216398389344457e-03	2.777862274875237021e-03	1.567377817041959486e-03	2.460127288768203968e+00	3.374122767198411976e-01	nan
nan	1.470400000000000205e+02	2.940800000000000011e-02	nan	8.200000000000000000e+01	8.323719763054668319e-03	2.662971175896733465e-03	1.615024414165720009e-03	1.980627204419131759e+00	2.915073009294757433e-01	nan
nan	1.562800000000000011e+02	3.125600000000000600e-02	nan	8.400000000000000000e+01	7.859970437252741804e-03	3.034164434622508774e-03	1.687899641090019913e-03	2.142555723448813065e+00	3.341213690018648430e-01	nan
nan	1.652800000000000011e+02	3.305600000000000205e-02	nan	8.600000000000000000e+01	8.401470055262053038e-03	2.571535818122625862e-03	1.541515186925506787e-03	2.074620966005949807e+00	3.420146903385478110e-01	nan
nan	1.680000000000000000e+02	3.359999999999999792e-02	nan	8.800000000000000000e+01	8.983383021854933828e-03	2.881872633989863378e-03	1.542964412325362623e-03	1.972260142840986719e+00	3.317346973267268906e-01	nan
nan	1.768400000000000034e+02	3.536799999999999666e-02	nan	9.000000000000000000e+01	9.309416166815935242e-03	3.166310302272835973e-03	1.679777156121602761e-03	1.938249459367714866e+00	3.435691079496788758e-01	nan
nan	1.821599999999999966e+02	3.643200000000000605e-02	nan	9.200000000000000000e+01	8.647670974316953169e-03	2.766227821875765370e-03	1.658730418720645149e-03	2.157916035045249092e+00	3.939859082243548083e-01	nan
nan	1.899599999999999795e+02	3.799199999999999799e-02	nan	9.400000000000000000e+01	9.348919295780433805e-03	2.997384891623575826e-03	1.666213667277612010e-03	2.030470839799119798e+00	3.858143486901471353e-01	nan
nan	1.995999999999999943e+02	3.991999999999999715e-02	nan	9.600000000000000000e+01	9.787940638127564860e-03	2.698403109860578793e-03	1.621953339493487339e-03	1.968407947176094908e+00	3.926779315976374196e-01	nan
nan	2.118800000000000239e+02	4.237599999999999700e-02	nan	9.800000000000000000e+01	9.437761371316355508e-03	2.662365532534782201e-03	1.638027423268284804e-03	2.137261416652520118e+00	4.525370841530469979e-01	nan
nan	2.161199999999999761e+02	4.322399999999999853e-02	nan	1.000000000000000000e+02	1.078421227272656317e-02	2.954444783502777061e-03	1.634304664364741224e-03	1.859861928110328133e+00	4.014963306981195745e-01	nan
nan	2.260400000000000205e+02	4.520799999999999125e-02	nan	1.020000000000000000e+02	1.161154468785071010e-02	2.765338264830150862e-03	1.667318971823369272e-03	1.763912096293233533e+00	3.986509911307553056e-01	nan
nan	2.271199999999999761e+02	4.542400000000000604e-02	nan	1.040000000000000000e+02	1.104512842886833796e-02	2.988722325578759779e-03	1.600910016072797700e-03	1.917343800168981094e+00	4.358859498150047251e-01	nan
nan	2.321199999999999761e+02	4.642400000000000693e-02	nan	1.060000000000000000e+02	1.119596451495454004e-02	2.942062886840768852e-03	1.704216615232858516e-03	1.905349895087821377e+00	4.418567835228671692e-01	nan
nan	2.405600000000000023e+02	4.811199999999999505e-02	nan	1.080000000000000000e+02	1.045627562671597871e-02	2.762169885540031143e-03	1.590285672266657582e-03	2.084069041813862988e+00	5.000419792698603816e-01	nan
nan	2.321599999999999966e+02	4.643200000000000105e-02	nan	1.100000000000000000e+02	1.256326977305889138e-02	2.752606577352202395e-03	1.703769048535488289e-03	1.761075304837361744e+00	4.085801762049022789e-01	nan
nan	2.224399999999999977e+02	4.448800000000000671e-02	nan	1.120000000000000000e+02	1.293806819877318069e-02	2.660098569637897679e-03	1.595691767934314439e-03	1.761371764235374782e+00	3.924671644384532532e-01	nan
nan	1.802800000000000011e+02	3.605599999999999777e-02	nan	1.140000000000000000e+02	1.287320829386317221e-02	2.510647298868364484e-03	1.634856430688012233e-03	1.777659800861510320e+00	3.206033469586068163e-01	nan
nan	1.474799999999999898e+02	2.949600000000000138e-02	nan	1.160000000000000000e+02	1.246623525250015532e-02	3.030937061515952095e-03	1.554739725374141689e-03	1.867580061475983211e+00	2.749797906754645194e-01	nan
nan	1.864000000000000057e+02	3.727999999999999370e-02	nan	1.180000000000000000e+02	1.298530252020100272e-02	2.852912366116846458e-03	1.520042097333041461e-03	1.827717409897643863e+00	3.407664347122877357e-01	nan
nan	1.979599999999999795e+02	3.959200000000000219e-02	nan	1.200000000000000000e+02	1.286647383676609024e-02	2.804799534861691576e-03	1.621415965458182550e-03	1.921504660464410819e+00	3.790849124592985953e-01	nan
nan	2.164399999999999977e+02	4.328800000000000703e-02	nan	1.220000000000000000e+02	1.345909446217319859e-02	2.687549236056096993e-03	1.534789325307099996e-03	1.818305317998040405e+00	3.936549642221541800e-01	nan
nan	2.323599999999999852e+02	4.647199999999999942e-02	nan	1.240000000000000000e+02	1.406052897983499882e-02	2.599339856933262621e-03	1.607535833639672481e-03	1.775944039294977017e+00	4.126911146485107151e-01	nan
nan	2.371999999999999886e+02	4.743999999999999606e-02	nan	1.260000000000000000e+02	1.287741011304205895e-02	2.533263372378066758e-03	1.604127248754615110e-03	1.976660098319526826e+00	4.691735125780978066e-01	nan
nan	2.402400000000000091e+02	4.804800000000000043e-02	nan	1.280000000000000000e+02	1.456162687202322559e-02	2.987760475982194960e-03	1.666516715020925979e-03	1.765595940986798285e+00	4.242045886987605430e-01	nan
nan	2.581599999999999682e+02	5.163199999999999734e-02	nan	1.300000000000000000e+02	1.520865150348981766e-02	3.096213716072162073e-03	1.725444916882222512e-03	1.724866130230895411e+00	4.466473754219552061e-01	nan
nan	2.629199999999999591e+02	5.258399999999999880e-02	nan	1.320000000000000000e+02	1.426890235627524886e-02	2.791211005243054294e-03	1.588830011583545381e-03	1.857805437894209488e+00	4.883007567119707071e-01	nan
nan	2.712400000000000091e+02	5.424800000000000455e-02	nan	1.340000000000000000e+02	1.491151257896944880e-02	2.809687576270554227e-03	1.725652596565545923e-03	1.804621035823511743e+00	4.895640080584731102e-01	nan
nan	2.838400000000000318e+02	5.676799999999999902e-02	nan	1.360000000000000000e+02	1.551660460900620639e-02	2.783416198250720022e-03	1.572961021025764353e-03	1.774319196194343862e+00	5.031845392387703786e-01	nan
nan	2.868400000000000318e+02	5.736799999999998845e-02	nan	1.380000000000000000e+02	1.660069509994173062e-02	2.956804450415115304e-03	1.662943493923665916e-03	1.665025644437982066e+00	4.772266833558418964e-01	nan
nan	2.893199999999999932e+02	5.786400000000000571e-02	nan	1.400000000000000000e+02	1.520258023935184589e-02	2.832932758163471919e-03	1.709291492106330664e-03	1.857476469129014873e+00	5.375918444028882082e-01	nan
nan	2.969599999999999795e+02	5.939200000000000035e-02	nan	1.420000000000000000e+02	1.621856459628815902e-02	2.785059305511389943e-03	1.643224579674549017e-03	1.779392523742437504e+00	5.292020322264792132e-01	nan
nan	3.118400000000000318e+02	6.236799999999999983e-02	nan	1.440000000000000000e+02	1.726901440932124276e-02	2.792034901601284612e-03	1.644168954618058969e-03	1.671546660474791057e+00	5.212926131692623422e-01	nan
nan	3.146399999999999864e+02	6.292799999999999783e-02	nan	1.460000000000000000e+02	1.709306513670526273e-02	2.697701624641297286e-03	1.673577451559255577e-03	1.728536288304412638e+00	5.439347218282060137e-01	nan
nan	3.260400000000000205e+02	6.520800000000000207e-02	nan	1.480000000000000000e+02	1.646701161922010243e-02	2.659857613360018871e-03	1.697670132701054654e-03	1.810826789292654171e+00	5.911956044905182228e-01	nan
nan	3.352800000000000296e+02	6.705600000000000449e-02	nan	1.500000000000000000e+02	1.834448965725186953e-02	2.739870304782392619e-03	1.647719760985513716e-03	1.654703888345924412e+00	5.548424123950217446e-01	nan
nan	3.467599999999999909e+02	6.935199999999999698e-02	nan	1.520000000000000000e+02	1.833400506173802486e-02	2.975620801368165404e-03	1.697410763433953099e-03	1.670857631687654887e+00	5.798082572830193238e-01	nan
nan	3.501200000000000045e+02	7.002400000000000291e-02	nan	1.540000000000000000e+02	1.924540955402790146e-02	2.998951410419242562e-03	1.718926397882220404e-03	1.622530624283931022e+00	5.685282760592574869e-01	nan
nan	3.578400000000000318e+02	7.156799999999999273e-02	nan	1.560000000000000000e+02	1.897528113721364332e-02	2.627895748337237981e-03	1.710028581838840284e-03	1.652551526156825101e+00	5.912597632589998708e-01	nan
nan	3.651200000000000045e+02	7.302400000000000557e-02	nan	1.580000000000000000e+02	1.806507779685034495e-02	2.802730067653450789e-03	1.701724720062257378e-03	1.763686285345507088e+00	6.423581840517489372e-01	nan
nan	3.773600000000000136e+02	7.547200000000001130e-02	nan	1.600000000000000000e+02	1.950726648471572816e-02	2.818815739313941353e-03	1.662790101319796664e-03	1.647254828994149545e+00	6.219064627374224496e-01	nan
nan	3.871999999999999886e+02	7.743999999999999495e-02	nan	1.620000000000000000e+02	2.122647328624679974e-02	2.890983927639719561e-03	1.703615541943344055e-03	1.529881950370325372e+00	5.920328800258964907e-01	nan
nan	3.872800000000000296e+02	7.745599999999999707e-02	nan	1.640000000000000000e+02	2.071628154964400698e-02	2.766204536508353341e-03	1.627151966527737694e-03	1.589860793309413101e+00	6.158374357676370536e-01	nan
nan	3.953600000000000136e+02	7.907200000000000339e-02	nan	1.660000000000000000e+02	2.147286315164819576e-02	2.984626823360889657e-03	1.664091692449305281e-03	1.552798876195844446e+00	6.137476583388901119e-01	nan
nan	4.114399999999999409e+02	8.228800000000000003e-02	nan	1.680000000000000000e+02	2.226704540413266056e-02	2.685916110992499911e-03	1.669711656476249601e-03	1.515979555277877422e+00	6.234052775430579674e-01	nan
nan	4.162800000000000296e+02	8.325600000000002443e-02	nan	1.700000000000000000e+02	2.260535782046190628e-02	2.809253136605159747e-03	1.731755729591375349e-03	1.508823387016070772e+00	6.278941052560904623e-01	nan
nan	4.270399999999999636e+02	8.540800000000001169e-02	nan	1.720000000000000000e+02	2.317521559040870011e-02	2.809485135654249573e-03	1.746611266343280457e-03	1.486151762269033894e+00	6.348164634917905502e-01	nan
nan	4.301999999999999886e+02	8.604000000000000536e-02	nan	1.740000000000000000e+02	2.349238091000188308e-02	2.805074359832505655e-03	1.664377845174751236e-03	1.485097450437151689e+00	6.391004988126384179e-01	nan
nan	4.462800000000000296e+02	8.925599999999998813e-02	nan	1.760000000000000000e+02	2.348062937350732862e-02	2.754218609646284961e-03	1.679322463304199712e-03	1.502536575625132098e+00	6.709641132455168577e-01	nan
nan	4.488399999999999750e+02	8.976800000000000057e-02	nan	1.780000000000000000e+02	2.070791448584259273e-02	2.676155750427194717e-03	1.654856874520992853e-03	1.733113470127518596e+00	7.774229990693550807e-01	nan
nan	4.618399999999999750e+02	9.236800000000000566e-02	nan	1.800000000000000000e+02	2.530718552209236874e-02	2.820993324938600270e-03	1.707051772297337637e-03	1.425652407388892318e+00	6.587207627953006739e-01	nan
nan	4.729199999999999591e+02	9.458399999999998753e-02	nan	1.820000000000000000e+02	2.383988640757706695e-02	2.681842462531897585e-03	1.630445403278020467e-03	1.536516513829368602e+00	7.268958078570550985e-01	nan
nan	4.767600000000000477e+02	9.535199999999999232e-02	nan	1.840000000000000000e+02	2.406521618315309724e-02	2.846794995492868408e-03	1.706221066867404362e-03	1.531906770512114324e+00	7.297152050969563097e-01	nan
nan	4.823199999999999932e+02	9.646399999999999419e-02	nan	1.860000000000000000e+02	2.436005642029158424e-02	2.816260359453824896e-03	1.736963184662675781e-03	1.530092060112380636e+00	7.377879263547900690e-01	nan
nan	4.933999999999999773e+02	9.868000000000000382e-02	nan	1.880000000000000000e+02	2.530919007618649338e-02	2.887180049985897841e-03	1.687453094017945772e-03	1.493234936946281621e+00	7.369545785794502368e-01	nan
nan	5.059600000000000364e+02	1.011919999999999903e-01	nan	1.900000000000000000e+02	2.440530138330814294e-02	2.787042229323945675e-03	1.693036060351992044e-03	1.572138922195515542e+00	7.955200767933672257e-01	nan
nan	5.119600000000000364e+02	1.023919999999999969e-01	nan	1.920000000000000000e+02	2.593767657967873536e-02	2.641628948204201820e-03	1.716737563947961110e-03	1.485138787103693847e+00	7.602601178740258092e-01	nan
nan	5.151200000000000045e+02	1.030240000000000045e-01	nan	1.940000000000000000e+02	2.513721016262025071e-02	2.855792537420936104e-03	1.691011718344963234e-03	1.552710707013618130e+00	7.998484981165093766e-01	nan
nan	5.267999999999999545e+02	1.053600000000000092e-01	nan	1.960000000000000000e+02	2.477777212520322972e-02	2.721049797134637502e-03	1.762050861690068288e-03	1.586523942189919101e+00	8.354584908038734659e-01	nan
nan	5.350800000000000409e+02	1.070160000000000000e-01	nan	1.980000000000000000e+02	2.663153565018092084e-02	2.568459046455769720e-03	1.680707270707101951e-03	1.488079203045941767e+00	7.958369420431496977e-01	nan
nan	5.496399999999999864e+02	1.099279999999999979e-01	nan	2.000000000000000000e+02	2.915152317149022343e-02	2.884538618233582243e-03	1.692274537194866837e-03	1.373552796772951945e+00	7.546541700438174072e-01	nan
nan	5.509600000000000364e+02	1.101919999999999983e-01	nan	2.020000000000000000e+02	2.751227141360231693e-02	2.859750329553230070e-03	1.719536142862964538e-03	1.476427056314307595e+00	8.140002994143614723e-01	nan
nan	5.536000000000000227e+02	1.107199999999999990e-01	nan	2.040000000000000000e+02	2.943771747833124827e-02	2.705182879062083962e-03	1.739266873200890230e-03	1.397909625579171644e+00	7.741305656468232543e-01	nan
nan	5.677999999999999545e+02	1.135599999999999943e-01	nan	2.060000000000000000e+02	2.745868366189824911e-02	2.734111685906406332e-03	1.745636674756184583e-03	1.512116707509107538e+00	8.584299454878806523e-01	nan
nan	5.677599999999999909e+02	1.135520000000000140e-01	nan	2.080000000000000000e+02	2.867552964104106566e-02	2.775200566818476506e-03	1.750675705428591774e-03	1.456427882311853717e+00	8.266405632832988237e-01	nan
nan	5.830000000000000000e+02	1.166000000000000092e-01	nan	2.100000000000000000e+02	2.898521340436673380e-02	2.814093507727851665e-03	1.660588071881333519e-03	1.460180460950317283e+00	8.502558611914924347e-01	nan
nan	5.759600000000000364e+02	1.151920000000000027e-01	nan	2.120000000000000000e+02	3.053730855303001673e-02	2.962809577907076202e-03	1.705394189687248815e-03	1.394120109474045854e+00	8.027706095877134018e-01	nan
nan	6.018399999999999181e+02	1.203679999999999889e-01	nan	2.140000000000000000e+02	2.927196661285052029e-02	2.927707459413963348e-03	1.733172134540845750e-03	1.482769194835657611e+00	8.927623272745597305e-01	nan
nan	5.960000000000000000e+02	1.192000000000000143e-01	nan	2.160000000000000000e+02	3.219580891120131516e-02	2.779266674709934912e-03	1.706789956521289047e-03	1.350093731158751975e+00	8.050148068110447586e-01	nan
nan	6.177999999999999545e+02	1.235600000000000032e-01	nan	2.180000000000000000e+02	3.258243364761256172e-02	2.806018528505629418e-03	1.699151871741134230e-03	1.348343243071798758e+00	8.320236740386259822e-01	nan
nan	6.142400000000000091e+02	1.228480000000000266e-01	nan	2.200000000000000000e+02	3.216909106544335595e-02	2.926174141833052383e-03	1.702402306714748213e-03	1.368989505925224170e+00	8.405982691839281040e-01	nan
nan	6.245199999999999818e+02	1.249040000000000150e-01	nan	2.220000000000000000e+02	3.281500455374043723e-02	2.826663423907865066e-03	1.676550593870545364e-03	1.365412282446304415e+00	8.529550314849583259e-01	nan
nan	6.212000000000000455e+02	1.242399999999999893e-01	nan	2.240000000000000000e+02	3.130279636393425158e-02	2.738060806848256236e-03	1.715423736971829257e-03	1.438277969759345742e+00	8.936850316762543489e-01	nan
nan	6.318399999999999181e+02	1.263679999999999803e-01	nan	2.260000000000000000e+02	3.381106848150920718e-02	2.899464478573962611e-03	1.718416288889098144e-03	1.340700398336811761e+00	8.469924976584305432e-01	nan
nan	6.467599999999999909e+02	1.293519999999999948e-01	nan	2.280000000000000000e+02	3.265399752087432689e-02	2.761186545737565924e-03	1.743375394176946858e-03	1.401147100396404666e+00	9.054344011967770944e-01	nan
nan	6.353999999999999773e+02	1.270799999999999985e-01	nan	2.300000000000000000e+02	3.264575150518794766e-02	2.731473906469502645e-03	1.680563727553897272e-03	1.415997507449071380e+00	8.990136658521631352e-01	nan
nan	6.367200000000000273e+02	1.273439999999999850e-01	nan	2.320000000000000000e+02	3.557269055649157907e-02	2.844244771885622372e-03	1.691216481133993917e-03	1.305057906934521395e+00	8.311149027782505083e-01	nan
nan	6.454399999999999409e+02	1.290880000000000083e-01	nan	2.340000000000000000e+02	3.566217083096489410e-02	2.777272254034845143e-03	1.669869173959800165e-03	1.314947202556332240e+00	8.486193859619548530e-01	nan
nan	6.459199999999999591e+02	1.291840000000000210e-01	nan	2.360000000000000000e+02	3.598535088368407658e-02	2.765371928715130816e-03	1.717842194369594662e-03	1.317344872926862864e+00	8.499731636829815917e-01	nan
nan	6.451200000000000045e+02	1.290239999999999998e-01	nan	2.380000000000000000e+02	3.513098535792778809e-02	2.875435263752227927e-03	1.780480752016718946e-03	1.362668976818186772e+00	8.794605647008106875e-01	nan
nan	6.436800000000000637e+02	1.287360000000000171e-01	nan	2.400000000000000000e+02	3.495956558614125159e-02	2.633945502249238676e-03	1.729357223034209967e-03	1.377475686973404390e+00	8.864189246361385832e-01	nan
nan	6.452400000000000091e+02	1.290479999999999960e-01	nan	2.420000000000000000e+02	3.779438387235131702e-02	2.717886146925702160e-03	1.719598363104285488e-03	1.286428315872932604e+00	8.302381260502077476e-01	nan
nan	6.395600000000000591e+02	1.279119999999999979e-01	nan	2.440000000000000000e+02	3.833161640758590144e-02	2.935117855342208194e-03	1.669262860483294560e-03	1.278790138242529295e+00	8.178361261902484802e-01	nan
nan	6.423999999999999773e+02	1.284800000000000109e-01	nan	2.460000000000000000e+02	3.733648911961608835e-02	2.766548896978437456e-03	1.664279425780168563e-03	1.322461104872888260e+00	8.495094392795033977e-01	nan
nan	6.496800000000000637e+02	1.299359999999999959e-01	nan	2.480000000000000000e+02	3.918707480977900309e-02	2.631091297767502828e-03	1.715378152657381569e-03	1.270190554856411413e+00	8.254019636088631984e-01	nan
nan	6.385199999999999818e+02	1.277039999999999842e-01	nan	2.500000000000000000e+02	3.664445733556931373e-02	2.820307822456243497e-03	1.721854917618004894e-03	1.372040146107988301e+00	8.765185685155192363e-01	nan
nan	6.429199999999999591e+02	1.285840000000000038e-01	nan	2.520000000000000000e+02	3.768109903076947292e-02	2.964320823615469985e-03	1.670236791006435339e-03	1.339355476242526377e+00	8.609021981895299547e-01	nan
nan	6.386399999999999864e+02	1.277280000000000082e-01	nan	2.540000000000000000e+02	3.887472308917495206e-02	2.952164453827558176e-03	1.748100413571819414e-03	1.314842094242049564e+00	8.392891638706035939e-01	nan
nan	6.367200000000000273e+02	1.273440000000000127e-01	nan	2.560000000000000000e+02	4.153717330812468911e-02	2.781403694050997230e-03	1.753823286634488120e-03	1.238381679230768029e+00	7.890982800443981926e-01	nan
nan	6.358799999999999955e+02	1.271760000000000113e-01	nan	2.580000000000000000e+02	4.009763416840542161e-02	2.782879164261081121e-03	1.682611093930722664e-03	1.295305433879342605e+00	8.238679074722983220e-01	nan
nan	6.422799999999999727e+02	1.284560000000000146e-01	nan	2.600000000000000000e+02	4.147643832189714524e-02	2.798246705497299362e-03	1.661013178693818235e-03	1.255076497290628312e+00	8.060269634516610271e-01	nan
nan	6.330399999999999636e+02	1.266079999999999983e-01	nan	2.620000000000000000e+02	4.016440696124846249e-02	2.868073525367472246e-03	1.696154388345942274e-03	1.316710868386402611e+00	8.334027568715054457e-01	nan
nan	6.331600000000000819e+02	1.266319999999999946e-01	nan	2.640000000000000000e+02	4.209605261542492122e-02	2.923936998608622252e-03	1.691695540801239515e-03	1.259078045068326324e+00	7.970079550923567790e-01	nan
nan	6.321200000000000045e+02	1.264240000000000086e-01	nan	2.660000000000000000e+02	4.238553859788225797e-02	2.706072817670542724e-03	1.669718649551177325e-03	1.256969997070659151e+00	7.942815102235195601e-01	nan
nan	6.225600000000000591e+02	1.245119999999999977e-01	nan	2.680000000000000000e+02	4.206958100548945090e-02	2.698114518506531702e-03	1.738361843766108531e-03	1.274412491588620799e+00	7.933950711488141350e-01	nan
nan	6.272000000000000455e+02	1.254399999999999959e-01	nan	2.700000000000000000e+02	4.420237387363158688e-02	2.690481389275045567e-03	1.668737608963076578e-03	1.222567640946504719e+00	7.668554811528863757e-01	nan
nan	6.218399999999999181e+02	1.243679999999999924e-01	nan	2.720000000000000000e+02	4.351622997135563831e-02	2.852295986092935956e-03	1.712460790583046361e-03	1.251859592279146671e+00	7.787006837779599788e-01	nan
nan	6.364399999999999409e+02	1.272880000000000122e-01	nan	2.740000000000000000e+02	4.612580192450878303e-02	2.772591820612809073e-03	1.726399925753165738e-03	1.195795500451666937e+00	7.610606806662929547e-01	nan
nan	6.245600000000000591e+02	1.249119999999999953e-01	nan	2.760000000000000000e+02	4.335228685261426768e-02	2.806880144921395943e-03	1.727142207100683044e-03	1.275451429740077858e+00	7.966207922783554718e-01	nan
nan	6.073999999999999773e+02	1.214799999999999908e-01	nan	2.780000000000000000e+02	4.247256086960078669e-02	2.928865337036084052e-03	1.655987270721425569e-03	1.315207900499326454e+00	7.992233918018567529e-01	nan
nan	6.107999999999999545e+02	1.221600000000000047e-01	nan	2.800000000000000000e+02	4.461816818044098826e-02	2.772815100853829717e-03	1.673652502116368748e-03	1.259298870508399393e+00	7.691118985314376877e-01	nan
nan	6.080800000000000409e+02	1.216159999999999880e-01	nan	2.820000000000000000e+02	4.719640986280865258e-02	2.708039222950665501e-03	1.727600603494526630e-03	1.200380936178315094e+00	7.301329323723639853e-01	nan
nan	6.083999999999999773e+02	1.216799999999999826e-01	nan	2.840000000000000000e+02	4.493593951088768745e-02	2.698692281335495196e-03	1.673141933295180890e-03	1.270252900171584987e+00	7.727889461676805682e-01	nan
nan	6.021600000000000819e+02	1.204320000000000113e-01	nan	2.860000000000000000e+02	4.891024779844883874e-02	2.869121279695491245e-03	1.749178691639589238e-03	1.171689188822066852e+00	7.053183659564499219e-01	nan
nan	5.863199999999999363e+02	1.172639999999999932e-01	nan	2.880000000000000000e+02	4.729650538582973185e-02	2.705679290831636882e-03	1.714244815294147916e-03	1.221730901182531248e+00	7.168546910821232965e-01	nan
nan	5.887599999999999909e+02	1.177520000000000094e-01	nan	2.900000000000000000e+02	4.823228571228355827e-02	2.740339559025405450e-03	1.746218169133345686e-03	1.207696523635558794e+00	7.109457025591685575e-01	nan
nan	5.851200000000000045e+02	1.170240000000000169e-01	nan	2.920000000000000000e+02	4.817749446523521273e-02	2.832121461949105214e-03	1.703908726353518203e-03	1.218796072019102006e+00	7.131712964123925191e-01	nan
nan	5.822000000000000455e+02	1.164400000000000157e-01	nan	2.940000000000000000e+02	4.707212430674189568e-02	2.887667133258981118e-03	1.693661247458734228e-03	1.254576750759299753e+00	7.296165037522819308e-01	nan
nan	5.780000000000000000e+02	1.156000000000000083e-01	nan	2.960000000000000000e+02	4.660251080771558863e-02	2.898509551605932440e-03	1.734059933034643288e-03	1.271899572349639573e+00	7.352685506143388228e-01	nan
nan	5.811600000000000819e+02	1.162319999999999742e-01	nan	2.980000000000000000e+02	4.883237688210101402e-02	3.020414128977644448e-03	1.699216312568934632e-03	1.224245394250096153e+00	7.119930303071454469e-01	nan
nan	5.746000000000000227e+02	1.149199999999999944e-01	nan	3.000000000000000000e+02	4.786524039460345742e-02	2.724582176101312484e-03	1.725625476441072087e-03	1.262223189013731428e+00	7.249158766122169029e-01	nan
nan	5.777599999999999909e+02	1.155519999999999881e-01	nan	3.020000000000000000e+02	4.889860851174489265e-02	2.817681644716073762e-03	1.668998246362050214e-03	1.236870456613396785e+00	7.143774803070245261e-01	nan
nan	5.740800000000000409e+02	1.148160000000000014e-01	nan	3.040000000000000000e+02	5.009594606877726397e-02	2.832348264351704746e-03	1.756605811358611866e-03	1.221476839488482957e+00	7.017065292226936091e-01	nan
nan	5.688799999999999955e+02	1.137759999999999605e-01	nan	3.060000000000000000e+02	5.117015962572622756e-02	2.657357834402041766e-03	1.732453783691390112e-03	1.197390203615672721e+00	6.813971027148602033e-01	nan
nan	5.702400000000000091e+02	1.140479999999999688e-01	nan	3.080000000000000000e+02	5.189140133575165237e-02	2.769572869114731665e-03	1.695897262653973687e-03	1.190197978933112744e+00	6.788313290832971303e-01	nan
nan	5.706000000000000227e+02	1.141199999999999992e-01	nan	3.100000000000000000e+02	5.036508229244646140e-02	2.853224203236872335e-03	1.668982592874544441e-03	1.241466410458087477e+00	7.084924327156366664e-01	nan
nan	5.658799999999999955e+02	1.131760000000000127e-01	nan	3.120000000000000000e+02	5.299716773216459759e-02	2.828941576379911862e-03	1.734517956846072517e-03	1.182560655693585705e+00	6.691735790870123601e-01	nan
nan	5.520399999999999636e+02	1.104080000000000200e-01	nan	3.140000000000000000e+02	5.322344369022176391e-02	2.858656927774483325e-03	1.750696495769191261e-03	1.183213840959318475e+00	6.527267220494752387e-01	nan
nan	5.607999999999999545e+02	1.121600000000000097e-01	nan	3.160000000000000000e+02	5.320627347431582110e-02	2.986748607726134180e-03	1.711861163149577467e-03	1.193125235148394747e+00	6.688998054186247044e-01	nan
nan	5.542799999999999727e+02	1.108559999999999962e-01	nan	3.180000000000000000e+02	5.316457496238399111e-02	2.829527034028304130e-03	1.719604181415310086e-03	1.201372047538217913e+00	6.659071339398202616e-01	nan
nan	5.448799999999999955e+02	1.089760000000000034e-01	nan	3.200000000000000000e+02	5.584284921923426959e-02	2.859062810104392310e-03	1.709349258456829487e-03	1.149506177622919623e+00	6.268492190801188135e-01	nan
nan	5.444800000000000182e+02	1.088960000000000206e-01	nan	3.220000000000000000e+02	5.252716788391807723e-02	2.805664330920809666e-03	1.691079140052145725e-03	1.231635905671835562e+00	6.703034115265966708e-01	nan
nan	5.337200000000000273e+02	1.067439999999999917e-01	nan	3.240000000000000000e+02	5.473685572114846132e-02	2.725805473414982978e-03	1.690317353732892578e-03	1.186140108469274868e+00	6.332135468286563817e-01	nan
nan	5.329199999999999591e+02	1.065839999999999843e-01	nan	3.260000000000000000e+02	5.610602926970387205e-02	2.687964885273800598e-03	1.596794209669354699e-03	1.164058675696036049e+00	6.201161702412013588e-01	nan
nan	5.223999999999999773e+02	1.044799999999999895e-01	nan	3.280000000000000000e+02	5.619376553194342649e-02	2.749240291061118800e-03	1.695221270179174834e-03	1.177029384362517916e+00	6.144612664523212420e-01	nan
nan	5.130800000000000409e+02	1.026159999999999989e-01	nan	3.300000000000000000e+02	5.648999535350412993e-02	2.776813639758533413e-03	1.738524941559853928e-03	1.173842422179049994e+00	6.018262131185332375e-01	nan
nan	5.244800000000000182e+02	1.048959999999999892e-01	nan	3.320000000000000000e+02	5.564395050218081534e-02	2.797144300716018165e-03	1.680884011863362617e-03	1.194970532546941300e+00	6.267535550320557647e-01	nan
nan	5.137599999999999909e+02	1.027520000000000239e-01	nan	3.340000000000000000e+02	5.870273366513174829e-02	2.753670922230884270e-03	1.673195861014828379e-03	1.140873445228565153e+00	5.860884480035301047e-01	nan
nan	5.167200000000000273e+02	1.033440000000000192e-01	nan	3.360000000000000000e+02	5.756908518220370252e-02	3.095788001161320531e-03	1.714860423439432732e-03	1.170371243385611937e+00	6.050753944280375940e-01	nan
nan	5.116000000000000227e+02	1.023200000000000082e-01	nan	3.380000000000000000e+02	5.487556764944201415e-02	2.897233163842782150e-03	1.670936949727903995e-03	1.241553547942303215e+00	6.353693645211522245e-01	nan
nan	5.020800000000000409e+02	1.004159999999999914e-01	nan	3.400000000000000000e+02	6.118854542229200388e-02	2.696281840504451653e-03	1.669587004587930884e-03	1.114371893534874980e+00	5.598399045262481000e-01	nan
nan	5.073600000000000136e+02	1.014720000000000066e-01	nan	3.420000000000000000e+02	6.107214431610372835e-02	2.675996494204068658e-03	1.679676033753465473e-03	1.126541342194159245e+00	5.712501001782450682e-01	nan
nan	5.010800000000000409e+02	1.002159999999999995e-01	nan	3.440000000000000000e+02	6.267969240408091669e-02	2.763352423426649381e-03	1.720073251352800033e-03	1.099966390530350058e+00	5.511508471842087031e-01	nan
nan	4.953999999999999773e+02	9.908000000000001528e-02	nan	3.460000000000000000e+02	5.848757506836591707e-02	2.915423319272424357e-03	1.700868584791991652e-03	1.193375852089959110e+00	5.901112695385629658e-01	nan
nan	4.878000000000000114e+02	9.756000000000000782e-02	nan	3.480000000000000000e+02	5.962705388902576897e-02	2.750863416973893874e-03	1.619996194947054876e-03	1.175535911697454861e+00	5.733100112051167097e-01	nan
nan	4.779600000000000364e+02	9.559200000000001030e-02	nan	3.500000000000000000e+02	6.290864400800273704e-02	2.932641840556927601e-03	1.703001617782919867e-03	1.117839253740354755e+00	5.340667396010404522e-01	nan
nan	4.785600000000000591e+02	9.571200000000000541e-02	nan	3.520000000000000000e+02	6.160177775902411085e-02	2.849104824929575910e-03	1.730291499408858572e-03	1.151491517511983753e+00	5.507279988254046854e-01	nan
nan	4.780399999999999636e+02	9.560799999999999854e-02	nan	3.540000000000000000e+02	6.358615154988001006e-02	2.866814852223373115e-03	1.762952676213136189e-03	1.118851513446579293e+00	5.347112049060915862e-01	nan
nan	4.714800000000000182e+02	9.429600000000000481e-02	nan	3.560000000000000000e+02	6.263678019588951595e-02	2.735798338501386866e-03	1.685212852008143676e-03	1.148637411547136278e+00	5.423404508925200318e-01	nan
nan	4.620399999999999636e+02	9.240800000000000403e-02	nan	3.580000000000000000e+02	6.386683515594995808e-02	2.899742004291253842e-03	1.718653822511497604e-03	1.124431231211894699e+00	5.194310665414212380e-01	nan
nan	4.644800000000000182e+02	9.289600000000000635e-02	nan	3.600000000000000000e+02	6.663393987822019415e-02	2.895074569977153667e-03	1.712245387809958452e-03	1.087926648923463802e+00	5.054473102297712961e-01	nan
nan	4.539600000000000364e+02	9.079200000000001158e-02	nan	3.620000000000000000e+02	6.842354765466553135e-02	2.904776057937212292e-03	1.687288253457088546e-03	1.060862191291256362e+00	4.813506891700309320e-01	nan
nan	4.457600000000000477e+02	8.915200000000000902e-02	nan	3.640000000000000000e+02	6.103220365334891678e-02	2.787480963582848227e-03	1.654024067358134077e-03	1.202809707856974608e+00	5.363059944317762895e-01	nan
nan	4.392800000000000296e+02	8.785600000000000354e-02	nan	3.660000000000000000e+02	6.921431894691523756e-02	2.954366113744209300e-03	1.750742754923256730e-03	1.070295929740160634e+00	4.704460789266466381e-01	nan
nan	4.348000000000000114e+02	8.695999999999999563e-02	nan	3.680000000000000000e+02	6.548392021572908839e-02	2.626540766610774118e-03	1.666253874554009641e-03	1.128073147693035905e+00	4.901278946418998750e-01	nan
nan	4.305600000000000591e+02	8.611199999999999410e-02	nan	3.700000000000000000e+02	6.899456100254611202e-02	2.909535967161677554e-03	1.744604920157942539e-03	1.076134817857328452e+00	4.632580429416923162e-01	nan
nan	4.237199999999999704e+02	8.474399999999999988e-02	nan	3.720000000000000000e+02	6.824363146653922296e-02	2.910831073811804767e-03	1.683423771968894488e-03	1.092886566036847196e+00	4.628879314898292074e-01	nan
nan	4.235600000000000591e+02	8.471199999999999564e-02	nan	3.740000000000000000e+02	7.275609833240195834e-02	2.936388694454703657e-03	1.676195999694426748e-03	1.029337741605206968e+00	4.362438976258474210e-01	nan
nan	4.204399999999999409e+02	8.408799999999999608e-02	nan	3.760000000000000000e+02	6.974886969447652296e-02	2.757200909820374003e-03	1.639891242970757971e-03	1.082187557281731660e+00	4.550317785649889979e-01	nan
nan	4.097199999999999704e+02	8.194399999999998907e-02	nan	3.780000000000000000e+02	6.710228506769452816e-02	2.951494454672457923e-03	1.662639284215928397e-03	1.129743443167784633e+00	4.627886212069300953e-01	nan
nan	3.983600000000000136e+02	7.967199999999999283e-02	nan	3.800000000000000000e+02	6.664191914686853901e-02	2.729998466362330237e-03	1.633274410520175676e-03	1.141280207901675503e+00	4.548877943869702456e-01	nan
nan	4.005600000000000023e+02	8.011199999999998878e-02	nan	3.820000000000000000e+02	6.851486140692941706e-02	2.983443167986506335e-03	1.682371691097119632e-03	1.117791676195461603e+00	4.480729624153651502e-01	nan
nan	3.847599999999999909e+02	7.695199999999999263e-02	nan	3.840000000000000000e+02	6.734943386038139135e-02	2.936472181864647341e-03	1.652746297395172367e-03	1.146203942747733295e+00	4.408514862247726041e-01	nan
nan	3.832400000000000091e+02	7.664799999999999391e-02	nan	3.860000000000000000e+02	7.037960372905217865e-02	2.996003998235922429e-03	1.694553469464691198e-03	1.101873621821960691e+00	4.222343893164192119e-01	nan
nan	3.786399999999999864e+02	7.572799999999998977e-02	nan	3.880000000000000000e+02	7.164528780176623868e-02	2.812806997241210777e-03	1.664791996281671628e-03	1.088249921841257351e+00	4.118855075548029099e-01	nan
nan	3.680800000000000409e+02	7.361600000000000088e-02	nan	3.900000000000000000e+02	7.498700757709229892e-02	2.906175495277412389e-03	1.689427274977333294e-03	1.046429486003303655e+00	3.851102332685589213e-01	nan
nan	3.598400000000000318e+02	7.196799999999999031e-02	nan	3.920000000000000000e+02	7.405559209048988289e-02	2.811242796357566950e-03	1.668903007933201631e-03	1.060950055453090179e+00	3.814034621123689739e-01	nan
nan	3.518799999999999955e+02	7.037599999999999412e-02	nan	3.940000000000000000e+02	7.534984363960575693e-02	2.853366862762777428e-03	1.740305616296923151e-03	1.052480148385351422e+00	3.699592998678744582e-01	nan
nan	3.386800000000000068e+02	6.773599999999999066e-02	nan	3.960000000000000000e+02	6.646743413173680781e-02	2.943796493049659086e-03	1.693048776682284842e-03	1.202569091628221010e+00	4.072320093206551195e-01	nan
nan	3.268000000000000114e+02	6.536000000000000143e-02	nan	3.980000000000000000e+02	7.650194145828208281e-02	2.746091170399133155e-03	1.651353993346241136e-03	1.046119392073772358e+00	3.417352928216705332e-01	nan
nan	3.241999999999999886e+02	6.484000000000000874e-02	nan	4.000000000000000000e+02	8.108797487554511574e-02	2.734893834612089902e-03	1.700447537472238053e-03	9.891114405584279234e-01	3.207895245625033143e-01	nan
nan	3.108000000000000114e+02	6.216000000000000691e-02	nan	4.020000000000000000e+02	7.284193519386462923e-02	2.881137353124070977e-03	1.695060803094813493e-03	1.106383629216965758e+00	3.436498379695717142e-01	nan
nan	3.046399999999999864e+02	6.092799999999999605e-02	nan	4.040000000000000000e+02	7.269108075743133113e-02	2.761829209543870036e-03	1.711902512242325551e-03	1.114965042593302647e+00	3.398450437442265271e-01	nan
nan	2.769599999999999795e+02	5.539199999999999680e-02	nan	4.060000000000000000e+02	7.430281558074966486e-02	2.721356158430178127e-03	1.690080955399991163e-03	1.101599760302543363e+00	3.051546152254361877e-01	nan
nan	2.181599999999999966e+02	4.363199999999999718e-02	nan	4.080000000000000000e+02	7.508597496769653379e-02	2.536622861727378352e-03	1.580257318435419585e-03	1.098288205345736568e+00	2.396534046287892572e-01	nan
nan	2.470800000000000125e+02	4.941600000000000159e-02	nan	4.100000000000000000e+02	7.546281329530757365e-02	2.623982868884621334e-03	1.702170840853221064e-03	1.092295134948862323e+00	2.695727728134725276e-01	nan
nan	2.488000000000000114e+02	4.975999999999999868e-02	nan	4.120000000000000000e+02	7.824120801926255642e-02	2.748095125742570748e-03	1.687445368961693754e-03	1.060633864744318533e+00	2.642106924517970690e-01	nan
nan	2.357199999999999704e+02	4.714399999999999841e-02	nan	4.140000000000000000e+02	8.103849578386870811e-02	2.806601655236586924e-03	1.589938578120014909e-03	1.022422360516095141e+00	2.408990241831749091e-01	nan
nan	2.302800000000000296e+02	4.605599999999999972e-02	nan	4.160000000000000000e+02	8.607169240065559723e-02	2.721192902442452245e-03	1.703965733914740172e-03	9.699687005873125489e-01	2.233545097092098641e-01	nan
nan	2.210400000000000205e+02	4.420799999999999730e-02	nan	4.180000000000000000e+02	7.593396273066901903e-02	2.895312747154162904e-03	1.644977017305644055e-03	1.108969481009011826e+00	2.451507044890063880e-01	nan
nan	2.039200000000000159e+02	4.078400000000000081e-02	nan	4.200000000000000000e+02	7.341045842231323781e-02	2.774759374662256854e-03	1.573208160256865922e-03	1.145034743184824011e+00	2.335255349214036547e-01	nan
nan	1.810799999999999841e+02	3.621599999999999819e-02	nan	4.220000000000000000e+02	7.646542535616390746e-02	3.085906699727612029e-03	1.626879779628839047e-03	1.107935623688253823e+00	2.009323695671763055e-01	nan
nan	1.778000000000000114e+02	3.556000000000000133e-02	nan	4.240000000000000000e+02	7.505775154870206189e-02	2.678384033828163594e-03	1.700768297998758770e-03	1.166113395420638188e+00	2.076141774186932021e-01	nan
nan	1.716400000000000148e+02	3.432799999999999740e-02	nan	4.260000000000000000e+02	7.933791349103558321e-02	2.581396273819818506e-03	1.653118503169784346e-03	1.079946442336040091e+00	1.855240192963353296e-01	nan
nan	1.560799999999999841e+02	3.121600000000000069e-02	nan	4.280000000000000000e+02	8.156853053087616268e-02	2.537850381996712389e-03	1.732723357313929345e-03	1.057267492825874289e+00	1.652309425828339673e-01	nan
nan	1.512400000000000091e+02	3.024799999999999711e-02	nan	4.300000000000000000e+02	8.022115724992545660e-02	2.372817309610992381e-03	1.625075555744240037e-03	1.088530790869384202e+00	1.644309673677800676e-01	nan
nan	1.434000000000000057e+02	2.868000000000000410e-02	nan	4.320000000000000000e+02	8.003006627299327769e-02	2.845176129876881860e-03	1.748219604114204049e-03	1.094681652606476874e+00	1.568442152540347745e-01	nan
nan	1.288000000000000114e+02	2.575999999999999471e-02	nan	4.340000000000000000e+02	7.604770828951587514e-02	2.662926782408359810e-03	1.666277703286350676e-03	1.153353591870724726e+00	1.490249501311999014e-01	nan
nan	1.178400000000000034e+02	2.356799999999999867e-02	nan	4.360000000000000000e+02	8.085596263545084816e-02	2.644281843580297258e-03	1.633307543493485751e-03	1.084612805022064475e+00	1.275514960855737845e-01	nan
nan	1.044400000000000119e+02	2.088799999999999685e-02	nan	4.380000000000000000e+02	7.625785379566878130e-02	2.821548364134275361e-03	1.535183660733366751e-03	1.198569688915896325e+00	1.253434884576624664e-01	nan
nan	8.764000000000000057e+01	1.752800000000000191e-02	nan	4.400000000000000000e+02	6.301170194288716053e-02	2.760354591764662031e-03	1.619795146637259455e-03	1.491381097957344082e+00	1.298434489570149675e-01	nan
nan	6.584000000000000341e+01	1.316799999999999915e-02	nan	4.420000000000000000e+02	8.241043390007689318e-02	2.606387437237662683e-03	1.564740864631407715e-03	1.091118631344889289e+00	7.189224697378712725e-02	nan
nan	5.076000000000000512e+01	1.015199999999999783e-02	nan	4.440000000000000000e+02	7.259028120479342483e-02	2.679214422068179526e-03	1.401308708570145030e-03	1.335533689470235652e+00	6.886272231061615900e-02	nan
nan	3.732000000000000028e+01	7.464000000000000148e-03	nan	4.460000000000000000e+02	7.603526530429008390e-02	2.652999308340144718e-03	1.478306209546994751e-03	1.239819656011745597e+00	4.582427987143741777e-02	nan
nan	3.464000000000000057e+01	6.927999999999999263e-03	nan	4.480000000000000000e+02	8.406598464105627388e-02	2.641972789502126245e-03	1.499472762004297076e-03	1.080774492590645064e+00	3.744181778337535987e-02	nan
nan	3.396000000000000085e+01	6.792000000000001161e-03	nan	4.500000000000000000e+02	9.634075686552023843e-02	2.103932840223744511e-03	1.648733820412774057e-03	9.379681213269025486e-01	3.189132489385753527e-02	nan
nan	3.091999999999999815e+01	6.183999999999999393e-03	nan	4.520000000000000000e+02	7.473294420589808584e-02	2.488963536277874391e-03	1.389863292365952924e-03	1.331246218142658755e+00	4.082341346061911513e-02	nan
nan	2.832000000000000028e+01	5.664000000000000631e-03	nan	4.540000000000000000e+02	7.486488533739248108e-02	2.427711116578724470e-03	1.395363477945476540e-03	1.329063760215801526e+00	3.793775516558171162e-02	nan
nan	3.039999999999999858e+01	6.080000000000000335e-03	nan	4.560000000000000000e+02	9.795202550527391805e-02	2.286432435521522193e-03	1.579815600837388995e-03	9.556906548871036966e-01	2.874698642157521439e-02	nan
nan	2.891999999999999815e+01	5.784000000000000079e-03	nan	4.580000000000000000e+02	7.365151672825959173e-02	2.425747379789791429e-03	1.490239927381781151e-03	1.270626531392228475e+00	3.669133334232529964e-02	nan
nan	2.936000000000000298e+01	5.872000000000000483e-03	nan	4.600000000000000000e+02	7.503878850951878343e-02	2.346777581234298516e-03	1.376062673820696884e-03	1.231085264940824819e+00	3.610818545806783464e-02	nan
nan	2.880000000000000071e+01	5.759999999999999495e-03	nan	4.620000000000000000e+02	7.159873268432420668e-02	2.320108218889954752e-03	1.579913199316339322e-03	1.329112959872754685e+00	3.833171474958790848e-02	nan
nan	2.891999999999999815e+01	5.784000000000000079e-03	nan	4.640000000000000000e+02	8.279135682734703461e-02	3.118574489140807544e-03	1.436279176543135737e-03	1.167353583131318873e+00	3.358631026884369153e-02	nan
nan	3.264000000000000057e+01	6.527999999999999081e-03	nan	4.660000000000000000e+02	7.669883934866447706e-02	2.696725123396431171e-03	1.382752884827920248e-03	1.221682195551279104e+00	4.003425013673150845e-02	nan
nan	3.256000000000000227e+01	6.512000000000001294e-03	nan	4.680000000000000000e+02	8.999509852203117777e-02	2.501393170096242406e-03	1.558147250648386772e-03	1.077950344726212206e+00	3.460673313766875897e-02	nan
nan	3.456000000000000227e+01	6.911999999999998874e-03	nan	4.700000000000000000e+02	9.281584086946167989e-02	2.442088032372446114e-03	1.438107030716732860e-03	1.013576392886330613e+00	3.503357428728409717e-02	nan
nan	3.867999999999999972e+01	7.736000000000001556e-03	nan	4.720000000000000000e+02	9.054850315211296352e-02	2.485113414110859485e-03	1.491560253879544405e-03	1.047059702507202816e+00	4.062142271700282942e-02	nan
nan	4.200000000000000000e+01	8.399999999999999481e-03	nan	4.740000000000000000e+02	9.322255739236424976e-02	2.714183165713714672e-03	1.584548632398431007e-03	1.042381953662587568e+00	4.383688911833132779e-02	nan
nan	4.579999999999999716e+01	9.159999999999998005e-03	nan	4.760000000000000000e+02	8.303395037302833959e-02	2.541033531378216435e-03	1.661569661948648132e-03	1.154929189072384732e+00	5.299435119331367960e-02	nan
nan	4.888000000000000256e+01	9.775999999999999968e-03	nan	4.780000000000000000e+02	1.009753799682948650e-01	3.096351973851691787e-03	1.568234932155518953e-03	9.631377516853467657e-01	4.688369155658117515e-02	nan
nan	4.871999999999999886e+01	9.743999999999999190e-03	nan	4.800000000000000000e+02	9.213890573524621819e-02	2.946710174146590332e-03	1.551736791648024652e-03	1.056551266795824118e+00	5.125036987878535399e-02	nan
nan	5.616000000000000369e+01	1.123200000000000066e-02	nan	4.820000000000000000e+02	7.832160619755086650e-02	2.663134191382755291e-03	1.558544850208879460e-03	1.353115582938286376e+00	7.616356102526979088e-02	nan
nan	5.700000000000000000e+01	1.140000000000000215e-02	nan	4.840000000000000000e+02	8.066644181861193363e-02	2.731311257179880846e-03	1.560655714241995177e-03	1.228354943464757598e+00	6.994006906559858960e-02	nan
nan	5.939999999999999858e+01	1.187999999999999820e-02	nan	4.860000000000000000e+02	7.007854641093216874e-02	2.741853161747217441e-03	1.528071255903329763e-03	1.407606176162578437e+00	8.356396119980227799e-02	nan
nan	6.123999999999999488e+01	1.224799999999999847e-02	nan	4.880000000000000000e+02	8.473551225826667088e-02	2.499769029358215287e-03	1.510500568508138476e-03	1.160978699448130813e+00	7.097995030213855028e-02	nan
nan	6.047999999999999687e+01	1.209599999999999911e-02	nan	4.900000000000000000e+02	1.065648931947180272e-01	2.845516797366731861e-03	1.446954156464203001e-03	9.354938517798373487e-01	5.682890787612385891e-02	nan
nan	6.335999999999999943e+01	1.267199999999999924e-02	nan	4.920000000000000000e+02	8.537516806434723715e-02	2.550238100704049944e-03	1.544988687129802670e-03	1.169231929540718307e+00	7.369214711403265783e-02	nan
nan	6.687999999999999545e+01	1.337599999999999900e-02	nan	4.940000000000000000e+02	1.041655485462615605e-01	2.610678287311389047e-03	1.468360001029721815e-03	9.603273647106418398e-01	6.434827857008677821e-02	nan
nan	6.484000000000000341e+01	1.296799999999999863e-02	nan	4.960000000000000000e+02	8.752607938582514235e-02	2.315782605359572970e-03	1.712373893640132703e-03	1.148439494798338956e+00	7.473253307317744010e-02	nan
nan	6.600000000000000000e+01	1.319999999999999993e-02	nan	4.980000000000000000e+02	9.487174471505568918e-02	2.250270467292792096e-03	1.375029447508070149e-03	1.071097413529596087e+00	7.030797024179176458e-02	nan
nan	6.632000000000000739e+01	1.326400000000000148e-02	nan	5.000000000000000000e+02	9.722407664337880118e-02	2.786512022052844029e-03	1.477026374576317002e-03	1.038150836443739955e+00	6.875341365445597486e-02	nan
nan	7.143999999999999773e+01	1.428799999999999862e-02	nan	5.020000000000000000e+02	8.145230141713909189e-02	2.616108947590610814e-03	1.632778888411353475e-03	1.270146612699029065e+00	9.095186803842617018e-02	nan
nan	6.879999999999999716e+01	1.375999999999999966e-02	nan	5.040000000000000000e+02	1.046401783564397253e-01	2.666925829578730475e-03	1.681091829895228719e-03	9.915496498004774395e-01	6.814185795825491998e-02	nan
nan	7.028000000000000114e+01	1.405599999999999905e-02	nan	5.060000000000000000e+02	1.015293618823125132e-01	2.551797681148926938e-03	1.671920582832407687e-03	1.000082792334177739e+00	7.023117976487061598e-02	nan
nan	7.547999999999998977e+01	1.509600000000000178e-02	nan	5.080000000000000000e+02	9.833051720395816209e-02	2.435429762271962371e-03	1.475448374909193398e-03	1.047186635400346066e+00	7.897655895225488831e-02	nan
nan	6.896000000000000796e+01	1.379199999999999871e-02	nan	5.100000000000000000e+02	9.023971565437023667e-02	2.446369754246048318e-03	1.400598457836515955e-03	1.254995316094117630e+00	8.730294779412677009e-02	nan
