# SourcePhotonFlux	NumberRaysSurvived	PercentageRaysSurvived	PhotonFlux	PhotonEnergy	Bandwidth	HorizontalFocusFWHM	VerticalFocusFWHM	EnergyPerMilPerBw	FluxPerMilPerBwPerc	FluxPerMilPerBwAbs
nan	5.000000000000000000e+05	1.000000000000000000e+02	nan	5.000000000000000000e+01	4.997694046383145683e-02	1.967864383658025074e-01	9.434912712779210120e-02	1.000461472454786893e+00	1.000461472454786929e+02	nan
nan	5.000000000000000000e+05	1.000000000000000000e+02	nan	6.000000000000000000e+01	5.998741486700111952e-02	1.953029556327327831e-01	8.794680638691310115e-02	1.000209808722704485e+00	1.000209808722704565e+02	nan
nan	5.000000000000000000e+05	1.000000000000000000e+02	nan	7.000000000000000000e+01	6.996892015754667404e-02	1.925964255914779655e-01	8.019444589346066965e-02	1.000444261394531908e+00	1.000444261394531935e+02	nan
nan	5.000000000000000000e+05	1.000000000000000000e+02	nan	8.000000000000000000e+01	6.973368616025554800e-02	1.914006533651863295e-01	7.529048447707509251e-02	1.188616044466781041e+00	1.188616044466781148e+02	nan
nan	5.000000000000000000e+05	1.000000000000000000e+02	nan	9.000000000000000000e+01	8.994894008115750239e-02	1.886470252506930179e-01	7.210951348531639826e-02	1.000568052299503741e+00	1.000568052299503563e+02	nan
nan	5.000000000000000000e+05	1.000000000000000000e+02	nan	1.000000000000000000e+02	9.996276447821231259e-02	1.877817949209183712e-01	6.838983836134659988e-02	1.000372651355406761e+00	1.000372651355406788e+02	nan
nan	5.000000000000000000e+05	1.000000000000000000e+02	nan	1.100000000000000000e+02	1.099754344416822988e-01	1.869246964138523981e-01	6.592012652332981948e-02	1.000223390151383285e+00	1.000223390151383285e+02	nan
nan	5.000000000000000000e+05	1.000000000000000000e+02	nan	1.200000000000000000e+02	1.199644013618183236e-01	1.869286209343205829e-01	6.316827445002923258e-02	1.000296765902711549e+00	1.000296765902711655e+02	nan
nan	5.000000000000000000e+05	1.000000000000000000e+02	nan	1.300000000000000000e+02	1.299687045236623817e-01	1.862247845008662972e-01	6.147200868457203260e-02	1.000240895076726311e+00	1.000240895076726275e+02	nan
nan	5.000000000000000000e+05	1.000000000000000000e+02	nan	1.400000000000000000e+02	1.399749885049402509e-01	1.865300993061974888e-01	5.959777666679447888e-02	1.000178696159301994e+00	1.000178696159302092e+02	nan
nan	5.000000000000000000e+05	1.000000000000000000e+02	nan	1.500000000000000000e+02	1.499685688558258789e-01	1.853884517822171896e-01	5.772472118654822099e-02	1.000209592831072580e+00	1.000209592831072598e+02	nan
nan	5.000000000000000000e+05	1.000000000000000000e+02	nan	1.600000000000000000e+02	1.598106909218700022e-01	1.835804479414166746e-01	5.660628898183404922e-02	1.001185186363147794e+00	1.001185186363147750e+02	nan
nan	5.000000000000000000e+05	1.000000000000000000e+02	nan	1.700000000000000000e+02	1.698926800249864755e-01	1.825714329250004431e-01	5.485986334927582531e-02	1.000632408857261790e+00	1.000632408857261737e+02	nan
nan	5.000000000000000000e+05	1.000000000000000000e+02	nan	1.800000000000000000e+02	1.799347606730293536e-01	1.826073056408799300e-01	5.384673343791024358e-02	1.000362639776657847e+00	1.000362639776657971e+02	nan
nan	5.000000000000000000e+05	1.000000000000000000e+02	nan	1.900000000000000000e+02	1.899318664125644318e-01	1.821553371175769764e-01	5.255864433285008935e-02	1.000358757301742729e+00	1.000358757301742685e+02	nan
nan	5.000000000000000000e+05	1.000000000000000000e+02	nan	2.000000000000000000e+02	1.871825988204439961e-01	1.821718268972852550e-01	5.316686983900256042e-02	1.094061542459193959e+00	1.094061542459193959e+02	nan
nan	5.000000000000000000e+05	1.000000000000000000e+02	nan	2.100000000000000000e+02	1.963883778162548999e-01	1.821791002218360878e-01	5.094235505969063604e-02	1.094938795080182103e+00	1.094938795080182246e+02	nan
nan	5.000000000000000000e+05	1.000000000000000000e+02	nan	2.200000000000000000e+02	2.198503102740005377e-01	1.826729242380260021e-01	5.012134555304361555e-02	1.000681439287422370e+00	1.000681439287422307e+02	nan
nan	5.000000000000000000e+05	1.000000000000000000e+02	nan	2.300000000000000000e+02	2.299348222718265444e-01	1.814074838651997534e-01	4.895794222208586788e-02	1.000283480854108120e+00	1.000283480854108120e+02	nan
nan	5.000000000000000000e+05	1.000000000000000000e+02	nan	2.400000000000000000e+02	2.397649526588452318e-01	1.794677224633899892e-01	4.823562911653554719e-02	1.000981038559786818e+00	1.000981038559786924e+02	nan
nan	5.000000000000000000e+05	1.000000000000000000e+02	nan	2.500000000000000000e+02	2.499422829818399860e-01	1.807915082332813284e-01	4.788140776372695750e-02	1.000230938407459913e+00	1.000230938407460002e+02	nan
nan	5.000000000000000000e+05	1.000000000000000000e+02	nan	2.600000000000000000e+02	2.599060464510444257e-01	1.825391330787360933e-01	4.681111181085260281e-02	1.000361531446653185e+00	1.000361531446653061e+02	nan
nan	5.000000000000000000e+05	1.000000000000000000e+02	nan	2.700000000000000000e+02	2.698751428701712252e-01	1.802818145150529849e-01	4.734016396176385366e-02	1.000462687354167546e+00	1.000462687354167599e+02	nan
nan	5.000000000000000000e+05	1.000000000000000000e+02	nan	2.800000000000000000e+02	2.794596416647436854e-01	1.864162097059935130e-01	4.574818416803454191e-02	1.001935961826910582e+00	1.001935961826910813e+02	nan
nan	5.000000000000000000e+05	1.000000000000000000e+02	nan	2.900000000000000000e+02	2.898955315174134850e-01	1.802501002243774020e-01	4.529555477661521834e-02	1.000360429968035758e+00	1.000360429968035731e+02	nan
nan	5.000000000000000000e+05	1.000000000000000000e+02	nan	3.000000000000000000e+02	2.998192693302940137e-01	1.808391049234015779e-01	4.580690461703129657e-02	1.000602852610065430e+00	1.000602852610065554e+02	nan
nan	5.000000000000000000e+05	1.000000000000000000e+02	nan	3.100000000000000000e+02	3.098182651082083683e-01	1.839224944350277835e-01	4.427222472355622773e-02	1.000587062260896776e+00	1.000587062260896687e+02	nan
nan	5.000000000000000000e+05	1.000000000000000000e+02	nan	3.200000000000000000e+02	3.197637784262610805e-01	1.798919499641122299e-01	4.373336101116138963e-02	1.000739011146511759e+00	1.000739011146511501e+02	nan
nan	5.000000000000000000e+05	1.000000000000000000e+02	nan	3.300000000000000000e+02	3.297692673467167990e-01	1.803844559147062820e-01	4.337922971760788809e-02	1.000699967202069551e+00	1.000699967202069729e+02	nan
nan	5.000000000000000000e+05	1.000000000000000000e+02	nan	3.400000000000000000e+02	3.397446184301429750e-01	1.795797736778295961e-01	4.304129628117050327e-02	1.000752259568617575e+00	1.000752259568617717e+02	nan
nan	5.000000000000000000e+05	1.000000000000000000e+02	nan	3.500000000000000000e+02	3.499591063378147959e-01	1.790966421549108067e-01	4.244492272248538700e-02	1.000116855932389193e+00	1.000116855932388944e+02	nan
nan	5.000000000000000000e+05	1.000000000000000000e+02	nan	3.600000000000000000e+02	3.598904713634055730e-01	1.803448947637913968e-01	4.209978141830982706e-02	1.000304355216067975e+00	1.000304355216068188e+02	nan
nan	5.000000000000000000e+05	1.000000000000000000e+02	nan	3.700000000000000000e+02	3.459491077657838032e-01	1.800981099662319618e-01	4.284202168281579792e-02	1.095216935146470005e+00	1.095216935146469979e+02	nan
nan	5.000000000000000000e+05	1.000000000000000000e+02	nan	3.800000000000000000e+02	3.798473126522935450e-01	1.790022779614222626e-01	4.139857521290322973e-02	1.000402035779897503e+00	1.000402035779897574e+02	nan
nan	5.000000000000000000e+05	1.000000000000000000e+02	nan	3.900000000000000000e+02	3.899070273818097121e-01	1.801430875959109945e-01	4.093563379375741995e-02	1.000238479671074598e+00	1.000238479671074572e+02	nan
nan	5.000000000000000000e+05	1.000000000000000000e+02	nan	4.000000000000000000e+02	3.997103563054679176e-01	1.786120434294943549e-01	4.068619357886136406e-02	1.000725269995800026e+00	1.000725269995800062e+02	nan
nan	5.000000000000000000e+05	1.000000000000000000e+02	nan	4.100000000000000000e+02	4.097986239029182687e-01	1.796249307282353214e-01	4.061627343493564440e-02	1.000491835323246814e+00	1.000491835323246903e+02	nan
nan	5.000000000000000000e+05	1.000000000000000000e+02	nan	4.200000000000000000e+02	4.194333416016775007e-01	1.799451981572372516e-01	4.010400013287555854e-02	1.001355239990115775e+00	1.001355239990115962e+02	nan
nan	5.000000000000000000e+05	1.000000000000000000e+02	nan	4.300000000000000000e+02	4.022534098269208158e-01	1.816375155448594902e-01	4.062923436931277499e-02	1.094810961678215122e+00	1.094810961678215335e+02	nan
nan	5.000000000000000000e+05	1.000000000000000000e+02	nan	4.400000000000000000e+02	4.397141247683293841e-01	1.835433836985478906e-01	3.971441739830983142e-02	1.000650480833676026e+00	1.000650480833676284e+02	nan
nan	5.000000000000000000e+05	1.000000000000000000e+02	nan	4.500000000000000000e+02	4.497285727121947962e-01	1.785852142821769406e-01	3.954446063265754097e-02	1.000604422849218134e+00	1.000604422849217912e+02	nan
nan	5.000000000000000000e+05	1.000000000000000000e+02	nan	4.600000000000000000e+02	4.598715147758980493e-01	1.805301987446626122e-01	3.940271147657040118e-02	1.000279481958870509e+00	1.000279481958870491e+02	nan
nan	5.000000000000000000e+05	1.000000000000000000e+02	nan	4.700000000000000000e+02	4.697492999134055824e-01	1.779737981545833903e-01	3.924102942201544708e-02	1.000533911496348738e+00	1.000533911496348765e+02	nan
nan	5.000000000000000000e+05	1.000000000000000000e+02	nan	4.800000000000000000e+02	4.797149881340146971e-01	1.848439288299436878e-01	3.860662161515011209e-02	1.000594512775369704e+00	1.000594512775369651e+02	nan
nan	5.000000000000000000e+05	1.000000000000000000e+02	nan	4.900000000000000000e+02	4.899104364681193258e-01	1.788819679016956654e-01	3.867965750241635081e-02	1.000182830436930459e+00	1.000182830436930317e+02	nan
nan	5.000000000000000000e+05	1.000000000000000000e+02	nan	5.000000000000000000e+02	4.677029527784503093e-01	1.798643940519790152e-01	3.830229814011690964e-02	1.094856121199649923e+00	1.094856121199649834e+02	nan
nan	5.000000000000000000e+05	1.000000000000000000e+02	nan	5.100000000000000000e+02	5.097054679709686065e-01	1.791276359002642871e-01	3.780180681202315734e-02	1.000578067160089901e+00	1.000578067160089830e+02	nan
nan	5.000000000000000000e+05	1.000000000000000000e+02	nan	5.200000000000000000e+02	5.198611997849866828e-01	1.797299507928286355e-01	3.792370262722404017e-02	1.000267103421629500e+00	1.000267103421629429e+02	nan
nan	5.000000000000000000e+05	1.000000000000000000e+02	nan	5.300000000000000000e+02	5.299126812110216411e-01	1.794436711836508158e-01	3.782567905311555456e-02	1.000164785453851568e+00	1.000164785453851835e+02	nan
nan	5.000000000000000000e+05	1.000000000000000000e+02	nan	5.400000000000000000e+02	5.052149606034026519e-01	1.767405784784125411e-01	3.752358520611850934e-02	1.094483746730762652e+00	1.094483746730762732e+02	nan
nan	5.000000000000000000e+05	1.000000000000000000e+02	nan	5.500000000000000000e+02	5.498961337061473165e-01	1.779297725234552374e-01	3.688219473534609660e-02	1.000188889665615921e+00	1.000188889665615761e+02	nan
nan	5.000000000000000000e+05	1.000000000000000000e+02	nan	5.600000000000000000e+02	5.595671924322231927e-01	1.785240424079853061e-01	3.733529732764954978e-02	1.000773693531698427e+00	1.000773693531698427e+02	nan
nan	5.000000000000000000e+05	1.000000000000000000e+02	nan	5.700000000000000000e+02	5.695179033668864577e-01	1.804458814314778281e-01	3.717158405183158820e-02	1.000847690610690233e+00	1.000847690610690108e+02	nan
nan	5.000000000000000000e+05	1.000000000000000000e+02	nan	5.800000000000000000e+02	5.798821157447491270e-01	1.785765695953851762e-01	3.675994309458072151e-02	1.000203314715653491e+00	1.000203314715653420e+02	nan
nan	5.000000000000000000e+05	1.000000000000000000e+02	nan	5.900000000000000000e+02	5.899085329842137515e-01	1.793081164846032916e-01	3.643985042550430820e-02	1.000155057577316597e+00	1.000155057577316740e+02	nan
nan	5.000000000000000000e+05	1.000000000000000000e+02	nan	6.000000000000000000e+02	5.997959978730478259e-01	1.823557356438408328e-01	3.635991973085608842e-02	1.000340154946870674e+00	1.000340154946870683e+02	nan
nan	5.000000000000000000e+05	1.000000000000000000e+02	nan	6.100000000000000000e+02	6.097531459154424960e-01	1.799598360644446837e-01	3.605508890301841601e-02	1.000405005379681800e+00	1.000405005379681711e+02	nan
nan	5.000000000000000000e+05	1.000000000000000000e+02	nan	6.200000000000000000e+02	6.191007503898845465e-01	1.778578884789142889e-01	3.597627761165983484e-02	1.001453103302258896e+00	1.001453103302258967e+02	nan
nan	5.000000000000000000e+05	1.000000000000000000e+02	nan	6.300000000000000000e+02	6.297510903404599514e-01	1.791466374834167763e-01	3.610446009745656160e-02	1.000395462752452502e+00	1.000395462752452431e+02	nan
nan	5.000000000000000000e+05	1.000000000000000000e+02	nan	6.400000000000000000e+02	6.397671269424108909e-01	1.785109792272554508e-01	3.682000747384517325e-02	1.000364155751467532e+00	1.000364155751467763e+02	nan
nan	5.000000000000000000e+05	1.000000000000000000e+02	nan	6.500000000000000000e+02	6.491628426890884151e-01	1.791396307075013294e-01	3.601234982027250869e-02	1.001290474455055257e+00	1.001290474455055488e+02	nan
nan	5.000000000000000000e+05	1.000000000000000000e+02	nan	6.600000000000000000e+02	6.594314433977160883e-01	1.789300112643961993e-01	3.565651801726711645e-02	1.000863128130761392e+00	1.000863128130761481e+02	nan
nan	5.000000000000000000e+05	1.000000000000000000e+02	nan	6.700000000000000000e+02	6.698536774529657567e-01	1.792108918398746809e-01	3.554273979997546462e-02	1.000218475912950211e+00	1.000218475912950282e+02	nan
nan	5.000000000000000000e+05	1.000000000000000000e+02	nan	6.800000000000000000e+02	6.798157614718774999e-01	1.793369630633893930e-01	3.536898276225932530e-02	1.000271055712345758e+00	1.000271055712345571e+02	nan
nan	5.000000000000000000e+05	1.000000000000000000e+02	nan	6.900000000000000000e+02	6.897997065018444118e-01	1.770917335165639872e-01	3.534800327892837629e-02	1.000290407804042880e+00	1.000290407804042871e+02	nan
nan	5.000000000000000000e+05	1.000000000000000000e+02	nan	7.000000000000000000e+02	6.997415317553304925e-01	1.778579892290136633e-01	3.511106878014285532e-02	1.000369510085939551e+00	1.000369510085939595e+02	nan
nan	5.000000000000000000e+05	1.000000000000000000e+02	nan	7.100000000000000000e+02	7.098577497762107447e-01	1.794658345092936258e-01	3.479200905473921190e-02	1.000200396751514731e+00	1.000200396751514518e+02	nan
nan	5.000000000000000000e+05	1.000000000000000000e+02	nan	7.200000000000000000e+02	7.195259401271414390e-01	1.786487642568373724e-01	3.502783792344212749e-02	1.000659427865760787e+00	1.000659427865760875e+02	nan
nan	5.000000000000000000e+05	1.000000000000000000e+02	nan	7.300000000000000000e+02	7.296793554079841204e-01	1.787777324474198459e-01	3.466698594544798118e-02	1.000439627381719543e+00	1.000439627381719419e+02	nan
nan	5.000000000000000000e+05	1.000000000000000000e+02	nan	7.400000000000000000e+02	7.396444177703642708e-01	1.795474353449194593e-01	3.467015655779107780e-02	1.000480966997013832e+00	1.000480966997013894e+02	nan
nan	5.000000000000000000e+05	1.000000000000000000e+02	nan	7.500000000000000000e+02	7.492038073396998232e-01	1.817922470031902993e-01	3.431246127348870634e-02	1.001063526389236902e+00	1.001063526389236955e+02	nan
nan	5.000000000000000000e+05	1.000000000000000000e+02	nan	7.600000000000000000e+02	7.592890007432060440e-01	1.766170023643663101e-01	3.438962974468093292e-02	1.000936918580425772e+00	1.000936918580425896e+02	nan
nan	5.000000000000000000e+05	1.000000000000000000e+02	nan	7.700000000000000000e+02	7.694860417396285346e-01	1.787070893358885526e-01	3.435280526168447979e-02	1.000668481709487301e+00	1.000668481709487168e+02	nan
nan	5.000000000000000000e+05	1.000000000000000000e+02	nan	7.800000000000000000e+02	7.794548395377887129e-01	1.776876261549531488e-01	3.420686623051170244e-02	1.000699562722741742e+00	1.000699562722741973e+02	nan
nan	5.000000000000000000e+05	1.000000000000000000e+02	nan	7.900000000000000000e+02	7.897271614144983909e-01	1.820825837912388445e-01	3.416133528904918837e-02	1.000345601001046525e+00	1.000345601001046560e+02	nan
nan	5.000000000000000000e+05	1.000000000000000000e+02	nan	8.000000000000000000e+02	7.958790285892518579e-01	1.816841539113336346e-01	3.389946287596736635e-02	1.005281610156799843e+00	1.005281610156799985e+02	nan
nan	5.000000000000000000e+05	1.000000000000000000e+02	nan	8.100000000000000000e+02	8.097746372372739421e-01	1.769881766607223905e-01	3.400784303536551895e-02	1.000278351499318541e+00	1.000278351499318461e+02	nan
nan	5.000000000000000000e+05	1.000000000000000000e+02	nan	8.200000000000000000e+02	8.194097508747972824e-01	1.768191570510378174e-01	3.384836453011165480e-02	1.000721063301573510e+00	1.000721063301573395e+02	nan
nan	5.000000000000000000e+05	1.000000000000000000e+02	nan	8.300000000000000000e+02	8.296554112162993766e-01	1.771901375102054865e-01	3.386604322187526661e-02	1.000415529748073684e+00	1.000415529748073453e+02	nan
nan	5.000000000000000000e+05	1.000000000000000000e+02	nan	8.400000000000000000e+02	8.383353091668823698e-01	1.777356730927967532e-01	3.380672894567225695e-02	1.001999335126689150e+00	1.001999335126689061e+02	nan
nan	5.000000000000000000e+05	1.000000000000000000e+02	nan	8.500000000000000000e+02	8.498039776514815236e-01	1.791600602647021867e-01	3.456832430245095761e-02	1.000230692776296504e+00	1.000230692776296735e+02	nan
nan	5.000000000000000000e+05	1.000000000000000000e+02	nan	8.600000000000000000e+02	8.594801203111955834e-01	1.766428177926850918e-01	3.359901125984186138e-02	1.000605101609000958e+00	1.000605101609000656e+02	nan
nan	5.000000000000000000e+05	1.000000000000000000e+02	nan	8.700000000000000000e+02	8.693805714558948683e-01	1.790983435876384866e-01	3.403585654279638051e-02	1.000712882001655535e+00	1.000712882001655402e+02	nan
nan	5.000000000000000000e+05	1.000000000000000000e+02	nan	8.800000000000000000e+02	8.786174866878354583e-01	1.799329671316984292e-01	3.351218252602077702e-02	1.001577131076430094e+00	1.001577131076430049e+02	nan
nan	5.000000000000000000e+05	1.000000000000000000e+02	nan	8.900000000000000000e+02	8.330426969734998632e-01	1.779524433961179319e-01	3.311383223437600054e-02	1.093953574937370998e+00	1.093953574937371087e+02	nan
nan	5.000000000000000000e+05	1.000000000000000000e+02	nan	9.000000000000000000e+02	8.422868917351067353e-01	1.776329373636634235e-01	3.332707160743984820e-02	1.094192090164489706e+00	1.094192090164489883e+02	nan
nan	5.000000000000000000e+05	1.000000000000000000e+02	nan	9.100000000000000000e+02	9.097617455522822860e-01	1.774834242115377880e-01	3.316587290668505938e-02	1.000261927844147358e+00	1.000261927844147323e+02	nan
nan	5.000000000000000000e+05	1.000000000000000000e+02	nan	9.200000000000000000e+02	9.192405874936866450e-01	1.780474103774341010e-01	3.294582197183018590e-02	1.000826714274134499e+00	1.000826714274134446e+02	nan
nan	5.000000000000000000e+05	1.000000000000000000e+02	nan	9.300000000000000000e+02	9.295971458285521294e-01	1.779987599606430437e-01	3.284586783168141899e-02	1.000433639915559780e+00	1.000433639915559922e+02	nan
nan	5.000000000000000000e+05	1.000000000000000000e+02	nan	9.400000000000000000e+02	9.395926147327600120e-01	1.792781356931426595e-01	3.268054609716351117e-02	1.000433691528458402e+00	1.000433691528458411e+02	nan
nan	5.000000000000000000e+05	1.000000000000000000e+02	nan	9.500000000000000000e+02	9.493613383603360933e-01	1.789064064925863229e-01	3.354290230233083342e-02	1.000673325872238006e+00	1.000673325872238024e+02	nan
nan	5.000000000000000000e+05	1.000000000000000000e+02	nan	9.600000000000000000e+02	9.584799307915545796e-01	1.791314027457264202e-01	3.261423064943114181e-02	1.001593923264835428e+00	1.001593923264835269e+02	nan
nan	5.000000000000000000e+05	1.000000000000000000e+02	nan	9.700000000000000000e+02	9.692584102651835565e-01	1.772953714980902984e-01	3.308388207669584608e-02	1.000765339574823276e+00	1.000765339574823258e+02	nan
nan	5.000000000000000000e+05	1.000000000000000000e+02	nan	9.800000000000000000e+02	9.796185838015162295e-01	1.785444499528863194e-01	3.260597158935928108e-02	1.000389658700621132e+00	1.000389658700621140e+02	nan
nan	5.000000000000000000e+05	1.000000000000000000e+02	nan	9.900000000000000000e+02	9.260544695892329869e-01	1.794007717724190598e-01	3.265526731588854620e-02	1.094667175081160071e+00	1.094667175081159911e+02	nan
nan	5.000000000000000000e+05	1.000000000000000000e+02	nan	1.000000000000000000e+03	9.986402581652782384e-01	1.779922774099517435e-01	3.251908966876290025e-02	1.001365415360885081e+00	1.001365415360885009e+02	nan
nan	5.000000000000000000e+05	1.000000000000000000e+02	nan	1.010000000000000000e+03	1.008467134264401377e+00	1.781110358114757486e-01	3.256488261123914596e-02	1.001523150191781175e+00	1.001523150191781326e+02	nan
nan	5.000000000000000000e+05	1.000000000000000000e+02	nan	1.020000000000000000e+03	1.018960606817040482e+00	1.786639679335222941e-01	3.239435700866555301e-02	1.001021004026204420e+00	1.001021004026204366e+02	nan
nan	5.000000000000000000e+05	1.000000000000000000e+02	nan	1.030000000000000000e+03	1.029866030087532636e+00	1.819426995519473622e-01	3.234257655678620530e-02	1.000130090399549143e+00	1.000130090399549090e+02	nan
nan	5.000000000000000000e+05	1.000000000000000000e+02	nan	1.040000000000000000e+03	1.039521834509469000e+00	1.780045537362997532e-01	3.207350938457252665e-02	1.000460055476536825e+00	1.000460055476536780e+02	nan
nan	5.000000000000000000e+05	1.000000000000000000e+02	nan	1.050000000000000000e+03	1.049791561981055610e+00	1.780356472264493506e-01	3.234026666277305118e-02	1.000198572192609436e+00	1.000198572192609419e+02	nan
nan	5.000000000000000000e+05	1.000000000000000000e+02	nan	1.060000000000000000e+03	1.059375576918182515e+00	1.781212778108051675e-01	3.205309552128071671e-02	1.000589821981966221e+00	1.000589821981966168e+02	nan
nan	5.000000000000000000e+05	1.000000000000000000e+02	nan	1.070000000000000000e+03	1.069786909673166475e+00	1.786409383778591597e-01	3.230761179963605872e-02	1.000199233521503972e+00	1.000199233521503999e+02	nan
nan	5.000000000000000000e+05	1.000000000000000000e+02	nan	1.080000000000000000e+03	1.079513182276286898e+00	1.786342194044439613e-01	3.177562764649800170e-02	1.000451156349433379e+00	1.000451156349433433e+02	nan
nan	5.000000000000000000e+05	1.000000000000000000e+02	nan	1.090000000000000000e+03	1.089733738041195554e+00	1.792378593641019702e-01	3.213359438752012853e-02	1.000244360382287034e+00	1.000244360382287141e+02	nan
nan	5.000000000000000000e+05	1.000000000000000000e+02	nan	1.100000000000000000e+03	1.099705935834754289e+00	1.779459807065542909e-01	3.182137024349390719e-02	1.000267443484732954e+00	1.000267443484732865e+02	nan
nan	5.000000000000000000e+05	1.000000000000000000e+02	nan	1.110000000000000000e+03	1.109520529127303146e+00	1.778422060874285671e-01	3.210180979694619158e-02	1.000432420496041974e+00	1.000432420496041743e+02	nan
nan	5.000000000000000000e+05	1.000000000000000000e+02	nan	1.120000000000000000e+03	1.119579120190519417e+00	1.776855968729031399e-01	3.177200765853228914e-02	1.000375966639052150e+00	1.000375966639052336e+02	nan
nan	5.000000000000000000e+05	1.000000000000000000e+02	nan	1.130000000000000000e+03	1.129813851771723332e+00	1.796022491225254814e-01	3.157365243646540615e-02	1.000164775787243832e+00	1.000164775787243912e+02	nan
nan	5.000000000000000000e+05	1.000000000000000000e+02	nan	1.140000000000000000e+03	1.139750696427381582e+00	1.787122442532541877e-01	3.170481420757807062e-02	1.000218751968785735e+00	1.000218751968785682e+02	nan
nan	5.000000000000000000e+05	1.000000000000000000e+02	nan	1.150000000000000000e+03	1.149693430279376205e+00	1.780912129091028751e-01	3.173483929341823495e-02	1.000266673208174195e+00	1.000266673208174524e+02	nan
nan	5.000000000000000000e+05	1.000000000000000000e+02	nan	1.160000000000000000e+03	1.159519449034496663e+00	1.779227839349608875e-01	3.179328175551437985e-02	1.000414521815838453e+00	1.000414521815838498e+02	nan
nan	5.000000000000000000e+05	1.000000000000000000e+02	nan	1.170000000000000000e+03	1.169647717975931256e+00	1.837020624494681009e-01	3.147998894726054819e-02	1.000301216870445487e+00	1.000301216870445415e+02	nan
nan	5.000000000000000000e+05	1.000000000000000000e+02	nan	1.180000000000000000e+03	1.179406505470342426e+00	1.786487979324895281e-01	3.219335286193823753e-02	1.000503339599739805e+00	1.000503339599739832e+02	nan
nan	5.000000000000000000e+05	1.000000000000000000e+02	nan	1.190000000000000000e+03	1.113287006234981780e+00	1.770684298377772359e-01	3.148374316749267404e-02	1.094580261400915244e+00	1.094580261400915333e+02	nan
nan	5.000000000000000000e+05	1.000000000000000000e+02	nan	1.200000000000000000e+03	1.199753552524771338e+00	1.789085502479364764e-01	3.133615687579067999e-02	1.000205417105052508e+00	1.000205417105052277e+02	nan
nan	5.000000000000000000e+05	1.000000000000000000e+02	nan	1.210000000000000000e+03	1.207673227194754784e+00	1.780675929690191950e-01	3.103702121628437033e-02	1.001936310396301710e+00	1.001936310396301621e+02	nan
nan	5.000000000000000000e+05	1.000000000000000000e+02	nan	1.220000000000000000e+03	1.219749581311498243e+00	1.790520573849249675e-01	3.144203659163549713e-02	1.000205315102566273e+00	1.000205315102566317e+02	nan
nan	5.000000000000000000e+05	1.000000000000000000e+02	nan	1.230000000000000000e+03	1.229551696521684834e+00	1.797203928780256588e-01	3.139838008723001145e-02	1.000364664176931040e+00	1.000364664176931058e+02	nan
nan	5.000000000000000000e+05	1.000000000000000000e+02	nan	1.240000000000000000e+03	1.239662668144455804e+00	1.789562357516465696e-01	3.131880270355942575e-02	1.000272152938760373e+00	1.000272152938760257e+02	nan
nan	5.000000000000000000e+05	1.000000000000000000e+02	nan	1.250000000000000000e+03	1.249240262897092224e+00	1.783063647842189625e-01	3.115857579214505874e-02	1.000608372176219785e+00	1.000608372176219802e+02	nan
nan	5.000000000000000000e+05	1.000000000000000000e+02	nan	1.260000000000000000e+03	1.259543703427698391e+00	1.775789464943167695e-01	3.128012628438370246e-02	1.000362341008661282e+00	1.000362341008661389e+02	nan
nan	5.000000000000000000e+05	1.000000000000000000e+02	nan	1.270000000000000000e+03	1.269302392795043533e+00	1.780783264746569616e-01	3.127462607080797735e-02	1.000549720097707818e+00	1.000549720097707791e+02	nan
nan	5.000000000000000000e+05	1.000000000000000000e+02	nan	1.280000000000000000e+03	1.279376646565105968e+00	1.781235511302987073e-01	3.108066289717394473e-02	1.000487583915643519e+00	1.000487583915643484e+02	nan
nan	5.000000000000000000e+05	1.000000000000000000e+02	nan	1.290000000000000000e+03	1.289434308702857468e+00	1.781493606356468473e-01	3.117299241607448049e-02	1.000438810468468720e+00	1.000438810468469057e+02	nan
nan	5.000000000000000000e+05	1.000000000000000000e+02	nan	1.300000000000000000e+03	1.299217590809394141e+00	1.769506009394766766e-01	3.091815210900212413e-02	1.000602433787082690e+00	1.000602433787082504e+02	nan
nan	5.000000000000000000e+05	1.000000000000000000e+02	nan	1.310000000000000000e+03	1.225726094879457051e+00	1.768734417727930164e-01	3.103877582511532784e-02	1.094431978676397410e+00	1.094431978676397392e+02	nan
nan	5.000000000000000000e+05	1.000000000000000000e+02	nan	1.320000000000000000e+03	1.319399721121817581e+00	1.783025258874842700e-01	3.096445484033703149e-02	1.000455129930178488e+00	1.000455129930178515e+02	nan
nan	5.000000000000000000e+05	1.000000000000000000e+02	nan	1.330000000000000000e+03	1.329071541320308913e+00	1.775012457643359298e-01	3.091562884335544159e-02	1.000699284789596577e+00	1.000699284789596533e+02	nan
nan	5.000000000000000000e+05	1.000000000000000000e+02	nan	1.340000000000000000e+03	1.338673755954005173e+00	1.778667066221044091e-01	3.099777043588378828e-02	1.000992337342435645e+00	1.000992337342435690e+02	nan
nan	5.000000000000000000e+05	1.000000000000000000e+02	nan	1.350000000000000000e+03	1.348928684157590485e+00	1.767730149169403076e-01	3.073317287086580613e-02	1.000794609496249876e+00	1.000794609496249734e+02	nan
nan	5.000000000000000000e+05	1.000000000000000000e+02	nan	1.360000000000000000e+03	1.359267226058409550e+00	1.776089110955017258e-01	3.102069534797400469e-02	1.000539522261716829e+00	1.000539522261716741e+02	nan
nan	5.000000000000000000e+05	1.000000000000000000e+02	nan	1.370000000000000000e+03	1.369599208681120173e+00	1.775109742078326835e-01	3.078226852060740246e-02	1.000292664420419753e+00	1.000292664420419868e+02	nan
nan	5.000000000000000000e+05	1.000000000000000000e+02	nan	1.380000000000000000e+03	1.379672958459377652e+00	1.781305430806700285e-01	3.090126638177443860e-02	1.000237076541123926e+00	1.000237076541123997e+02	nan
nan	5.000000000000000000e+05	1.000000000000000000e+02	nan	1.390000000000000000e+03	1.299290593560272766e+00	1.786725954435292585e-01	3.074280105686415937e-02	1.095445842053843322e+00	1.095445842053843251e+02	nan
nan	5.000000000000000000e+05	1.000000000000000000e+02	nan	1.400000000000000000e+03	1.399730982091205167e+00	1.780722053705518226e-01	3.066129586427514958e-02	1.000192210762802514e+00	1.000192210762802745e+02	nan
nan	5.000000000000000000e+05	1.000000000000000000e+02	nan	1.410000000000000000e+03	1.319349395075270159e+00	1.819125590029213313e-01	3.060374515831563308e-02	1.094360035237652795e+00	1.094360035237652653e+02	nan
nan	5.000000000000000000e+05	1.000000000000000000e+02	nan	1.420000000000000000e+03	1.419467750461035349e+00	1.770809692230086996e-01	3.043013772964940980e-02	1.000375020662479741e+00	1.000375020662479812e+02	nan
nan	5.000000000000000000e+05	1.000000000000000000e+02	nan	1.430000000000000000e+03	1.429553160215618846e+00	1.770731481023957166e-01	3.067497505031833299e-02	1.000312608455510954e+00	1.000312608455510883e+02	nan
nan	5.000000000000000000e+05	1.000000000000000000e+02	nan	1.440000000000000000e+03	1.435697073921937683e+00	1.791195824462147868e-01	3.053909389012722866e-02	1.003030527295299068e+00	1.003030527295298953e+02	nan
nan	5.000000000000000000e+05	1.000000000000000000e+02	nan	1.450000000000000000e+03	1.449615347258486509e+00	1.771316141518283760e-01	3.047875156114631182e-02	1.000265360690060223e+00	1.000265360690060135e+02	nan
nan	5.000000000000000000e+05	1.000000000000000000e+02	nan	1.460000000000000000e+03	1.459723836608327385e+00	1.779120743928697679e-01	3.044134220736200575e-02	1.000189202366446484e+00	1.000189202366446324e+02	nan
nan	5.000000000000000000e+05	1.000000000000000000e+02	nan	1.470000000000000000e+03	1.469552267266089896e+00	1.786585163059183912e-01	3.061289195183819478e-02	1.000304723572126298e+00	1.000304723572126306e+02	nan
nan	5.000000000000000000e+05	1.000000000000000000e+02	nan	1.480000000000000000e+03	1.384879981846067754e+00	1.760376354144642663e-01	3.048838192924367349e-02	1.094574018745549937e+00	1.094574018745549893e+02	nan
nan	5.000000000000000000e+05	1.000000000000000000e+02	nan	1.490000000000000000e+03	1.392366583735729524e+00	1.786606413350694533e-01	3.058896816780971167e-02	1.095796048354107821e+00	1.095796048354107768e+02	nan
nan	5.000000000000000000e+05	1.000000000000000000e+02	nan	1.500000000000000000e+03	1.499639807435096284e+00	1.777552051303131486e-01	3.045953498346896590e-02	1.000240231027322624e+00	1.000240231027322437e+02	nan
nan	5.000000000000000000e+05	1.000000000000000000e+02	nan	1.510000000000000000e+03	1.509545353673274803e+00	1.769525549380740748e-01	3.025876457161437785e-02	1.000301289229774238e+00	1.000301289229774113e+02	nan
nan	5.000000000000000000e+05	1.000000000000000000e+02	nan	1.520000000000000000e+03	1.519381347292255713e+00	1.786854980944214411e-01	3.025928736139630454e-02	1.000407348710563582e+00	1.000407348710563582e+02	nan
nan	5.000000000000000000e+05	1.000000000000000000e+02	nan	1.530000000000000000e+03	1.529052721996094988e+00	1.789506839806484229e-01	3.051597831134369304e-02	1.000619846038841576e+00	1.000619846038841558e+02	nan
nan	5.000000000000000000e+05	1.000000000000000000e+02	nan	1.540000000000000000e+03	1.441319083638815002e+00	1.786978530392410169e-01	3.048870775394437252e-02	1.094081478540399610e+00	1.094081478540399530e+02	nan
nan	5.000000000000000000e+05	1.000000000000000000e+02	nan	1.550000000000000000e+03	1.549421801242078844e+00	1.791343178928540003e-01	3.017755895223519017e-02	1.000373309392653898e+00	1.000373309392653738e+02	nan
nan	5.000000000000000000e+05	1.000000000000000000e+02	nan	1.560000000000000000e+03	1.559161037308558706e+00	1.814173586090430668e-01	3.016421955826703583e-02	1.000538463619073060e+00	1.000538463619073042e+02	nan
nan	5.000000000000000000e+05	1.000000000000000000e+02	nan	1.570000000000000000e+03	1.569411421549921304e+00	1.781037312476408396e-01	3.026726877442170727e-02	1.000375060194328869e+00	1.000375060194328682e+02	nan
nan	5.000000000000000000e+05	1.000000000000000000e+02	nan	1.580000000000000000e+03	1.579316840537148936e+00	1.777158598187919269e-01	3.026006621767164326e-02	1.000432635101833778e+00	1.000432635101833796e+02	nan
nan	5.000000000000000000e+05	1.000000000000000000e+02	nan	1.590000000000000000e+03	1.588698544282442615e+00	1.774865164501496229e-01	3.020882246711203978e-02	1.000819617239953274e+00	1.000819617239953345e+02	nan
nan	5.000000000000000000e+05	1.000000000000000000e+02	nan	1.600000000000000000e+03	1.597867902515827110e+00	1.787017696211277984e-01	3.030664230425646893e-02	1.001336410099171514e+00	1.001336410099171701e+02	nan
nan	5.000000000000000000e+05	1.000000000000000000e+02	nan	1.610000000000000000e+03	1.609168706816944905e+00	1.777247209970754249e-01	3.015588931697182201e-02	1.000516626096922046e+00	1.000516626096922010e+02	nan
nan	5.000000000000000000e+05	1.000000000000000000e+02	nan	1.620000000000000000e+03	1.619522426059029296e+00	1.782311603991484916e-01	2.993265627190757130e-02	1.000294916762734632e+00	1.000294916762734516e+02	nan
nan	5.000000000000000000e+05	1.000000000000000000e+02	nan	1.630000000000000000e+03	1.628953366637961198e+00	1.778781815334364025e-01	2.990952894201735074e-02	1.000642636193244783e+00	1.000642636193244925e+02	nan
nan	5.000000000000000000e+05	1.000000000000000000e+02	nan	1.640000000000000000e+03	1.533328106986217687e+00	1.776727145206248026e-01	2.990300661823420622e-02	1.095254565057901086e+00	1.095254565057901175e+02	nan
nan	5.000000000000000000e+05	1.000000000000000000e+02	nan	1.650000000000000000e+03	1.648856916985141696e+00	1.812076027773972808e-01	2.996827416921201206e-02	1.000693748935860494e+00	1.000693748935860441e+02	nan
nan	5.000000000000000000e+05	1.000000000000000000e+02	nan	1.660000000000000000e+03	1.553231694724271250e+00	1.787941783975748877e-01	2.957478231401739627e-02	1.094407537725148760e+00	1.094407537725148529e+02	nan
nan	5.000000000000000000e+05	1.000000000000000000e+02	nan	1.670000000000000000e+03	1.669155037417158427e+00	1.778775505383467515e-01	2.964832936418778514e-02	1.000506624329536631e+00	1.000506624329536720e+02	nan
nan	5.000000000000000000e+05	1.000000000000000000e+02	nan	1.680000000000000000e+03	1.572151138244871849e+00	1.785041673625310243e-01	2.963984276391824421e-02	1.094124213149389790e+00	1.094124213149389533e+02	nan
nan	5.000000000000000000e+05	1.000000000000000000e+02	nan	1.690000000000000000e+03	1.689376491252187362e+00	1.781271592731598352e-01	2.982977083516831149e-02	1.000369256683618646e+00	1.000369256683618460e+02	nan
nan	5.000000000000000000e+05	1.000000000000000000e+02	nan	1.700000000000000000e+03	1.697706732036385890e+00	1.775589070093545607e-01	2.979568524752922859e-02	1.001351671962216638e+00	1.001351671962216869e+02	nan
nan	5.000000000000000000e+05	1.000000000000000000e+02	nan	1.710000000000000000e+03	1.709595520173843308e+00	1.781108473946576842e-01	3.041802440548281930e-02	1.000236606988021304e+00	1.000236606988021322e+02	nan
nan	5.000000000000000000e+05	1.000000000000000000e+02	nan	1.720000000000000000e+03	1.718548571584415097e+00	1.786355953574347843e-01	2.985498155712079660e-02	1.000844636538949395e+00	1.000844636538949146e+02	nan
nan	5.000000000000000000e+05	1.000000000000000000e+02	nan	1.730000000000000000e+03	1.727326147694384417e+00	1.782628323254111247e-01	2.998564468136717329e-02	1.001551892751940898e+00	1.001551892751940898e+02	nan
nan	5.000000000000000000e+05	1.000000000000000000e+02	nan	1.740000000000000000e+03	1.738020221630813378e+00	1.777602291872337759e-01	2.966618200517939785e-02	1.001140564334051852e+00	1.001140564334051817e+02	nan
nan	5.000000000000000000e+05	1.000000000000000000e+02	nan	1.750000000000000000e+03	1.748520010985112005e+00	1.771646474142087313e-01	2.955515490929378625e-02	1.000847309900336102e+00	1.000847309900335915e+02	nan
nan	5.000000000000000000e+05	1.000000000000000000e+02	nan	1.760000000000000000e+03	1.758876354101221340e+00	1.777965459346397825e-01	2.964258949222102826e-02	1.000639293092049353e+00	1.000639293092049229e+02	nan
nan	5.000000000000000000e+05	1.000000000000000000e+02	nan	1.770000000000000000e+03	1.655866376829727260e+00	1.769515563750054810e-01	2.960413536914848279e-02	1.094539361680515910e+00	1.094539361680515839e+02	nan
nan	5.000000000000000000e+05	1.000000000000000000e+02	nan	1.780000000000000000e+03	1.779072054619246002e+00	1.767805623964016082e-01	2.969594146349590486e-02	1.000521724296645765e+00	1.000521724296645800e+02	nan
nan	5.000000000000000000e+05	1.000000000000000000e+02	nan	1.790000000000000000e+03	1.788880925354896956e+00	1.783162649366419605e-01	2.967515480125858945e-02	1.000625879175723432e+00	1.000625879175723441e+02	nan
nan	5.000000000000000000e+05	1.000000000000000000e+02	nan	1.800000000000000000e+03	1.799682839461911543e+00	1.779784662680021778e-01	2.948556090917750505e-02	1.000176236748259839e+00	1.000176236748259697e+02	nan
nan	5.000000000000000000e+05	1.000000000000000000e+02	nan	1.810000000000000000e+03	1.693683203479216415e+00	1.856393262791538878e-01	2.953122142977960760e-02	1.094390305367181515e+00	1.094390305367181782e+02	nan
nan	5.000000000000000000e+05	1.000000000000000000e+02	nan	1.820000000000000000e+03	1.819627113255046336e+00	1.773580619970793193e-01	2.962908073501374639e-02	1.000204936134930778e+00	1.000204936134930733e+02	nan
nan	5.000000000000000000e+05	1.000000000000000000e+02	nan	1.830000000000000000e+03	1.828704865074314512e+00	1.815931540766155539e-01	2.972338888247568617e-02	1.000708694325238568e+00	1.000708694325238639e+02	nan
nan	5.000000000000000000e+05	1.000000000000000000e+02	nan	1.840000000000000000e+03	1.837328776696267596e+00	1.781638945135313734e-01	2.969853683366212652e-02	1.001455239717604639e+00	1.001455239717604684e+02	nan
nan	5.000000000000000000e+05	1.000000000000000000e+02	nan	1.850000000000000000e+03	1.849349026601703416e+00	1.769753179477909499e-01	2.959522440896446976e-02	1.000352107027595139e+00	1.000352107027594997e+02	nan
nan	5.000000000000000000e+05	1.000000000000000000e+02	nan	1.860000000000000000e+03	1.857847841178454473e+00	1.764450791153502895e-01	3.027107914340031528e-02	1.001160061160447201e+00	1.001160061160447157e+02	nan
nan	5.000000000000000000e+05	1.000000000000000000e+02	nan	1.870000000000000000e+03	1.868584095996402628e+00	1.774759271837249019e-01	2.946803213110955194e-02	1.000757956884823274e+00	1.000757956884823159e+02	nan
nan	5.000000000000000000e+05	1.000000000000000000e+02	nan	1.880000000000000000e+03	1.879181765459315923e+00	1.775128996739112619e-01	2.954790115736902895e-02	1.000435597163319201e+00	1.000435597163319272e+02	nan
nan	5.000000000000000000e+05	1.000000000000000000e+02	nan	1.890000000000000000e+03	1.888743275294564317e+00	1.775442900945190805e-01	2.953343292723566507e-02	1.000665706372381170e+00	1.000665706372381294e+02	nan
nan	5.000000000000000000e+05	1.000000000000000000e+02	nan	1.900000000000000000e+03	1.898128232636327128e+00	1.768594307949536426e-01	2.947212067820567660e-02	1.000987886266762716e+00	1.000987886266762672e+02	nan
nan	5.000000000000000000e+05	1.000000000000000000e+02	nan	1.910000000000000000e+03	1.908929189318632869e+00	1.824159662282661132e-01	2.943287347252588823e-02	1.000561249825871579e+00	1.000561249825871499e+02	nan
nan	5.000000000000000000e+05	1.000000000000000000e+02	nan	1.920000000000000000e+03	1.919118900843159281e+00	1.783354270777153250e-01	2.948740116839382308e-02	1.000459313029119057e+00	1.000459313029119244e+02	nan
nan	5.000000000000000000e+05	1.000000000000000000e+02	nan	1.930000000000000000e+03	1.928996483707714926e+00	1.782845453538428326e-01	2.947965224348778057e-02	1.000520675072451571e+00	1.000520675072451553e+02	nan
nan	5.000000000000000000e+05	1.000000000000000000e+02	nan	1.940000000000000000e+03	1.939310493480752573e+00	1.778765433761025361e-01	2.938034014297287791e-02	1.000355740406165150e+00	1.000355740406165239e+02	nan
nan	5.000000000000000000e+05	1.000000000000000000e+02	nan	1.950000000000000000e+03	1.823177725132800520e+00	1.770679792680345810e-01	2.926578755762393458e-02	1.095163748657061120e+00	1.095163748657060978e+02	nan
nan	5.000000000000000000e+05	1.000000000000000000e+02	nan	1.960000000000000000e+03	1.959576878111829457e+00	1.777867303660461418e-01	2.920424409373715766e-02	1.000215928062007986e+00	1.000215928062008004e+02	nan
nan	5.000000000000000000e+05	1.000000000000000000e+02	nan	1.970000000000000000e+03	1.842306263650562048e+00	1.742959947746462179e-01	2.946659771995011057e-02	1.094945145327107738e+00	1.094945145327107667e+02	nan
nan	5.000000000000000000e+05	1.000000000000000000e+02	nan	1.980000000000000000e+03	1.979478526123830351e+00	1.758713414413467790e-01	2.926492686814224919e-02	1.000263484866252384e+00	1.000263484866252384e+02	nan
nan	5.000000000000000000e+05	1.000000000000000000e+02	nan	1.990000000000000000e+03	1.989736411363856039e+00	1.782485745554573675e-01	2.932521585807741984e-02	1.000132481500548565e+00	1.000132481500548494e+02	nan
nan	5.000000000000000000e+05	1.000000000000000000e+02	nan	2.000000000000000000e+03	1.997685080528708523e+00	1.769380255950214198e-01	2.942800509550107593e-02	1.001159602024624729e+00	1.001159602024624746e+02	nan
nan	5.000000000000000000e+05	1.000000000000000000e+02	nan	2.010000000000000000e+03	2.008581854113208554e+00	1.776832612210975104e-01	2.952437837522517428e-02	1.000706147958772885e+00	1.000706147958772760e+02	nan
nan	5.000000000000000000e+05	1.000000000000000000e+02	nan	2.020000000000000000e+03	2.019513761371535931e+00	1.769069743450971954e-01	2.904873300704656838e-02	1.000240796059344461e+00	1.000240796059344319e+02	nan
nan	5.000000000000000000e+05	1.000000000000000000e+02	nan	2.030000000000000000e+03	2.029191377873666990e+00	1.771948254525549105e-01	2.916268687940955923e-02	1.000398578710759434e+00	1.000398578710759523e+02	nan
nan	5.000000000000000000e+05	1.000000000000000000e+02	nan	2.040000000000000000e+03	2.039556019127030773e+00	1.775988657978435914e-01	2.929605313728331217e-02	1.000217688735051125e+00	1.000217688735051098e+02	nan
nan	5.000000000000000000e+05	1.000000000000000000e+02	nan	2.050000000000000000e+03	2.049056803799976567e+00	1.776427048108799034e-01	2.906976020541015421e-02	1.000460504723053479e+00	1.000460504723053390e+02	nan
nan	5.000000000000000000e+05	1.000000000000000000e+02	nan	2.060000000000000000e+03	2.058573879794312056e+00	1.782594021652791072e-01	2.923227805286741574e-02	1.000693012331961951e+00	1.000693012331962137e+02	nan
nan	5.000000000000000000e+05	1.000000000000000000e+02	nan	2.070000000000000000e+03	2.069414851352485041e+00	1.786072384532476076e-01	2.916201175221997885e-02	1.000282814533262066e+00	1.000282814533262012e+02	nan
nan	5.000000000000000000e+05	1.000000000000000000e+02	nan	2.080000000000000000e+03	2.079538088277513630e+00	1.774749880699052762e-01	2.894658041477696231e-02	1.000222152330251024e+00	1.000222152330250935e+02	nan
nan	5.000000000000000000e+05	1.000000000000000000e+02	nan	2.090000000000000000e+03	2.088746231282311960e+00	1.771728339823962217e-01	2.912905019808511090e-02	1.000600400670325962e+00	1.000600400670325882e+02	nan
nan	5.000000000000000000e+05	1.000000000000000000e+02	nan	2.100000000000000000e+03	2.098888152178460587e+00	1.769191858434658315e-01	2.926788723032690970e-02	1.000530244047768136e+00	1.000530244047768065e+02	nan
nan	5.000000000000000000e+05	1.000000000000000000e+02	nan	2.110000000000000000e+03	2.108958436055127006e+00	1.785166261164599644e-01	2.908999676126575867e-02	1.000493971630278534e+00	1.000493971630278622e+02	nan
nan	5.000000000000000000e+05	1.000000000000000000e+02	nan	2.120000000000000000e+03	1.983202817482491387e+00	1.770133086194312644e-01	2.905633836892349692e-02	1.094693661814948538e+00	1.094693661814948626e+02	nan
nan	5.000000000000000000e+05	1.000000000000000000e+02	nan	2.130000000000000000e+03	2.127058714736904221e+00	1.772388277727246775e-01	2.978667191717909030e-02	1.001386175497417597e+00	1.001386175497417810e+02	nan
nan	5.000000000000000000e+05	1.000000000000000000e+02	nan	2.140000000000000000e+03	2.138830305903502538e+00	1.768445461585483325e-01	2.886487917437682849e-02	1.000547127709069839e+00	1.000547127709069741e+02	nan
nan	5.000000000000000000e+05	1.000000000000000000e+02	nan	2.150000000000000000e+03	2.149277418757447045e+00	1.788973662550756849e-01	2.983031764153194418e-02	1.000336263706629536e+00	1.000336263706629438e+02	nan
nan	5.000000000000000000e+05	1.000000000000000000e+02	nan	2.160000000000000000e+03	2.159211440060334830e+00	1.759096138228102291e-01	2.897424650891095715e-02	1.000365284182720860e+00	1.000365284182720700e+02	nan
nan	5.000000000000000000e+05	1.000000000000000000e+02	nan	2.170000000000000000e+03	2.168268708688628976e+00	1.776582457039651841e-01	3.027417516845563178e-02	1.000798755031012899e+00	1.000798755031012917e+02	nan
nan	5.000000000000000000e+05	1.000000000000000000e+02	nan	2.180000000000000000e+03	2.179580973732117677e+00	1.824059406974718744e-01	2.979762098841435419e-02	1.000192260252925625e+00	1.000192260252925536e+02	nan
nan	5.000000000000000000e+05	1.000000000000000000e+02	nan	2.190000000000000000e+03	2.188922836269375782e+00	1.762547388647258406e-01	2.909345834221997024e-02	1.000492557225587831e+00	1.000492557225587973e+02	nan
nan	5.000000000000000000e+05	1.000000000000000000e+02	nan	2.200000000000000000e+03	2.058848732429125583e+00	1.777718421270614024e-01	2.886857141831335530e-02	1.094287041795681592e+00	1.094287041795681716e+02	nan
nan	5.000000000000000000e+05	1.000000000000000000e+02	nan	2.210000000000000000e+03	2.067456791111756953e+00	1.747974316035820208e-01	2.887396714574123543e-02	1.094907817973548081e+00	1.094907817973548134e+02	nan
nan	5.000000000000000000e+05	1.000000000000000000e+02	nan	2.220000000000000000e+03	2.219387271716550369e+00	1.790132310059979193e-01	2.892512771425514301e-02	1.000276109291500903e+00	1.000276109291501001e+02	nan
nan	5.000000000000000000e+05	1.000000000000000000e+02	nan	2.230000000000000000e+03	2.228689326092171630e+00	1.752263991079582306e-01	2.893520095303143275e-02	1.000588257166811434e+00	1.000588257166811417e+02	nan
nan	5.000000000000000000e+05	1.000000000000000000e+02	nan	2.240000000000000000e+03	2.239465312928769158e+00	1.755431525864425413e-01	2.885386186421002447e-02	1.000238795316574780e+00	1.000238795316574567e+02	nan
nan	5.000000000000000000e+05	1.000000000000000000e+02	nan	2.250000000000000000e+03	2.248873463099698711e+00	1.810278533827349712e-01	2.891690751616519256e-02	1.000501411603381019e+00	1.000501411603380859e+02	nan
nan	5.000000000000000000e+05	1.000000000000000000e+02	nan	2.260000000000000000e+03	2.258971842202117664e+00	1.818495810948329017e-01	2.885676240403116724e-02	1.000455239722295442e+00	1.000455239722295318e+02	nan
nan	5.000000000000000000e+05	1.000000000000000000e+02	nan	2.270000000000000000e+03	2.269220044440953821e+00	1.780689106913216635e-01	2.857486303226609153e-02	1.000343753670766445e+00	1.000343753670766489e+02	nan
nan	5.000000000000000000e+05	1.000000000000000000e+02	nan	2.280000000000000000e+03	2.279379049667932033e+00	1.779100037052514516e-01	2.879381162974799929e-02	1.000272460215359205e+00	1.000272460215359018e+02	nan
nan	5.000000000000000000e+05	1.000000000000000000e+02	nan	2.290000000000000000e+03	2.288722107484500334e+00	1.789260931536995058e-01	2.857018669022523549e-02	1.000558563758936259e+00	1.000558563758936259e+02	nan
nan	5.000000000000000000e+05	1.000000000000000000e+02	nan	2.300000000000000000e+03	2.299318296990895849e+00	1.781960825284857053e-01	2.876674402631090866e-02	1.000296504868843694e+00	1.000296504868843783e+02	nan
nan	5.000000000000000000e+05	1.000000000000000000e+02	nan	2.310000000000000000e+03	2.309624725058529116e+00	1.778072919133542873e-01	2.885946507639130382e-02	1.000162489126394494e+00	1.000162489126394405e+02	nan
nan	5.000000000000000000e+05	1.000000000000000000e+02	nan	2.320000000000000000e+03	2.318863067111033072e+00	1.866292535248848250e-01	2.872009735659413268e-02	1.000490489208226919e+00	1.000490489208226847e+02	nan
nan	5.000000000000000000e+05	1.000000000000000000e+02	nan	2.330000000000000000e+03	2.329463821444005767e+00	1.766130165060634249e-01	2.861991198091410823e-02	1.000230199442666557e+00	1.000230199442666503e+02	nan
nan	5.000000000000000000e+05	1.000000000000000000e+02	nan	2.340000000000000000e+03	2.333729111532556910e+00	1.774574981556025222e-01	2.851525535087357996e-02	1.002713198101392145e+00	1.002713198101392038e+02	nan
nan	5.000000000000000000e+05	1.000000000000000000e+02	nan	2.350000000000000000e+03	2.348476845473214780e+00	1.774358608700423168e-01	2.904222120256911427e-02	1.000648932568863447e+00	1.000648932568863785e+02	nan
nan	5.000000000000000000e+05	1.000000000000000000e+02	nan	2.360000000000000000e+03	2.359374905285858581e+00	1.761055694061119947e-01	2.869027122351150427e-02	1.000264954787859484e+00	1.000264954787859608e+02	nan
nan	5.000000000000000000e+05	1.000000000000000000e+02	nan	2.370000000000000000e+03	2.369124761950661018e+00	1.777610050806071595e-01	2.855147873200190520e-02	1.000369621898797634e+00	1.000369621898797590e+02	nan
nan	5.000000000000000000e+05	1.000000000000000000e+02	nan	2.380000000000000000e+03	2.378823996029495902e+00	1.778383342317298443e-01	2.873893243227292407e-02	1.000494598720278017e+00	1.000494598720278105e+02	nan
nan	5.000000000000000000e+05	1.000000000000000000e+02	nan	2.390000000000000000e+03	2.389423779280787308e+00	1.780847371281432667e-01	2.933403411300234895e-02	1.000241169732698721e+00	1.000241169732698836e+02	nan
nan	5.000000000000000000e+05	1.000000000000000000e+02	nan	2.400000000000000000e+03	2.398764839363502599e+00	1.820753645705817103e-01	2.864027567095194654e-02	1.000514996080021479e+00	1.000514996080021604e+02	nan
nan	5.000000000000000000e+05	1.000000000000000000e+02	nan	2.410000000000000000e+03	2.408852006318011441e+00	1.771443933980504926e-01	2.880160512556943428e-02	1.000476724366684333e+00	1.000476724366684209e+02	nan
nan	5.000000000000000000e+05	1.000000000000000000e+02	nan	2.420000000000000000e+03	2.418916978125525752e+00	1.765803757605450275e-01	2.891102869029699846e-02	1.000447824784294282e+00	1.000447824784294255e+02	nan
nan	5.000000000000000000e+05	1.000000000000000000e+02	nan	2.430000000000000000e+03	2.429545017076907065e+00	1.752114132839869831e-01	2.861515525679838093e-02	1.000187275344433857e+00	1.000187275344433999e+02	nan
nan	5.000000000000000000e+05	1.000000000000000000e+02	nan	2.440000000000000000e+03	2.439343623821514484e+00	1.779646637517915686e-01	2.870077879516972491e-02	1.000269094575780171e+00	1.000269094575780429e+02	nan
nan	5.000000000000000000e+05	1.000000000000000000e+02	nan	2.450000000000000000e+03	2.449154987086239910e+00	1.773399347438627538e-01	2.869031737130093435e-02	1.000345075272341955e+00	1.000345075272341830e+02	nan
nan	5.000000000000000000e+05	1.000000000000000000e+02	nan	2.460000000000000000e+03	2.301918821049712793e+00	1.768456823247866738e-01	2.995373312063012022e-02	1.094470370330970388e+00	1.094470370330970610e+02	nan
nan	5.000000000000000000e+05	1.000000000000000000e+02	nan	2.470000000000000000e+03	2.468625394001446871e+00	1.776537766211290781e-01	2.851406141381475703e-02	1.000557039036257923e+00	1.000557039036258118e+02	nan
nan	5.000000000000000000e+05	1.000000000000000000e+02	nan	2.480000000000000000e+03	2.477850211389522883e+00	1.774007013334843175e-01	2.859293778297683497e-02	1.000868080317029118e+00	1.000868080317029154e+02	nan
nan	5.000000000000000000e+05	1.000000000000000000e+02	nan	2.490000000000000000e+03	2.488731407844170462e+00	1.776115327498137830e-01	2.866603513476449414e-02	1.000509858318907819e+00	1.000509858318908130e+02	nan
nan	5.000000000000000000e+05	1.000000000000000000e+02	nan	2.500000000000000000e+03	2.496464052016472035e+00	1.785653799503343631e-01	2.837756364704638323e-02	1.001418530075602664e+00	1.001418530075602717e+02	nan
nan	5.000000000000000000e+05	1.000000000000000000e+02	nan	2.510000000000000000e+03	2.508591798500219738e+00	1.783369486905064805e-01	2.854100463310381072e-02	1.000561707705551084e+00	1.000561707705551271e+02	nan
nan	5.000000000000000000e+05	1.000000000000000000e+02	nan	2.520000000000000000e+03	2.519245074868831757e+00	1.780409225419594121e-01	2.856736125753413583e-02	1.000299787191649248e+00	1.000299787191649301e+02	nan
nan	5.000000000000000000e+05	1.000000000000000000e+02	nan	2.530000000000000000e+03	2.529126406674095051e+00	1.824847926212243843e-01	2.859467935233517971e-02	1.000345460964756628e+00	1.000345460964756512e+02	nan
nan	5.000000000000000000e+05	1.000000000000000000e+02	nan	2.540000000000000000e+03	2.374842493035043134e+00	1.769648238064824297e-01	2.843042673785064339e-02	1.095098634594112941e+00	1.095098634594112781e+02	nan
nan	5.000000000000000000e+05	1.000000000000000000e+02	nan	2.550000000000000000e+03	2.547372333405292011e+00	1.773985588484243148e-01	2.852056512183383935e-02	1.001032926468886641e+00	1.001032926468886615e+02	nan
