# SourcePhotonFlux	NumberRaysSurvived	PercentageRaysSurvived	PhotonFlux	PhotonEnergy	Bandwidth	HorizontalFocusFWHM	VerticalFocusFWHM	EnergyPerMilPerBw	FluxPerMilPerBwPerc	FluxPerMilPerBwAbs
nan	2.700000000000000000e+01	5.399999999999999419e-03	nan	5.000000000000000000e+01	2.457970080067170635e-03	1.123290885153811411e-02	8.130954960258490044e-03	2.058426078484703936e+01	1.101066572583702941e-01	nan
nan	4.000000000000000000e+01	8.000000000000000167e-03	nan	6.000000000000000000e+01	2.731056602313297697e-03	1.198702763817300308e-02	8.496636212473315103e-03	2.211271853566764634e+01	1.780980319426000713e-01	nan
nan	7.059999999999999432e+01	1.411999999999999887e-02	nan	7.000000000000000000e+01	3.450041985861999720e-03	1.300399841860908588e-02	8.825526063908888802e-03	2.047701595701486355e+01	2.913519708330222224e-01	nan
nan	1.034000000000000057e+02	2.067999999999999700e-02	nan	8.000000000000000000e+01	3.173081839474767817e-03	1.095096120382632945e-02	9.129276804798861639e-03	2.664492803046990588e+01	5.551487348159639401e-01	nan
nan	1.501999999999999886e+02	3.004000000000000073e-02	nan	9.000000000000000000e+01	3.024174438186832872e-03	8.545269001949070548e-03	1.029833384782856062e-02	3.179160111825662938e+01	9.534692197544650805e-01	nan
nan	2.088000000000000114e+02	4.176000000000000545e-02	nan	1.000000000000000000e+02	4.153199329090284317e-03	9.620269300859705941e-03	1.098798184524010790e-02	2.454789124503622944e+01	1.018172887343489430e+00	nan
nan	2.700000000000000000e+02	5.400000000000000633e-02	nan	1.100000000000000000e+02	4.801794958910932283e-03	9.100183182371790816e-03	9.590366571415811711e-03	2.431560670775188626e+01	1.312092943002139522e+00	nan
nan	3.250000000000000000e+02	6.500000000000000222e-02	nan	1.200000000000000000e+02	5.375568780499407132e-03	9.377417319508581789e-03	1.013488212877627394e-02	2.312965984537816055e+01	1.505028444973614432e+00	nan
nan	3.830000000000000000e+02	7.660000000000001530e-02	nan	1.300000000000000000e+02	5.554339005300334975e-03	1.129079851292600842e-02	1.099536948549556525e-02	2.480345964465874431e+01	1.896566794324121563e+00	nan
nan	4.216000000000000227e+02	8.431999999999999218e-02	nan	1.400000000000000000e+02	6.623529844381437562e-03	8.579740554407000105e-03	1.142250620749253771e-02	2.200964283611126149e+01	1.849563622493930470e+00	nan
nan	4.500000000000000000e+02	8.999999999999999667e-02	nan	1.500000000000000000e+02	7.161255550022361041e-03	1.028277905492906361e-02	1.061444985994775513e-02	2.137485798574233087e+01	1.928825560677829731e+00	nan
nan	4.260000000000000000e+02	8.519999999999999796e-02	nan	1.600000000000000000e+02	7.970844323739356002e-03	9.019027383755512384e-03	1.085881755902588439e-02	2.043963812004567870e+01	1.748018467692468603e+00	nan
nan	3.616000000000000227e+02	7.232000000000000928e-02	nan	1.700000000000000000e+02	8.402063279936556120e-03	8.779322969393309542e-03	1.001715731570558023e-02	2.071532883541967962e+01	1.503008410724080646e+00	nan
nan	2.870000000000000000e+02	5.739999999999999269e-02	nan	1.800000000000000000e+02	7.687354589876349564e-03	9.972524000834735031e-03	1.010524069648578889e-02	2.448658952360228724e+01	1.400382918602102178e+00	nan
nan	1.345999999999999943e+02	2.691999999999999948e-02	nan	1.900000000000000000e+02	8.860115069370521484e-03	8.208336349404786458e-03	1.031947503410709545e-02	3.100712381983186816e+01	7.848116920509620176e-01	nan
nan	1.480000000000000000e+02	2.959999999999999784e-02	nan	2.000000000000000000e+02	1.109520193007256308e-02	9.265105776530960235e-03	1.005931971756038844e-02	1.835491284858197858e+01	5.427540683651010944e-01	nan
nan	1.398000000000000114e+02	2.795999999999999527e-02	nan	2.100000000000000000e+02	9.630082037983812154e-03	7.756003212925119406e-03	1.011953232011192708e-02	2.852669010865582067e+01	8.056442683602267341e-01	nan
nan	1.378000000000000114e+02	2.755999999999999422e-02	nan	2.200000000000000000e+02	1.109521233434520616e-02	8.712292143695982150e-03	8.861704054430883173e-03	2.041422841970315716e+01	5.653872055212381120e-01	nan
nan	1.428000000000000114e+02	2.855999999999999511e-02	nan	2.300000000000000000e+02	1.047772919839644670e-02	7.106009689445693181e-03	8.924039358526725599e-03	2.311541837013435696e+01	6.502537591078595414e-01	nan
nan	1.521999999999999886e+02	3.044000000000000525e-02	nan	2.400000000000000000e+02	1.364498922487769085e-02	1.061042543633487420e-02	7.251460525330684706e-03	1.869960725699534265e+01	5.715043994004572747e-01	nan
nan	1.804000000000000057e+02	3.608000000000000096e-02	nan	2.500000000000000000e+02	1.279484937280130942e-02	1.005367200750303253e-02	9.246864158393257316e-03	2.014216189539500235e+01	7.317475295276889558e-01	nan
nan	1.898000000000000114e+02	3.796000000000000763e-02	nan	2.600000000000000000e+02	1.600902300031066192e-02	7.293405757429399783e-03	9.148873326096599451e-03	1.672470245367627939e+01	6.336932856933933378e-01	nan
nan	2.051999999999999886e+02	4.104000000000000009e-02	nan	2.700000000000000000e+02	1.527728499305567277e-02	1.026705876075123189e-02	9.450868831077508317e-03	1.840509444272696626e+01	7.596333595943880468e-01	nan
nan	2.160000000000000000e+02	4.320000000000000229e-02	nan	2.800000000000000000e+02	1.524028538871107299e-02	1.081953065439101268e-02	9.997474583479012619e-03	1.889960485658220435e+01	8.161484021265760225e-01	nan
nan	2.168000000000000114e+02	4.335999999999999577e-02	nan	2.900000000000000000e+02	1.431608338497198860e-02	9.027807777409468937e-03	9.378078132399663910e-03	2.226323787310523983e+01	9.753735196468593660e-01	nan
nan	2.340000000000000000e+02	4.679999999999999438e-02	nan	3.000000000000000000e+02	1.850359244339188150e-02	8.790013043297805612e-03	1.044745842332845884e-02	1.627792536243725507e+01	7.605600960912526354e-01	nan
nan	2.524000000000000057e+02	5.048000000000000403e-02	nan	3.100000000000000000e+02	1.895648217459893273e-02	7.555918462407369349e-03	1.052185660852736002e-02	1.701490437375008824e+01	8.578845948749442840e-01	nan
nan	2.810000000000000000e+02	5.620000000000000689e-02	nan	3.200000000000000000e+02	1.958932553515069230e-02	9.986583065125564929e-03	1.050345422151884381e-02	1.659575851481221065e+01	9.333952624494626926e-01	nan
nan	3.036000000000000227e+02	6.071999999999999620e-02	nan	3.300000000000000000e+02	1.942826716219769878e-02	8.876049371658367715e-03	1.052217849088674974e-02	1.739004260103197552e+01	1.052470538518519350e+00	nan
nan	3.313999999999999773e+02	6.628000000000000558e-02	nan	3.400000000000000000e+02	2.275200315368692758e-02	1.081188469054539941e-02	1.028348143164561392e-02	1.559427962430775594e+01	1.045273765688846668e+00	nan
nan	3.540000000000000000e+02	7.080000000000000182e-02	nan	3.500000000000000000e+02	2.128155514777745408e-02	9.512348411329418774e-03	1.062521265544055619e-02	1.772415460659084374e+01	1.244727239295071453e+00	nan
nan	3.690000000000000000e+02	7.380000000000000449e-02	nan	3.600000000000000000e+02	2.382215693364742037e-02	9.459128454832708630e-03	1.119894912936941420e-02	1.535907952503295881e+01	1.133257313037641101e+00	nan
nan	3.976000000000000227e+02	7.952000000000000735e-02	nan	3.700000000000000000e+02	2.626141922482929519e-02	1.077463423904040027e-02	1.003590798238419499e-02	1.445652441803343891e+01	1.158305043669100254e+00	nan
nan	4.196000000000000227e+02	8.391999999999999460e-02	nan	3.800000000000000000e+02	2.566720642906829969e-02	9.982712804624696221e-03	1.095137469322373693e-02	1.498382810880446847e+01	1.257077953490570721e+00	nan
nan	4.430000000000000000e+02	8.859999999999998432e-02	nan	3.900000000000000000e+02	2.945193296031902580e-02	9.476825447308438038e-03	1.000646510978438555e-02	1.342391727071658991e+01	1.188708061110152148e+00	nan
nan	4.736000000000000227e+02	9.471999999999999864e-02	nan	4.000000000000000000e+02	2.740781681937960387e-02	1.054357543922797638e-02	1.117106715024063744e-02	1.495451149119751832e+01	1.417406971510611235e+00	nan
nan	5.096000000000000227e+02	1.019200000000000106e-01	nan	4.100000000000000000e+02	3.066383143262783190e-02	9.709316419433280596e-03	1.093192447592354968e-02	1.356690983627504821e+01	1.380750486105587482e+00	nan
nan	5.442000000000000455e+02	1.088400000000000062e-01	nan	4.200000000000000000e+02	3.117481478867602934e-02	9.850731785771943763e-03	1.121847245749499865e-02	1.354196554468175506e+01	1.473993391959036448e+00	nan
nan	5.602000000000000455e+02	1.120400000000000007e-01	nan	4.300000000000000000e+02	3.304684941005007343e-02	9.870164790746196667e-03	1.084144596235976123e-02	1.322570610284358850e+01	1.487938233628533391e+00	nan
nan	5.733999999999999773e+02	1.146800000000000042e-01	nan	4.400000000000000000e+02	3.035971933497876377e-02	9.481957175611342367e-03	1.063437416054089334e-02	1.477498854338672984e+01	1.691482349025690279e+00	nan
nan	6.053999999999999773e+02	1.210800000000000071e-01	nan	4.500000000000000000e+02	3.636990983354735502e-02	8.790430139385371419e-03	1.083673622946728851e-02	1.241107510827755789e+01	1.504116283680042354e+00	nan
nan	6.417999999999999545e+02	1.283600000000000019e-01	nan	4.600000000000000000e+02	3.261631733124659149e-02	1.081244361768272412e-02	1.088736526673659590e-02	1.422213745738602597e+01	1.828276930722513072e+00	nan
nan	6.590000000000000000e+02	1.317999999999999727e-01	nan	4.700000000000000000e+02	3.673336282431591965e-02	9.115950030318101596e-03	1.153832728263884388e-02	1.299009823695428523e+01	1.716720671383989538e+00	nan
nan	6.913999999999999773e+02	1.382800000000000140e-01	nan	4.800000000000000000e+02	3.727784078162130893e-02	1.094231547226621679e-02	1.052892554229600992e-02	1.300192905110720254e+01	1.799575337048873624e+00	nan
nan	6.712000000000000455e+02	1.342399999999999982e-01	nan	4.900000000000000000e+02	4.171282121551485311e-02	9.899874491985077157e-03	1.099975734314748502e-02	1.194794487018171125e+01	1.605275359242033018e+00	nan
nan	7.210000000000000000e+02	1.441999999999999948e-01	nan	5.000000000000000000e+02	4.149268179564842562e-02	9.193357184987824629e-03	1.097941456968882373e-02	1.229644055010512105e+01	1.774611108794391212e+00	nan
nan	7.522000000000000455e+02	1.504399999999999626e-01	nan	5.100000000000000000e+02	4.248373005965504212e-02	1.147675465236987213e-02	1.101662239024145742e-02	1.218719688597286499e+01	1.831556733497546219e+00	nan
nan	7.782000000000000455e+02	1.556400000000000006e-01	nan	5.200000000000000000e+02	4.684231640251255296e-02	9.518908119947242646e-03	1.093224766024110221e-02	1.113660814295844048e+01	1.731641766046842168e+00	nan
nan	8.006000000000000227e+02	1.601199999999999846e-01	nan	5.300000000000000000e+02	4.138151825475233636e-02	1.078756839693422419e-02	1.122330463991125932e-02	1.296545162404648011e+01	2.078149736865987141e+00	nan
nan	7.942000000000000455e+02	1.588400000000000090e-01	nan	5.400000000000000000e+02	4.016504567371157602e-02	1.076614887889167788e-02	1.118967034811440067e-02	1.359214520687299022e+01	2.155241648794278042e+00	nan
nan	8.106000000000000227e+02	1.621199999999999863e-01	nan	5.500000000000000000e+02	4.567605195102260318e-02	1.026035600941233375e-02	1.103653410130856979e-02	1.214784412918149137e+01	1.969410676831084173e+00	nan
nan	7.790000000000000000e+02	1.557999999999999940e-01	nan	5.600000000000000000e+02	4.718781574165405168e-02	1.023492042255052040e-02	1.091572304551207372e-02	1.190820733930646114e+01	1.855237321241102633e+00	nan
nan	6.427999999999999545e+02	1.285599999999999798e-01	nan	5.700000000000000000e+02	5.057148813743879423e-02	9.782337875383038950e-03	1.071440423432890206e-02	1.144024992198270674e+01	1.475141150419910563e+00	nan
nan	5.016000000000000227e+02	1.003200000000000064e-01	nan	5.800000000000000000e+02	5.011737436927887757e-02	9.425962428553705946e-03	1.060915562353284720e-02	1.165195490805730572e+01	1.169672726369691773e+00	nan
nan	6.263999999999999773e+02	1.252800000000000025e-01	nan	5.900000000000000000e+02	5.367379216652352902e-02	1.001067117058922380e-02	1.143138221760055251e-02	1.106397403366044330e+01	1.388960181239921710e+00	nan
nan	7.016000000000000227e+02	1.403200000000000003e-01	nan	6.000000000000000000e+02	5.452936128679084643e-02	9.879889367651824988e-03	1.105048105932634681e-02	1.107855322834578260e+01	1.549445953638914464e+00	nan
nan	7.426000000000000227e+02	1.485200000000000131e-01	nan	6.100000000000000000e+02	5.146873638509532473e-02	9.398848750930190871e-03	1.113508329256547580e-02	1.188567542732144844e+01	1.765975376285077392e+00	nan
nan	8.022000000000000455e+02	1.604399999999999993e-01	nan	6.200000000000000000e+02	5.192133487271348435e-02	9.528541856133134619e-03	1.103616318471172669e-02	1.197204797415373001e+01	1.919030727217698296e+00	nan
nan	8.066000000000000227e+02	1.613199999999999912e-01	nan	6.300000000000000000e+02	5.543501028892024174e-02	1.134059354555461488e-02	1.119844589149840419e-02	1.147295084917523411e+01	1.853058706721461224e+00	nan
nan	8.417999999999999545e+02	1.683600000000000096e-01	nan	6.400000000000000000e+02	5.953308312919034645e-02	9.999399897683319133e-03	1.090031311621990871e-02	1.078883510719711225e+01	1.815782692713273416e+00	nan
nan	8.580000000000000000e+02	1.716000000000000025e-01	nan	6.500000000000000000e+02	5.095317751995480371e-02	1.000996716573802556e-02	1.102693580347406839e-02	1.292475568521527407e+01	2.216929705120707528e+00	nan
nan	9.116000000000000227e+02	1.823199999999999821e-01	nan	6.600000000000000000e+02	6.322101779217063899e-02	9.231873225923744805e-03	1.093071600397951988e-02	1.053571763159656527e+01	1.915311634804398366e+00	nan
nan	9.147999999999999545e+02	1.829600000000000115e-01	nan	6.700000000000000000e+02	5.979144993939371211e-02	1.003145412933605964e-02	1.091088915572559909e-02	1.133934831701446200e+01	2.076733740215463975e+00	nan
nan	9.696000000000000227e+02	1.939200000000000368e-01	nan	6.800000000000000000e+02	6.321298559530533212e-02	9.585552883288541923e-03	1.139496929008685690e-02	1.086939052458454924e+01	2.102364855394229348e+00	nan
nan	9.682000000000000455e+02	1.936400000000000066e-01	nan	6.900000000000000000e+02	6.685395098625121491e-02	1.026185886619992819e-02	1.081475554264662783e-02	1.046588964858730364e+01	2.026750096231987097e+00	nan
nan	9.863999999999999773e+02	1.972799999999999832e-01	nan	7.000000000000000000e+02	6.598472345699520070e-02	1.050295429330236341e-02	1.141185815659182326e-02	1.082194673711316035e+01	2.132929579548061394e+00	nan
nan	1.032400000000000091e+03	2.064799999999999969e-01	nan	7.100000000000000000e+02	7.066114350959651347e-02	9.895302614243936881e-03	1.099178733041118392e-02	1.006580839638125546e+01	2.077303038420107661e+00	nan
nan	1.039799999999999955e+03	2.079600000000000060e-01	nan	7.200000000000000000e+02	6.429418316345163198e-02	1.032530646181070190e-02	1.125444755279327719e-02	1.146530236134575809e+01	2.373807884537246338e+00	nan
nan	1.081000000000000000e+03	2.162000000000000033e-01	nan	7.300000000000000000e+02	6.706507199696716548e-02	9.632540693667087511e-03	1.130428034947664716e-02	1.096049123585138396e+01	2.370080788709468145e+00	nan
nan	1.159599999999999909e+03	2.319199999999999873e-01	nan	7.400000000000000000e+02	7.245772719249998772e-02	9.942314965094716656e-03	1.085077855541572225e-02	1.022583571411190029e+01	2.372109288117235426e+00	nan
nan	1.135400000000000091e+03	2.270800000000000041e-01	nan	7.500000000000000000e+02	6.943254485522629138e-02	9.881698529262039968e-03	1.115380336088833170e-02	1.090167667138976704e+01	2.477418948793266740e+00	nan
nan	1.183599999999999909e+03	2.367199999999999860e-01	nan	7.600000000000000000e+02	7.773771635804678504e-02	9.456181065334572089e-03	1.139599385753576645e-02	9.844390304260571156e+00	2.328727277860925593e+00	nan
nan	1.217000000000000000e+03	2.434000000000000052e-01	nan	7.700000000000000000e+02	7.821494903496387097e-02	9.475074546557632482e-03	1.143160943830802932e-02	9.918832303454937716e+00	2.413964312583539051e+00	nan
nan	1.246599999999999909e+03	2.493199999999999861e-01	nan	7.800000000000000000e+02	7.589694956559470129e-02	1.031684466651875895e-02	1.136235064799087646e-02	1.029992985685451146e+01	2.569580272699336199e+00	nan
nan	1.225200000000000045e+03	2.450400000000000078e-01	nan	7.900000000000000000e+02	7.690530920117452651e-02	9.828507806004008543e-03	1.135027735058124695e-02	1.029628574562647536e+01	2.523232383576279325e+00	nan
nan	1.274799999999999955e+03	2.549599999999999644e-01	nan	8.000000000000000000e+02	7.573717876982755115e-02	1.051972562533124919e-02	1.129408616504119778e-02	1.071241932854945844e+01	2.724881547059253784e+00	nan
nan	1.306200000000000045e+03	2.612400000000000277e-01	nan	8.100000000000000000e+02	7.759578474260706016e-02	1.034400807352790774e-02	1.137234363721866329e-02	1.045071915462239254e+01	2.728892586761571870e+00	nan
nan	1.342599999999999909e+03	2.685199999999999809e-01	nan	8.200000000000000000e+02	8.106304838015603031e-02	1.039822785063963112e-02	1.111884889252643185e-02	1.017180915715726641e+01	2.736348704757857853e+00	nan
nan	1.349400000000000091e+03	2.698800000000000088e-01	nan	8.300000000000000000e+02	8.205214663335028136e-02	9.985615088196344094e-03	1.085704009197185037e-02	1.016205852906354679e+01	2.742000016999645684e+00	nan
nan	1.363000000000000000e+03	2.726000000000000090e-01	nan	8.400000000000000000e+02	8.470759768297284054e-02	1.049877625311337881e-02	1.161934706445354182e-02	1.011060616797906775e+01	2.755836453993425916e+00	nan
nan	1.402000000000000000e+03	2.803999999999999826e-01	nan	8.500000000000000000e+02	8.038331827117417561e-02	1.008554164840428334e-02	1.119637961821293333e-02	1.059935629692961001e+01	2.971150547952478238e+00	nan
nan	1.440400000000000091e+03	2.880800000000000027e-01	nan	8.600000000000000000e+02	8.121961074673436642e-02	9.882365397190095643e-03	1.147758620983292330e-02	1.071155521700322666e+01	3.086658907381739425e+00	nan
nan	1.492599999999999909e+03	2.985200000000000076e-01	nan	8.700000000000000000e+02	8.735976445511824118e-02	1.036655877134331528e-02	1.099983162688318236e-02	1.007981194391051361e+01	3.007034865657613132e+00	nan
nan	1.500799999999999955e+03	3.001599999999999824e-01	nan	8.800000000000000000e+02	9.111515019330909682e-02	9.560397349973534520e-03	1.138253726141457735e-02	9.708596394030163168e+00	2.914680184616026626e+00	nan
nan	1.549799999999999955e+03	3.099600000000000133e-01	nan	8.900000000000000000e+02	9.392184826128868735e-02	1.026249467366982179e-02	1.149854416219854049e-02	9.620204839159793408e+00	2.982292143524697181e+00	nan
nan	1.577200000000000045e+03	3.154399999999999982e-01	nan	9.000000000000000000e+02	9.119914888242419693e-02	9.977617457112338689e-03	1.103745423151300184e-02	9.903810770767083937e+00	3.125121924124195427e+00	nan
nan	1.597799999999999955e+03	3.195599999999999552e-01	nan	9.100000000000000000e+02	1.002334406899763053e-01	1.001895648430438032e-02	1.150228081865049823e-02	9.090256183663308676e+00	2.905041367284566522e+00	nan
nan	1.684799999999999955e+03	3.369600000000000373e-01	nan	9.200000000000000000e+02	9.971676105362803355e-02	1.034022112631173204e-02	1.126996360778088381e-02	9.282152415719835403e+00	3.127814303885065872e+00	nan
nan	1.685200000000000045e+03	3.370400000000000063e-01	nan	9.300000000000000000e+02	1.053572019854982500e-01	1.023840200481773190e-02	1.123573534819352626e-02	8.864863054788798991e+00	2.988358340045460526e+00	nan
nan	1.696799999999999955e+03	3.393599999999999395e-01	nan	9.400000000000000000e+02	1.090872151099574749e-01	1.034426498966081395e-02	1.139878931622824790e-02	8.653591805825520566e+00	2.936382079788566468e+00	nan
nan	1.724799999999999955e+03	3.449600000000000444e-01	nan	9.500000000000000000e+02	9.612661085611762246e-02	1.069069895512442595e-02	1.126891083380284972e-02	9.936158696592732653e+00	3.428105165358379391e+00	nan
nan	1.762599999999999909e+03	3.525200000000000000e-01	nan	9.600000000000000000e+02	1.057813115859971703e-01	9.912171710029338279e-03	1.145003232916580460e-02	9.188121303507042370e+00	3.239451949378454376e+00	nan
nan	1.758400000000000091e+03	3.516799999999999926e-01	nan	9.700000000000000000e+02	1.034715561575467319e-01	9.539286473412797798e-03	1.155595263251900026e-02	9.475782871760122461e+00	3.334891421243869392e+00	nan
nan	1.819200000000000045e+03	3.638400000000000523e-01	nan	9.800000000000000000e+02	1.057973390450570178e-01	9.906420162138360880e-03	1.133776809200190069e-02	9.380395155058574019e+00	3.415376703929944746e+00	nan
nan	1.861599999999999909e+03	3.723200000000000398e-01	nan	9.900000000000000000e+02	1.127612028631119756e-01	1.017677690558446875e-02	1.141405353305180795e-02	8.793165022253120355e+00	3.274245733008711134e+00	nan
nan	1.861200000000000045e+03	3.722400000000000153e-01	nan	1.000000000000000000e+03	1.090653114129963852e-01	9.954199433457700669e-03	1.161380423925603179e-02	9.185118143579538597e+00	3.418777804087560046e+00	nan
nan	1.863599999999999909e+03	3.727199999999999958e-01	nan	1.010000000000000000e+03	1.123030323375815015e-01	1.094376107876201230e-02	1.088160786045098624e-02	9.207771908437553776e+00	3.418254673203241278e+00	nan
nan	1.839000000000000000e+03	3.678000000000000158e-01	nan	1.020000000000000000e+03	1.079997268893976015e-01	1.012416538501467386e-02	1.155798145607460185e-02	9.478439049683400341e+00	3.488009616007512470e+00	nan
nan	1.910599999999999909e+03	3.821199999999999597e-01	nan	1.030000000000000000e+03	1.156412134604579423e-01	9.495967993419113587e-03	1.143861500038347370e-02	8.912044835082955530e+00	3.405677935535705192e+00	nan
nan	1.947400000000000091e+03	3.894799999999999929e-01	nan	1.040000000000000000e+03	1.165157382230972843e-01	9.644008469773248868e-03	1.142350657143928819e-02	8.956816415864732761e+00	3.490205853673038039e+00	nan
nan	1.990200000000000045e+03	3.980400000000000604e-01	nan	1.050000000000000000e+03	1.204429473834352365e-01	9.855928032161894586e-03	1.141169116865332553e-02	8.781186876365627114e+00	3.496218831404256377e+00	nan
nan	2.016000000000000000e+03	4.032000000000000028e-01	nan	1.060000000000000000e+03	1.293572958032200293e-01	1.026546266275373855e-02	1.144484564825697104e-02	8.199650926054761868e+00	3.304640694435101889e+00	nan
nan	2.022799999999999955e+03	4.045600000000000307e-01	nan	1.070000000000000000e+03	1.176880654729302450e-01	1.054085019283812659e-02	1.130258514738107303e-02	9.146731810109679728e+00	3.701571464710460724e+00	nan
nan	2.048400000000000091e+03	4.096799999999999886e-01	nan	1.080000000000000000e+03	1.262326892669079770e-01	1.053787820088143874e-02	1.127323048792111537e-02	8.596625076510708396e+00	3.515866186165848006e+00	nan
nan	2.087800000000000182e+03	4.175599999999999312e-01	nan	1.090000000000000000e+03	1.328005883762671258e-01	9.957675755456772693e-03	1.141581556278525346e-02	8.224181430088275846e+00	3.433029806081504542e+00	nan
nan	2.121800000000000182e+03	4.243600000000000705e-01	nan	1.100000000000000000e+03	1.181971839408106489e-01	1.034841460070719255e-02	1.125885376650299918e-02	9.339569651364611147e+00	3.961790372522543180e+00	nan
nan	2.100800000000000182e+03	4.201599999999999779e-01	nan	1.110000000000000000e+03	1.273686186448685365e-01	1.042862296155379689e-02	1.138840655661085312e-02	8.818290624240898268e+00	3.702058753844009509e+00	nan
nan	2.090000000000000000e+03	4.179999999999999827e-01	nan	1.120000000000000000e+03	1.299964052338964393e-01	9.841325940038638670e-03	1.141427133486080416e-02	8.629652476281584939e+00	3.608825425065506742e+00	nan
nan	2.222599999999999909e+03	4.445199999999999707e-01	nan	1.130000000000000000e+03	1.312362746631151877e-01	1.057296062595626009e-02	1.124582432225823721e-02	8.699108242046918349e+00	3.870813771491419253e+00	nan
nan	2.217599999999999909e+03	4.435200000000000253e-01	nan	1.140000000000000000e+03	1.344557394936146122e-01	1.004297276075478973e-02	1.139817389334112953e-02	8.489263334557483276e+00	3.763715278424648147e+00	nan
nan	2.154800000000000182e+03	4.309600000000000652e-01	nan	1.150000000000000000e+03	1.344058399689856687e-01	1.012192711987095275e-02	1.119878429170201653e-02	8.582251180386004208e+00	3.696589562096701975e+00	nan
nan	2.188400000000000091e+03	4.376800000000000135e-01	nan	1.160000000000000000e+03	1.366525061138418040e-01	1.017986311998105367e-02	1.138411222829870985e-02	8.534473623836870360e+00	3.732897043080174448e+00	nan
nan	2.187000000000000000e+03	4.374000000000000665e-01	nan	1.170000000000000000e+03	1.487564461550846262e-01	1.025833709250956530e-02	1.157267656605113007e-02	7.875261022579261194e+00	3.443486320239216525e+00	nan
nan	2.217800000000000182e+03	4.435600000000000098e-01	nan	1.180000000000000000e+03	1.515330889820688809e-01	9.972146526441988401e-03	1.123156964216130878e-02	7.813993760385630871e+00	3.468645361442180608e+00	nan
nan	2.208800000000000182e+03	4.417600000000000415e-01	nan	1.190000000000000000e+03	1.513975993601889003e-01	1.015320465195518156e-02	1.133701221166510953e-02	7.899164386450266306e+00	3.487773739569553388e+00	nan
nan	2.194599999999999909e+03	4.389200000000000879e-01	nan	1.200000000000000000e+03	1.431304811542759015e-01	1.059903836263650402e-02	1.127629843140473889e-02	8.409564309848786223e+00	3.689521455147537043e+00	nan
nan	2.247000000000000000e+03	4.493999999999999662e-01	nan	1.210000000000000000e+03	1.484602839502713323e-01	1.066087004134696689e-02	1.127693278076425699e-02	8.220641067371854405e+00	3.695346495752682703e+00	nan
nan	2.224599999999999909e+03	4.449199999999999267e-01	nan	1.220000000000000000e+03	1.487872068883916710e-01	9.502290202026779029e-03	1.138117113896908693e-02	8.237011351184804653e+00	3.664182453100470749e+00	nan
nan	2.174800000000000182e+03	4.349599999999999578e-01	nan	1.230000000000000000e+03	1.584863283967024583e-01	1.023528007955904102e-02	1.155016265436943981e-02	7.776684645813896957e+00	3.382858468464890134e+00	nan
nan	2.212400000000000091e+03	4.424800000000000400e-01	nan	1.240000000000000000e+03	1.542047249653023810e-01	1.030989521094849773e-02	1.130593430997543260e-02	8.048217642307868402e+00	3.561870781302796551e+00	nan
nan	2.173599999999999909e+03	4.347199999999999953e-01	nan	1.250000000000000000e+03	1.458268031870375014e-01	1.081237483871524442e-02	1.125876698421944197e-02	8.606554560868275416e+00	3.739024582200683344e+00	nan
nan	2.213000000000000000e+03	4.425999999999999934e-01	nan	1.260000000000000000e+03	1.574887591833430689e-01	9.853216809509627444e-03	1.125887681942953043e-02	8.072276731493314372e+00	3.575006533879128146e+00	nan
nan	2.195400000000000091e+03	4.390800000000000258e-01	nan	1.270000000000000000e+03	1.555395100984696966e-01	1.026421339116087919e-02	1.125516659057713628e-02	8.187647920164440762e+00	3.593768589721588746e+00	nan
nan	2.134199999999999818e+03	4.268399999999999972e-01	nan	1.280000000000000000e+03	1.608641679639276900e-01	1.028779760139189592e-02	1.167879826048097772e-02	7.972407882513865118e+00	3.405044678505961819e+00	nan
nan	2.168599999999999909e+03	4.337199999999999944e-01	nan	1.290000000000000000e+03	1.556802197003889776e-01	9.543465076718110271e-03	1.123395872130543080e-02	8.303369980170156595e+00	3.603534164983739352e+00	nan
nan	2.130800000000000182e+03	4.261599999999999833e-01	nan	1.300000000000000000e+03	1.666293676167697468e-01	1.065952448830409863e-02	1.152440084690337097e-02	7.813978664658759676e+00	3.330729485670105738e+00	nan
nan	2.160800000000000182e+03	4.321599999999999886e-01	nan	1.310000000000000000e+03	1.625376908637918005e-01	1.047899422937009599e-02	1.143822359756338676e-02	8.103891502635006461e+00	3.501109693444663495e+00	nan
nan	2.155199999999999818e+03	4.310399999999999787e-01	nan	1.320000000000000000e+03	1.743688242107509778e-01	1.028307544118086531e-02	1.138543913832430234e-02	7.571298321064192649e+00	3.263932917108351539e+00	nan
nan	2.104199999999999818e+03	4.208399999999999919e-01	nan	1.330000000000000000e+03	1.682341300711868715e-01	1.031830621514500876e-02	1.126276202662724463e-02	7.919030975427054031e+00	3.333724725160224445e+00	nan
nan	2.125800000000000182e+03	4.251599999999999824e-01	nan	1.340000000000000000e+03	1.724570239590320908e-01	9.621437166227061674e-03	1.128252467695035899e-02	7.806769698755914533e+00	3.318101812631070402e+00	nan
nan	2.173199999999999818e+03	4.346400000000000263e-01	nan	1.350000000000000000e+03	1.663421755518811607e-01	9.234007305956828254e-03	1.162368847146668174e-02	8.155407662029171334e+00	3.544393173974720757e+00	nan
nan	2.108000000000000000e+03	4.216000000000000303e-01	nan	1.360000000000000000e+03	1.715910164354227108e-01	1.045376891105944013e-02	1.165249161885588761e-02	7.932394125103627402e+00	3.344777581306094927e+00	nan
nan	2.121000000000000000e+03	4.242000000000000215e-01	nan	1.370000000000000000e+03	1.707185497221871684e-01	1.007882827017366270e-02	1.150586339128064663e-02	8.067312399348063323e+00	3.418900078875229731e+00	nan
nan	2.105199999999999818e+03	4.210399999999999698e-01	nan	1.380000000000000000e+03	1.814333031746173108e-01	1.016838490997749866e-02	1.136250693914857279e-02	7.619320029343620959e+00	3.206815971936474163e+00	nan
nan	2.136800000000000182e+03	4.273600000000000176e-01	nan	1.390000000000000000e+03	1.913149398954374081e-01	9.819770204624779161e-03	1.131188133144503741e-02	7.296408316799421812e+00	3.119500570226178215e+00	nan
nan	2.082199999999999818e+03	4.164400000000000324e-01	nan	1.400000000000000000e+03	1.772787351308579562e-01	9.386958687038567464e-03	1.133809626685874580e-02	7.914334085496794735e+00	3.296111222407372310e+00	nan
nan	2.059400000000000091e+03	4.118800000000000239e-01	nan	1.410000000000000000e+03	1.888920025267907532e-01	1.089647848560258703e-02	1.133798138587203443e-02	7.508330732421041986e+00	3.094245363553923767e+00	nan
nan	2.069000000000000000e+03	4.138000000000000012e-01	nan	1.420000000000000000e+03	1.861381493145472521e-01	1.006585380090594187e-02	1.121228385169272847e-02	7.637505593006570948e+00	3.161394431704567687e+00	nan
nan	2.029000000000000000e+03	4.057999999999999940e-01	nan	1.430000000000000000e+03	1.815990272051294652e-01	9.051856050570730380e-03	1.107354410012002278e-02	7.896375410342542978e+00	3.199690169643996107e+00	nan
nan	2.012400000000000091e+03	4.024800000000000044e-01	nan	1.440000000000000000e+03	1.838854093404734269e-01	1.008633847643302869e-02	1.136499296144578841e-02	7.866726942646399934e+00	3.168754135464199262e+00	nan
nan	2.014200000000000045e+03	4.028399999999999759e-01	nan	1.450000000000000000e+03	1.843029036183906899e-01	1.002944868434765997e-02	1.158850972159229664e-02	7.895027368908367649e+00	3.180117552139604786e+00	nan
nan	2.027599999999999909e+03	4.055199999999999916e-01	nan	1.460000000000000000e+03	1.890668281925172722e-01	1.042310897903497326e-02	1.131964505589017587e-02	7.732256039023577721e+00	3.133880769685548184e+00	nan
nan	2.000599999999999909e+03	4.001199999999999757e-01	nan	1.470000000000000000e+03	2.002779015395390050e-01	1.148442944563678007e-02	1.141439862854243953e-02	7.378826717568801818e+00	2.949603142511368681e+00	nan
nan	1.999000000000000000e+03	3.997999999999999332e-01	nan	1.480000000000000000e+03	1.937264752097689890e-01	1.020879312875774131e-02	1.136537299044746221e-02	7.663293056767645162e+00	3.065735630386068777e+00	nan
nan	2.011599999999999909e+03	4.023200000000000109e-01	nan	1.490000000000000000e+03	1.945874812826787204e-01	9.296876618962227751e-03	1.098721706108147546e-02	7.685517344558448372e+00	3.094511588521284384e+00	nan
nan	1.924000000000000000e+03	3.847999999999999754e-01	nan	1.500000000000000000e+03	2.048815246787853428e-01	9.856218305410455530e-03	1.155511977292086878e-02	7.332599401716723087e+00	2.820554615894136585e+00	nan
nan	1.936599999999999909e+03	3.873199999999999976e-01	nan	1.510000000000000000e+03	1.989146124428771145e-01	1.058636359103276581e-02	1.157565541007355737e-02	7.658830967845889681e+00	2.969796771723707707e+00	nan
nan	1.995000000000000000e+03	3.989999999999999658e-01	nan	1.520000000000000000e+03	2.068989808649348561e-01	1.014471601194265847e-02	1.133655921465428693e-02	7.353671803415221753e+00	2.934399608890598365e+00	nan
nan	1.922599999999999909e+03	3.845200000000000284e-01	nan	1.530000000000000000e+03	2.063203433188391389e-01	9.722811995820996450e-03	1.133813918881263968e-02	7.437739339319776377e+00	2.860053097036740155e+00	nan
nan	1.974799999999999955e+03	3.949600000000000333e-01	nan	1.540000000000000000e+03	2.099523013977886987e-01	1.021068840599022830e-02	1.129686176926357824e-02	7.339289054104654042e+00	2.900283692831518323e+00	nan
nan	1.915599999999999909e+03	3.831200000000000161e-01	nan	1.550000000000000000e+03	2.059686900395263365e-01	1.015675005466161636e-02	1.147392946780683397e-02	7.625913971758717658e+00	2.926572050352687082e+00	nan
nan	1.911599999999999909e+03	3.823199999999999932e-01	nan	1.560000000000000000e+03	2.207955114463857060e-01	1.077236067099045583e-02	1.116290972036492954e-02	7.085652174422889971e+00	2.709374394663515595e+00	nan
nan	1.961200000000000045e+03	3.922399999999999776e-01	nan	1.570000000000000000e+03	2.165529735884774709e-01	1.074507312757780331e-02	1.168098706664169248e-02	7.266079241833567792e+00	2.850088682024441766e+00	nan
nan	1.885000000000000000e+03	3.770000000000000018e-01	nan	1.580000000000000000e+03	2.323510284666099324e-01	1.018474299859374946e-02	1.169687902676206336e-02	6.805502604349892515e+00	2.564919264757821615e+00	nan
nan	1.883599999999999909e+03	3.767200000000000548e-01	nan	1.590000000000000000e+03	2.232672405191806209e-01	1.034309663795367901e-02	1.133945219410975418e-02	7.138152355257041393e+00	2.690222188704080697e+00	nan
nan	1.865400000000000091e+03	3.730800000000000227e-01	nan	1.600000000000000000e+03	2.271771820817320986e-01	1.027848236465672693e-02	1.138609811775590820e-02	7.092484406119650586e+00	2.645826059127674768e+00	nan
nan	1.885400000000000091e+03	3.770799999999999708e-01	nan	1.610000000000000000e+03	2.358271310260534048e-01	9.335090997739164606e-03	1.169116895797708486e-02	6.850117743007560378e+00	2.580395420070597190e+00	nan
nan	1.827400000000000091e+03	3.654799999999999716e-01	nan	1.620000000000000000e+03	2.116661497119821378e-01	1.031177822493861175e-02	1.132120523156299532e-02	7.710025569217985542e+00	2.820052315577117330e+00	nan
nan	1.794200000000000045e+03	3.588399999999999368e-01	nan	1.630000000000000000e+03	2.269188758209111367e-01	1.061362032622852926e-02	1.141464082611976134e-02	7.241148319263300159e+00	2.594187822991565362e+00	nan
nan	1.772799999999999955e+03	3.545599999999999863e-01	nan	1.640000000000000000e+03	2.364681517944063616e-01	1.031891893194195921e-02	1.131763824661298143e-02	6.962365471049745125e+00	2.469970621714537629e+00	nan
nan	1.777400000000000091e+03	3.554800000000000182e-01	nan	1.650000000000000000e+03	2.252429896360354233e-01	9.900142602645465445e-03	1.156003846044783255e-02	7.353104184004839894e+00	2.615763364125024637e+00	nan
nan	1.793799999999999955e+03	3.587600000000000233e-01	nan	1.660000000000000000e+03	2.311697001517586669e-01	9.528517023127253821e-03	1.141449569906997398e-02	7.288926031018801766e+00	2.612430785669222821e+00	nan
nan	1.762200000000000045e+03	3.524399999999999755e-01	nan	1.670000000000000000e+03	2.357220798091020642e-01	1.044641284986374402e-02	1.148750910762149149e-02	7.085678140407276615e+00	2.496987472147606635e+00	nan
nan	1.742599999999999909e+03	3.485199999999999965e-01	nan	1.680000000000000000e+03	2.379450480160358039e-01	1.025686036199242694e-02	1.129274065959167371e-02	7.104928536898664326e+00	2.475460733040712569e+00	nan
nan	1.752000000000000000e+03	3.503999999999999337e-01	nan	1.690000000000000000e+03	2.302313593582766826e-01	9.542006324990437785e-03	1.136640660595204799e-02	7.373868954048181656e+00	2.584912575709918059e+00	nan
nan	1.685400000000000091e+03	3.370799999999999907e-01	nan	1.700000000000000000e+03	2.414344971931313977e-01	9.339065878202108817e-03	1.144957738108703937e-02	7.068753049871510541e+00	2.383568677601561880e+00	nan
nan	1.718599999999999909e+03	3.437199999999999700e-01	nan	1.710000000000000000e+03	2.471091823547340027e-01	9.828293884367556715e-03	1.145459372751605163e-02	6.956531740326558300e+00	2.389620354016875670e+00	nan
nan	1.663400000000000091e+03	3.326799999999999757e-01	nan	1.720000000000000000e+03	2.440699061215127474e-01	1.048645348851591497e-02	1.119504274130268470e-02	7.060053020944922153e+00	2.348359052315185380e+00	nan
nan	1.681400000000000091e+03	3.362800000000000233e-01	nan	1.730000000000000000e+03	2.465574127208583488e-01	1.057091762933503980e-02	1.173762251524984937e-02	7.039810242041229849e+00	2.365258983315939645e+00	nan
nan	1.632000000000000000e+03	3.264000000000000234e-01	nan	1.740000000000000000e+03	2.534789244433796052e-01	1.080073318583497921e-02	1.144609761848149228e-02	6.898213792060163385e+00	2.251709973663781561e+00	nan
nan	1.642200000000000045e+03	3.284400000000000097e-01	nan	1.750000000000000000e+03	2.622822416786220745e-01	1.003305163759087362e-02	1.134079808985762917e-02	6.723476892497636470e+00	2.203008238512381922e+00	nan
nan	1.665599999999999909e+03	3.331199999999999717e-01	nan	1.760000000000000000e+03	2.662304309611044917e-01	9.138239596165801878e-03	1.125301276762561732e-02	6.651114210092122114e+00	2.216071196450517977e+00	nan
nan	1.584799999999999955e+03	3.169600000000000195e-01	nan	1.770000000000000000e+03	2.324798323926188515e-01	1.020683531494211323e-02	1.138132424972220294e-02	7.630795644440999226e+00	2.419928093657758073e+00	nan
nan	1.624200000000000045e+03	3.248400000000000176e-01	nan	1.780000000000000000e+03	2.567899554573159770e-01	1.024794576688982384e-02	1.133070845648766894e-02	6.949296541870817023e+00	2.258162411834899519e+00	nan
nan	1.595000000000000000e+03	3.189999999999999503e-01	nan	1.790000000000000000e+03	2.685799120265073836e-01	1.058068707641371051e-02	1.142075470390319439e-02	6.669686674899196532e+00	2.128189579065519865e+00	nan
nan	1.549200000000000045e+03	3.098400000000000043e-01	nan	1.800000000000000000e+03	2.374402289444333403e-01	9.746348423230664221e-03	1.118719125838570083e-02	7.617995368081284191e+00	2.359270632195569206e+00	nan
nan	1.576400000000000091e+03	3.152799999999999492e-01	nan	1.810000000000000000e+03	2.625134657098442403e-01	9.230335743841928259e-03	1.135806058013347740e-02	6.917400426136732783e+00	2.182550099173251823e+00	nan
nan	1.521599999999999909e+03	3.043199999999999794e-01	nan	1.820000000000000000e+03	2.515974200314758380e-01	9.864057624177816064e-03	1.133566771296526735e-02	7.269829560057104345e+00	2.214039890069635863e+00	nan
nan	1.509000000000000000e+03	3.017999999999999572e-01	nan	1.830000000000000000e+03	2.696972816483594326e-01	1.081960228337150616e-02	1.115272252812751254e-02	6.812577718548153527e+00	2.055265462749420458e+00	nan
nan	1.525599999999999909e+03	3.051199999999999468e-01	nan	1.840000000000000000e+03	2.699112361901370716e-01	9.630702252281240702e-03	1.092379865076468712e-02	6.870986919091575551e+00	2.098653949951685860e+00	nan
nan	1.508599999999999909e+03	3.017199999999999882e-01	nan	1.850000000000000000e+03	2.835686734548289456e-01	1.017811454076448206e-02	1.134734627659749785e-02	6.552023618080612621e+00	1.976816541298018759e+00	nan
nan	1.433599999999999909e+03	2.867200000000000304e-01	nan	1.860000000000000000e+03	2.619536415448237565e-01	1.027328990404519950e-02	1.141174360387814044e-02	7.229674821600108103e+00	2.070755983163488967e+00	nan
nan	1.457799999999999955e+03	2.915600000000000414e-01	nan	1.870000000000000000e+03	2.741749236690338987e-01	1.035438145774034320e-02	1.132542087241608132e-02	6.837410631532260474e+00	1.991340589091096236e+00	nan
nan	1.433000000000000000e+03	2.865999999999999659e-01	nan	1.880000000000000000e+03	2.710533105121157860e-01	1.074154144120515256e-02	1.119394153886272246e-02	6.962347332395340871e+00	1.994123081790248664e+00	nan
nan	1.405599999999999909e+03	2.811200000000000365e-01	nan	1.890000000000000000e+03	2.675392152456879669e-01	1.020360445142754272e-02	1.126248085728718748e-02	7.077446617928004002e+00	1.989386368794773485e+00	nan
nan	1.388200000000000045e+03	2.776399999999999979e-01	nan	1.900000000000000000e+03	2.852414782396863191e-01	1.013121191962886546e-02	1.099520271981378229e-02	6.677690907788488062e+00	1.853080518505229701e+00	nan
nan	1.365400000000000091e+03	2.730800000000000449e-01	nan	1.910000000000000000e+03	2.894995773873233480e-01	1.065609054566408684e-02	1.136763177054053893e-02	6.612897598435109714e+00	1.803878362690574777e+00	nan
nan	1.353799999999999955e+03	2.707600000000000007e-01	nan	1.920000000000000000e+03	2.778052029046648164e-01	9.909440927388702552e-03	1.151533464790830893e-02	6.968409247373324789e+00	1.885031770096095460e+00	nan
nan	1.327200000000000045e+03	2.654400000000000093e-01	nan	1.930000000000000000e+03	3.080229949785916466e-01	1.108828157472005124e-02	1.128053153994738357e-02	6.305794918833888651e+00	1.673413673384523292e+00	nan
nan	1.284000000000000000e+03	2.568000000000000282e-01	nan	1.940000000000000000e+03	2.895333293049134338e-01	9.839897313778442692e-03	1.099773701156782531e-02	6.747012106304024925e+00	1.733072871088231270e+00	nan
nan	1.297200000000000045e+03	2.594399999999999484e-01	nan	1.950000000000000000e+03	2.797339088409899199e-01	9.790737445890160609e-03	1.140188012817688022e-02	7.023287217902613122e+00	1.824242830999339704e+00	nan
nan	1.252200000000000045e+03	2.504399999999999959e-01	nan	1.960000000000000000e+03	3.059677708290109988e-01	9.869673738121333834e-03	1.123874520934986694e-02	6.427713641505697240e+00	1.609941358287698021e+00	nan
nan	1.223599999999999909e+03	2.447199999999999931e-01	nan	1.970000000000000000e+03	3.030777882052461680e-01	1.045023332049641908e-02	1.168881105450385663e-02	6.559143238326344161e+00	1.603500852999278692e+00	nan
nan	1.154400000000000091e+03	2.308799999999999741e-01	nan	1.980000000000000000e+03	2.754583451546295803e-01	1.000373092061803901e-02	1.099594385653064610e-02	7.189448242946463452e+00	1.660329516284347662e+00	nan
nan	1.136200000000000045e+03	2.272400000000000253e-01	nan	1.990000000000000000e+03	2.963621647732906927e-01	9.683738201605377252e-03	1.122855028751935068e-02	6.735231222033869258e+00	1.530861372364175743e+00	nan
nan	1.078599999999999909e+03	2.157199999999999951e-01	nan	2.000000000000000000e+03	3.122200090439036790e-01	9.591894129727825818e-03	1.124109432384923397e-02	6.446536468018701171e+00	1.390252234029783818e+00	nan
nan	1.081799999999999955e+03	2.163599999999999690e-01	nan	2.010000000000000000e+03	3.036783695418307505e-01	9.324088316793125927e-03	1.124300546255442047e-02	6.643375345335914339e+00	1.436308662572017614e+00	nan
nan	1.041000000000000000e+03	2.081999999999999962e-01	nan	2.020000000000000000e+03	3.095783304599535879e-01	9.801069137461718150e-03	1.137308253254229115e-02	6.538183731379618280e+00	1.360211892655179833e+00	nan
nan	9.472000000000000455e+02	1.894399999999999973e-01	nan	2.030000000000000000e+03	3.222071997397961129e-01	9.701403368664235360e-03	1.092915114195530495e-02	6.333531090371463002e+00	1.198980415718142511e+00	nan
nan	7.247999999999999545e+02	1.449600000000000333e-01	nan	2.040000000000000000e+03	2.893832724025287573e-01	9.649432778922144988e-03	1.106948127813696045e-02	7.143496010600126844e+00	1.035174356252760219e+00	nan
nan	8.357999999999999545e+02	1.671600000000000030e-01	nan	2.050000000000000000e+03	2.957051305137611275e-01	9.356903445086443144e-03	1.129006228843571977e-02	7.019768490887893897e+00	1.175207193988763166e+00	nan
nan	8.403999999999999773e+02	1.680800000000000072e-01	nan	2.060000000000000000e+03	3.244363858553697133e-01	9.649369696069651225e-03	1.111318622027784517e-02	6.375527437946790776e+00	1.071807719850591756e+00	nan
nan	8.226000000000000227e+02	1.645199999999999996e-01	nan	2.070000000000000000e+03	3.296634665765850736e-01	1.033902841803785964e-02	1.097884729178280963e-02	6.321093444441085119e+00	1.041214928670598283e+00	nan
nan	7.603999999999999773e+02	1.520799999999999930e-01	nan	2.080000000000000000e+03	3.078216969873210362e-01	1.075737404160841820e-02	1.078136695926809087e-02	6.786246091426322735e+00	1.030835132602418769e+00	nan
nan	7.227999999999999545e+02	1.445600000000000218e-01	nan	2.090000000000000000e+03	3.001295543379455810e-01	1.131875070833204128e-02	1.110703245534512898e-02	7.096514857299436763e+00	1.025919772985151468e+00	nan
nan	6.873999999999999773e+02	1.374799999999999911e-01	nan	2.100000000000000000e+03	3.078612179318952480e-01	8.867644162388338067e-03	1.084503829575907130e-02	6.893919372578426241e+00	9.463634777809778464e-01	nan
nan	6.400000000000000000e+02	1.280000000000000027e-01	nan	2.110000000000000000e+03	3.180138501855253597e-01	9.339765921585158753e-03	1.098488769872378069e-02	6.735572362059834006e+00	8.634675124372053201e-01	nan
nan	5.966000000000000227e+02	1.193200000000000094e-01	nan	2.120000000000000000e+03	3.098629649511167594e-01	9.852571245363334757e-03	1.044491661708212525e-02	6.907082330262357850e+00	8.255146854869931383e-01	nan
nan	5.766000000000000227e+02	1.153200000000000058e-01	nan	2.130000000000000000e+03	3.263207438087192824e-01	9.556734190933210971e-03	1.094528413641921230e-02	6.669846043837987182e+00	7.707266950054881827e-01	nan
nan	5.620000000000000000e+02	1.124000000000000138e-01	nan	2.140000000000000000e+03	3.093524271789647173e-01	9.627785613447775032e-03	1.070410692730090069e-02	7.060742342969172469e+00	7.940276238295803646e-01	nan
nan	5.152000000000000455e+02	1.030399999999999927e-01	nan	2.150000000000000000e+03	3.355351098753999173e-01	9.784560658394595226e-03	1.082492567115663287e-02	6.460429983283697553e+00	6.665531445305992175e-01	nan
nan	4.733999999999999773e+02	9.468000000000000027e-02	nan	2.160000000000000000e+03	3.243300686227484908e-01	9.835850711543317471e-03	1.104324495756998925e-02	6.689309470000107005e+00	6.339567068635962865e-01	nan
nan	4.383999999999999773e+02	8.767999999999999405e-02	nan	2.170000000000000000e+03	3.079693088442582161e-01	8.927493437381653352e-03	1.102744831530355629e-02	7.165144531505861281e+00	6.277112010762513350e-01	nan
nan	3.996000000000000227e+02	7.992000000000000492e-02	nan	2.180000000000000000e+03	3.347658669106749474e-01	8.016704057463099747e-03	1.091217602498761007e-02	6.619594495678958523e+00	5.320076862528129169e-01	nan
nan	3.590000000000000000e+02	7.180000000000000271e-02	nan	2.190000000000000000e+03	3.023226310620884538e-01	1.130135097110032162e-02	1.021627956527667441e-02	7.468913982081126335e+00	5.363005903847632982e-01	nan
nan	2.950000000000000000e+02	5.899999999999999689e-02	nan	2.200000000000000000e+03	3.575929211343463754e-01	1.050523393058906338e-02	1.048479058368412785e-02	6.256807989983483864e+00	3.683406106691138326e-01	nan
nan	2.315999999999999943e+02	4.632000000000000006e-02	nan	2.210000000000000000e+03	3.152085360722594598e-01	8.584070286336545688e-03	8.910931430670357423e-03	7.237862867322339966e+00	3.348981937476801507e-01	nan
nan	1.750000000000000000e+02	3.500000000000000333e-02	nan	2.220000000000000000e+03	3.202163291760370956e-01	8.691217779918655045e-03	1.000649993042235751e-02	7.122904879454338811e+00	2.488777907150980795e-01	nan
nan	1.291999999999999886e+02	2.584000000000000186e-02	nan	2.230000000000000000e+03	3.327550424804030516e-01	7.565684161887543772e-03	9.822206440229314800e-03	7.576926995353206351e+00	1.983468548239216978e-01	nan
nan	1.247999999999999972e+02	2.495999999999999955e-02	nan	2.240000000000000000e+03	2.016577601506469308e-01	9.579804062037922466e-03	9.386152511972559870e-03	1.425058915703784024e+01	3.517304784777517956e-01	nan
nan	1.087999999999999972e+02	2.176000000000000156e-02	nan	2.250000000000000000e+03	2.627911052793024393e-01	9.235647938037883087e-03	9.625017521408860133e-03	8.819362024566959946e+00	1.916683529324547108e-01	nan
nan	1.035999999999999943e+02	2.071999999999999884e-02	nan	2.260000000000000000e+03	3.226545768796711400e-01	9.231231217839464681e-03	9.446224901061409107e-03	7.240786651506057936e+00	1.516314403293951840e-01	nan
nan	9.959999999999999432e+01	1.992000000000000021e-02	nan	2.270000000000000000e+03	3.472742142419255607e-01	1.002604604768658758e-02	9.675919060518988965e-03	6.637355898133220578e+00	1.323157002130386783e-01	nan
nan	1.025999999999999943e+02	2.052000000000000005e-02	nan	2.280000000000000000e+03	3.223762376214347469e-01	8.145760554189146116e-03	9.090898169702373716e-03	7.482497102394009225e+00	1.537311210576172704e-01	nan
nan	1.007999999999999972e+02	2.016000000000000084e-02	nan	2.290000000000000000e+03	3.671414416222189558e-01	9.781175095116948631e-03	9.147224861957039405e-03	6.324680393187057881e+00	1.284394775739066685e-01	nan
nan	9.620000000000000284e+01	1.924000000000000016e-02	nan	2.300000000000000000e+03	3.742468269395492486e-01	1.115894258957915788e-02	9.451030973562781629e-03	6.197723777764695186e+00	1.185705472752965062e-01	nan
nan	1.004000000000000057e+02	2.007999999999999716e-02	nan	2.310000000000000000e+03	3.629716345254082599e-01	8.843020451495839027e-03	9.724203636781083432e-03	6.513843271420029168e+00	1.333092040336604223e-01	nan
nan	1.012000000000000028e+02	2.024000000000000105e-02	nan	2.320000000000000000e+03	3.655503707232634625e-01	1.103256985825650481e-02	7.415928491269011165e-03	6.489253812210587391e+00	1.314226712562775179e-01	nan
nan	1.025999999999999943e+02	2.052000000000000005e-02	nan	2.330000000000000000e+03	3.504737391544465730e-01	1.236044771448256349e-02	9.982727890289267922e-03	6.671642008125712842e+00	1.372250236913357124e-01	nan
nan	1.025999999999999943e+02	2.052000000000000351e-02	nan	2.340000000000000000e+03	3.513734279779324732e-01	1.056464188682185862e-02	8.527673764441728171e-03	6.710940346871152151e+00	1.388448729535572967e-01	nan
nan	1.177999999999999972e+02	2.356000000000000108e-02	nan	2.350000000000000000e+03	3.312108252274981179e-01	9.536520114139775475e-03	9.690294989119666719e-03	7.418305300814997949e+00	1.772147306379386611e-01	nan
nan	1.368000000000000114e+02	2.736000000000000237e-02	nan	2.360000000000000000e+03	3.065951433339250687e-01	1.024223457630058821e-02	1.003659901432372992e-02	7.842980481315189323e+00	2.145791153391808093e-01	nan
nan	1.438000000000000114e+02	2.876000000000000084e-02	nan	2.370000000000000000e+03	2.883363605366867088e-01	8.955543752389726747e-03	1.060404516959147572e-02	8.516807687139635874e+00	2.439076129595947329e-01	nan
nan	1.660000000000000000e+02	3.320000000000000034e-02	nan	2.380000000000000000e+03	4.127904578745983377e-01	8.795271630871848156e-03	1.078029619066605410e-02	5.804101585645900840e+00	1.932758464242674834e-01	nan
nan	1.680000000000000000e+02	3.359999999999999792e-02	nan	2.390000000000000000e+03	3.756419731616915669e-01	8.370924354431300354e-03	1.047611155974413621e-02	6.873396180745864115e+00	2.292440045036097940e-01	nan
nan	1.665999999999999943e+02	3.332000000000000239e-02	nan	2.400000000000000000e+03	2.794979561183936201e-01	8.844470157617120853e-03	1.037314070275470283e-02	1.022182860066372179e+01	3.431714470059070154e-01	nan
nan	1.888000000000000114e+02	3.776000000000000190e-02	nan	2.410000000000000000e+03	3.162383342729299107e-01	9.832362640064866433e-03	9.897122723647174686e-03	8.096453583679551258e+00	3.054617113959562369e-01	nan
nan	1.984000000000000057e+02	3.967999999999999999e-02	nan	2.420000000000000000e+03	4.008325678818437376e-01	1.079153934019958308e-02	1.080114404476916964e-02	6.206321506760923867e+00	2.475941902387926441e-01	nan
nan	1.948000000000000114e+02	3.896000000000000157e-02	nan	2.430000000000000000e+03	3.495036080661521050e-01	9.316731060842476861e-03	8.275050276818522038e-03	9.032060627105540362e+00	3.524514119272938451e-01	nan
nan	2.011999999999999886e+02	4.024000000000000493e-02	nan	2.440000000000000000e+03	4.201079296735770185e-01	8.697400303304035629e-03	1.009325738593392675e-02	5.894520704320653337e+00	2.361370548419600701e-01	nan
nan	2.101999999999999886e+02	4.204000000000000098e-02	nan	2.450000000000000000e+03	4.375507324673890142e-01	9.824420900298303297e-03	1.062848127810758422e-02	5.680587894802621385e+00	2.400524552027884506e-01	nan
nan	2.240000000000000000e+02	4.479999999999999261e-02	nan	2.460000000000000000e+03	3.622807704307888232e-01	8.131874392481903621e-03	9.301415256189098091e-03	6.917525102511857149e+00	3.097201440601396460e-01	nan
nan	2.275999999999999943e+02	4.551999999999999796e-02	nan	2.470000000000000000e+03	3.299319515393108193e-01	8.966692556190619667e-03	9.966446600599487143e-03	8.342082178953386773e+00	3.790676963519744591e-01	nan
nan	2.241999999999999886e+02	4.484000000000000485e-02	nan	2.480000000000000000e+03	3.851312753634374419e-01	9.308125487259904726e-03	1.073165186867497227e-02	6.552326584295533607e+00	2.953019463982564652e-01	nan
nan	2.245999999999999943e+02	4.492000000000000159e-02	nan	2.490000000000000000e+03	3.695651653844834184e-01	7.646378599830759397e-03	1.046568563193264398e-02	7.000640580365304011e+00	3.152940722563364329e-01	nan
nan	2.271999999999999886e+02	4.543999999999999428e-02	nan	2.500000000000000000e+03	3.827721349949569918e-01	9.567284258888060847e-03	1.085497279300469062e-02	6.928443985101379710e+00	3.152184833528993146e-01	nan
nan	2.344000000000000057e+02	4.687999999999999806e-02	nan	2.510000000000000000e+03	3.382914820635051223e-01	1.006573933906430851e-02	1.029273381207524395e-02	7.718778376019784560e+00	3.582690078805534362e-01	nan
nan	2.484000000000000057e+02	4.968000000000000194e-02	nan	2.520000000000000000e+03	3.350612503381853458e-01	1.026687395039575616e-02	1.085001169579229846e-02	8.045309596534469421e+00	3.960157401512084396e-01	nan
nan	2.470000000000000000e+02	4.939999999999999947e-02	nan	2.530000000000000000e+03	4.180907976872731413e-01	9.520731940118244696e-03	9.057337503781567184e-03	6.176928057112799131e+00	3.029751242936486455e-01	nan
nan	2.470000000000000000e+02	4.939999999999999947e-02	nan	2.540000000000000000e+03	3.400317761022051966e-01	1.022776488775625769e-02	8.888160897171277358e-03	7.589149201564765690e+00	3.749948708752575133e-01	nan
nan	2.394000000000000057e+02	4.787999999999999895e-02	nan	2.550000000000000000e+03	4.097921379051513435e-01	9.489586685577002662e-03	1.028761559081056882e-02	6.349285845903970937e+00	3.014977310719061943e-01	nan
