50.022	0.948106584774348
50.223	0.949332384806741
50.424	0.947636636949583
50.625	0.947943596406645
50.826	0.949640417691981
51.027	0.94751414195319
51.228	0.94882046077577
51.429	0.949407212505646
51.63	0.945526819893884
51.831	0.948668920887298
52.032	0.949044623696906
52.233	0.949643494702315
52.434	0.947471709048459
52.635	0.949138139230751
52.836	0.948156708086589
53.037	0.950215709817988
53.237	0.949028091617883
53.438	0.949820611171729
53.639	0.950066976448957
53.84	0.950656033220427
54.041	0.950887182301157
54.242	0.951770148524275
54.443	0.951597445415511
54.644	0.951470236975084
54.845	0.951854006415769
55.046	--
55.247	--
55.448	--
55.649	0.952581500508489
55.85	0.951690556880375
56.05	0.950356221683113
56.25	0.952452607387836
56.45	0.953097758650428
56.65	0.952082079694625
56.85	0.95467043294569
57.05	0.952887272021095
57.249	0.95318943648272
57.449	0.95318863314125
57.649	0.953550131320423
57.849	0.954542279131835
58.049	0.954080657058558
58.249	0.954584465625159
58.449	0.954522157213483
58.649	0.955228118951071
58.849	0.954580735116149
59.05	0.955720905475915
59.249	0.95501437311982
59.449	0.955027459729025
59.648	0.956011833617293
59.848	0.954949574140071
60.048	0.955810122339626
60.248	0.95571845550843
60.448	0.956525901061763
60.648	0.956338024071998
60.848	0.957147838786818
61.048	0.957343035459475
61.248	0.956267787826614
61.448	0.957614434096929
61.648	0.957103146591086
61.848	0.958153401604421
62.047	0.957761016698449
62.247	0.957616425368172
62.447	0.957715945463148
62.647	0.957732613126621
62.847	0.958114557036326
63.047	0.957901233720214
63.247	0.958125815446545
63.447	0.956309520606167
63.647	0.958019720090094
63.847	0.958879585468434
64.047	0.958493760939649
64.247	0.958736334416693
64.446	0.960208430969401
64.646	0.959446972752715
64.846	0.959828863790931
65.046	0.959864393395161
65.246	0.960216758873318
65.446	0.959949057607524
65.646	0.960384094623415
65.846	0.960073655338391
66.046	0.960176919783667
66.246	0.959817670654604
66.446	0.960573607778937
66.646	0.959713472690294
66.845	0.960745246249632
67.045	0.960854806957477
67.245	0.960253439661684
67.445	0.960763085016099
67.645	0.960938981234421
67.845	0.961217511055887
68.045	0.960795978219968
68.245	0.961320224335506
68.445	0.961183233020461
68.645	0.961151195288562
68.845	0.961372338592494
69.045	0.961831103436406
69.244	0.961222816967342
69.444	0.960739160337424
69.644	0.961581758696748
69.844	0.961477977242736
70.044	0.961067651911137
70.244	0.961581465949109
70.444	0.96181182859697
70.644	0.961904023231861
70.844	0.962081736335121
71.044	0.960649521626815
71.244	0.962647946573581
71.444	0.962694366484024
71.643	0.962039666600449
71.843	0.962414641794049
72.043	0.962766028865865
72.243	0.962000510203409
72.443	0.962696645869339
72.643	0.962411827198274
72.842	0.962545018668267
73.043	0.962801500756728
73.243	0.962061892540307
73.443	0.962281751887642
73.643	0.962575150497696
73.843	0.962167886494033
74.043	0.962841033398268
74.243	0.962439618139845
74.443	0.962792003402303
74.643	0.963180909857988
74.843	0.962837915535315
75.043	0.963070601011799
75.243	0.962552300281996
75.443	0.96279326940805
75.643	0.963099222368331
75.843	0.963012932655867
76.043	0.962424592895666
76.243	0.96304022046074
76.443	0.96279478889226
76.643	0.96281084286182
76.843	0.962713874750778
77.043	0.963268666794873
77.244	0.962861393993322
77.444	0.961637975091223
77.644	0.962798542357438
77.844	0.962918335980338
78.044	0.962737191541492
78.244	0.963539425364933
78.444	0.962780940620119
78.644	0.96309834703876
78.844	0.9633108680924
79.044	0.963715804249956
79.244	0.962978097988622
79.444	0.962928756258852
79.644	0.963100726755703
79.844	0.9631936020209
80.044	0.963878360452188
80.244	0.959601448640663
80.444	0.961992786643372
80.644	0.958794517517907
80.844	0.966372928674974
81.044	0.964478986918566
81.244	0.963994348150149
81.444	0.963168057593353
81.644	0.961894764166997
81.844	0.962135427387971
82.044	0.961762509634446
82.244	0.963904711267347
82.444	0.959756595571787
82.644	0.961414866323375
82.844	0.961516696419517
83.044	0.963057852882527
83.244	0.963796149366303
83.444	0.964651295592829
83.643	0.964562823657922
83.844	0.960415520869143
84.044	0.960646346554283
84.244	0.963284251576145
84.443	0.961882345711746
84.644	0.960240180877919
84.844	0.960698455801436
85.044	0.966933886241199
85.244	0.965160489442187
85.443	0.959563138167245
85.644	0.963718392589756
85.844	0.96344226729661
86.044	0.961627979430853
86.245	0.96439835758862
86.445	0.959787452959283
86.645	0.961381442918331
86.845	0.963377964600038
87.045	0.965349652631655
87.245	0.963268341702634
87.445	0.966074520881913
87.644	0.961563495508045
87.845	0.9641164678052
88.045	0.963185272054415
88.245	0.960138165178962
88.445	0.962471961359656
88.644	0.962719153520883
88.845	0.958197793599921
89.045	0.961930022221595
89.244	0.96301580601097
89.445	0.960252250185053
89.645	0.966633368860257
89.845	0.964239495667823
90.045	0.960238629906501
90.245	0.958413046307821
90.445	0.961347195220282
90.645	0.960693028368869
90.845	0.959602467085448
91.045	0.962058708008286
91.245	0.960740312030131
91.445	0.961107883554172
91.644	0.961689466344068
91.845	0.959761164589454
92.045	0.961074768663565
92.245	0.961919107552932
92.445	0.961108421600614
92.645	0.960969271981987
92.845	0.960278193086436
93.045	0.960659138817856
93.245	0.962259871886815
93.444	0.961008557527443
93.645	0.96020473241569
93.845	0.962152233471618
94.045	0.960166879896222
94.245	0.96083954098091
94.445	0.966174140542037
94.645	0.960279541204247
94.846	0.958033501159148
95.045	0.959471915371311
95.246	0.961553509790497
95.446	0.960912877859408
95.646	0.960023566138418
95.845	0.961426335745123
96.046	0.960909626789597
96.246	0.96137081360665
96.446	0.961529061973936
96.646	0.960303209465987
96.846	0.962135757617018
97.046	0.959742408177944
97.246	0.960288464970887
97.445	0.961421679128044
97.646	0.960118952504712
97.846	0.961704607584316
98.046	0.961736636427116
98.246	0.959465024226227
98.446	0.960344170766435
98.645	0.960737456992898
98.846	0.961291215452366
99.046	0.96000730784894
99.246	0.959615551846271
99.446	0.963665364617666
99.646	0.960351621534727
99.846	0.961051576201975
100.046	0.961851381718811
--	
100.047	0.960406597174489
100.546	0.955935521757078
101.046	0.955058162916309
101.546	0.954334589144087
102.046	0.955409253797501
102.545	0.954806084750409
103.046	0.956104919667537
103.546	0.954469918068037
104.046	0.955816531232576
104.546	0.95572335081576
105.045	0.955021961683334
105.546	0.955834592897421
106.046	0.955778961980288
106.546	0.955697348848769
107.046	0.956258438760888
107.545	0.956905331753992
108.046	0.955784079777729
108.546	0.955891589905966
109.046	0.955284921767227
109.545	0.956134400088632
110.046	0.95517649590782
110.546	--
111.047	0.955794430391809
111.547	0.955996385283356
112.046	0.95577902418141
112.547	0.956011347305673
113.047	0.955531661917659
113.546	0.956046221839053
114.046	0.956243913847191
114.546	0.956444758756087
115.047	0.955873438388546
115.547	0.955791168142022
116.046	0.95537332455153
116.546	0.956220161064945
117.046	0.956356860178166
117.546	0.956467832529293
118.047	0.955895660969502
118.547	0.956260893961466
119.047	0.956144882094133
119.546	0.95593109540086
120.046	0.956010242248068
120.547	0.955714763455767
121.047	0.955218523398925
121.547	0.9557052502403
122.046	0.956680162545847
122.547	0.955567916566118
123.047	0.955024156886988
123.546	0.955561409031589
124.047	0.954844124555523
124.546	0.955696207634814
125.046	0.954763653431277
125.547	0.954787619902065
126.047	0.954682190899122
126.547	0.954773650536308
127.046	0.954114319877216
127.546	0.954388933939816
128.047	0.954779347281153
128.547	0.954833998308735
129.047	0.954074329472754
129.546	0.953771818827963
130.047	0.95406112657498
130.547	0.95380873347491
131.047	0.953025368739647
131.547	0.953154616189936
132.046	0.95350230860544
132.547	0.95234505862638
133.047	0.953320264145036
133.547	0.953321336557902
134.047	0.953312670169089
134.547	0.953557009837665
135.048	0.953479162422361
135.547	0.953163961323617
136.048	0.953444752823339
136.547	0.953378094680779
137.047	0.953799000324512
137.547	0.95353645751812
138.047	0.953531303763415
138.547	0.95331867283152
139.047	0.953227121817226
139.547	0.953213658788397
140.048	0.953362390889339
140.547	0.953371854376429
141.047	--
141.548	0.953243869737933
142.048	0.952656632689349
142.548	0.953103685893017
143.048	0.952622188511594
143.548	0.952180659471067
144.047	0.952865024363657
144.548	0.951849868048118
145.048	0.952219301208841
145.547	0.952417564260991
146.048	0.95185623410511
146.547	0.95195470368817
147.047	0.95232218596079
147.547	0.952454934093807
148.048	0.951757628828003
148.547	0.951941589565042
149.047	0.951397903828981
149.547	0.951420667816338
150.047	0.951453785859993
150.547	0.95087757499834
151.046	0.951035917751063
151.547	0.950895330661004
152.047	0.950762945214295
152.547	0.950701427115376
153.047	0.950934423726269
153.548	0.950044625057144
154.047	0.950058822282588
154.547	0.94970665237478
155.048	0.949818305348443
155.548	0.949553235489476
156.048	0.949655652953994
156.548	0.949202337705726
157.048	0.949629228406632
157.548	0.949043019912575
158.048	0.949148853282075
158.548	0.949394751220094
159.048	0.949054816842866
159.548	0.949221094653691
160.049	0.948726020040167
160.548	0.948654995108119
161.048	0.948511853521715
161.548	0.948261204092439
162.048	0.948158072669398
162.548	0.948391434748111
163.048	0.947689748664317
163.548	0.948159557356251
164.048	--
164.548	0.947780371421926
165.048	0.947691768201518
165.549	0.94684519572799
166.049	0.947465267676115
166.548	0.947470606756223
167.047	0.947645754499567
167.547	0.947593282103519
168.048	0.94760469285169
168.547	0.947522584201604
169.047	0.947212505623351
169.549	0.947386271456975
170.049	0.947306956028063
170.548	0.946880211430196
171.048	0.946653550990405
171.548	0.946382585733911
172.048	0.946141314272564
172.548	0.945429050381323
173.049	0.945285405648302
173.548	0.945594316953442
174.047	0.945828053052875
174.547	0.94503706829384
175.049	0.945099286207563
175.549	0.944639330414318
176.047	0.944838005716504
176.549	0.944524755971912
177.049	0.944936173856398
177.548	0.944141825772438
178.05	0.944017357371038
178.55	0.944047758688048
179.049	0.94344636255752
179.55	0.943168837985177
180.05	0.942660579270646
180.549	0.942792257033618
181.048	0.942881725316409
181.549	0.942346566444386
182.049	0.942322388834773
182.549	0.941379885350062
183.049	0.940519654413951
183.549	0.94054487587636
184.049	0.940586065144064
184.55	0.93986503507724
185.049	0.938115354797431
185.55	0.93757885018972
186.048	0.936474208175169
186.548	0.935371079197833
187.05	0.934701711614206
187.549	0.930458716576648
188.047	0.924634812815401
188.547	0.918411890333731
189.045	0.914043842549969
189.545	0.909728651282284
190.045	0.905369418791209
190.544	0.900554066075097
191.041	0.894044897318762
191.54	0.8902675096028
192.04	0.884886631485313
192.539	0.880150140468154
193.037	0.895836940712361
193.536	0.892712329537526
194.035	0.891737061439713
194.532	0.90005580901661
195.03	0.897800924359708
195.531	0.896086412644694
196.029	0.892250091118194
196.529	0.886257152862306
197.028	0.888489026306469
197.527	0.886383401794616
198.026	0.885395205130359
198.525	0.887469846197525
199.023	0.888156720619334
199.522	0.890134402842288
200.022	0.890829059055551
200.52	0.893052398819851
201.02	0.893410446862192
201.518	0.894268522418261
202.015	0.895197012457029
202.516	0.900554047124123
203.015	0.899575044445724
203.513	0.900240928895444
204.011	0.903392739502469
204.511	0.904375319101001
205.011	0.908159926251966
205.509	0.910319620130421
206.008	0.912527685100007
206.507	0.914504544032294
207.005	0.916431698515845
207.504	0.917832379802934
208.003	0.919127016419116
208.502	0.918204629969513
209.001	0.921408986245394
209.5	0.922375951925708
209.997	0.922649700166454
210.496	0.922795629379382
210.996	0.919625041217645
211.494	0.922765746611545
211.994	0.923129080211949
212.493	0.922477245838397
212.992	0.922074132462673
213.489	0.92244177862236
213.99	0.922739261873164
214.487	0.922884799906318
214.987	0.923039848543898
215.485	0.921645277525897
215.984	0.921884823217643
216.483	0.922159950920243
216.981	0.922055768876057
217.481	--
217.98	0.922028998714287
218.48	0.922037250495274
218.978	0.922242275158287
219.477	0.922244018326194
219.977	0.921215606474027
220.475	0.921936800535257
220.974	0.922083568554317
221.472	0.921428907817893
221.972	0.922327116896405
222.469	0.921584185767571
222.968	--
223.469	0.923064779936434
223.967	0.922854571343147
224.466	0.92287518947444
224.964	0.922211277399366
225.462	0.922820703027724
225.961	0.923512497202693
226.462	0.92287796635487
226.958	0.922798635032188
227.459	0.923822771475781
227.957	0.92391755850068
228.457	0.922847965227865
228.954	0.924757908430568
229.454	0.923332707902476
229.955	0.923952926976495
230.451	0.924302425227115
230.95	0.923661887878557
231.452	0.92417487082499
231.949	0.923758968001194
232.447	0.923892781535369
232.945	0.923565286894069
233.444	0.9237597764646
233.942	0.923075014661692
234.443	0.922352142628149
234.941	0.925080975697418
235.44	0.923776348693779
235.939	0.924313629444302
236.437	0.9238375166934
236.937	0.922758909360278
237.436	0.923791404128568
237.934	0.92342078639025
238.434	0.923054931177037
238.933	0.923616200365031
239.433	0.923350586204749
239.93	0.920921199066801
240.428	0.921239420200719
240.928	0.922674260340897
241.426	0.922349449728635
241.925	0.921131816586266
242.427	0.921740974501074
242.922	0.921577429813725
243.423	0.923961540712978
243.921	0.921974319570178
244.42	0.921780947273901
244.918	0.921418214399441
245.419	0.919639315617513
245.917	0.922188804574045
246.416	0.918688768537898
246.914	0.918392265896114
247.412	0.919765739275456
247.913	0.919809594579412
248.41	0.918846775320879
248.908	0.918498709648388
249.409	0.918815163318333
249.908	0.920624061246677
250.407	0.918456834199218
250.905	0.917168892971614
251.402	0.918560388920515
251.902	0.919354780182426
252.402	0.919929384627889
252.903	0.921168769269667
253.402	0.92166331934495
253.9	0.919718648989105
254.398	0.919398521536862
254.897	0.922785651644392
255.395	0.919644201627145
255.895	0.920897200666089
256.394	0.919886620105692
256.89	0.919643390937853
257.39	0.920411118195239
257.888	0.919264255303022
258.388	0.920696307777495
258.886	0.920584797465609
259.387	0.919056483857261
259.886	0.918699636944005
260.383	0.919565995347821
260.882	0.915590298556203
261.382	0.918003209494057
261.88	0.919885604377047
262.378	0.91808032314827
262.879	0.917248823736352
263.376	0.917784320447347
263.877	0.916588098246584
264.374	0.919037431017176
264.874	0.918337791943524
265.373	0.91851815417756
265.871	0.916619413986412
266.37	0.917871943176678
266.867	0.916746012653647
267.367	0.918778795650005
267.867	0.916880467243553
268.365	0.918417117672758
268.865	0.919410093990002
269.364	0.919257659011907
269.861	0.91767743572456
270.36	0.917565897642288
270.86	0.916087432116339
271.359	0.917936974621693
271.857	0.917590833407833
272.357	0.917116248975944
272.857	0.916874872222567
273.355	0.916516351958284
273.852	0.917663950703666
274.35	0.915936191314198
274.848	0.913946082402914
275.351	0.916703102889216
275.849	0.917074646333749
276.348	0.91596797232328
276.848	0.914511663923167
277.344	0.91568932165341
277.845	0.915003820460166
278.342	0.913803963604904
278.844	0.915055226270573
279.341	0.913755830901118
279.842	--
280.339	0.9098139750416
280.837	--
281.335	0.91410213817348
281.834	0.912781295948348
282.333	0.912967946096429
282.833	0.91319443543875
283.333	--
283.831	--
284.328	0.908801420632018
284.829	0.87221568392352
285.327	0.877405813258355
285.825	0.878452663090032
286.323	0.884344369355928
286.823	0.870414581534273
287.321	0.844052144256565
287.819	0.816251563443802
288.321	0.80777366331393
288.818	0.837625159880453
289.316	0.847462997289482
289.818	0.843067659634786
290.315	0.838801746640061
290.815	0.83081542011718
291.312	0.828000684999111
291.814	0.826914695685847
292.311	0.826556893446169
292.81	0.828935434941064
293.306	0.830694636874706
293.808	0.830813512239945
294.306	0.832591427973281
294.805	0.834779609550428
295.302	0.836272068309499
295.804	0.836190477506365
296.303	0.838528682130248
296.8	0.839620197619639
297.3	0.840915865687475
297.799	0.843463318818652
298.297	0.845238337394592
298.795	0.846363124460426
299.296	0.849201888548528
299.793	0.851602722737735
300.292	0.854268820089651
300.791	0.85583282816214
301.291	0.857471944297703
301.791	0.859818723652822
302.29	0.862465904155956
302.788	0.863537350056563
303.283	0.866030754525825
303.783	0.868315262257808
304.281	0.869505644717667
304.782	0.871965239847366
305.282	0.87237087001873
305.78	0.874160258841858
306.278	0.875548768655362
306.779	0.876508365173857
307.276	0.877888404515546
307.777	0.878096755364264
308.276	0.879211087016855
308.774	0.880233773377519
309.274	0.88013660418048
309.771	0.880138435258988
310.272	0.88072482559479
310.772	0.881500958474636
311.268	0.881470961901292
311.765	--
312.264	0.878703529304282
312.764	0.880474479893157
313.263	0.880278124760245
313.766	0.879698692357129
314.263	0.879919417437249
314.761	0.880504443489146
315.259	0.877969490701078
315.756	0.876932659806492
316.258	0.87943825252631
316.756	0.876720484456472
317.254	0.880030837271983
317.75	0.878062635092777
318.255	0.880458733286417
318.75	0.884571572810737
319.248	0.88283209667155
319.749	--
320.246	0.883611905931387
320.745	0.882953481600611
321.246	0.880941407142043
321.744	0.882672001808583
322.242	0.880693877753817
322.742	0.882183068940021
323.239	0.878355377117813
323.739	0.882718423204504
324.237	0.886422123227694
324.738	0.882427860485178
325.236	0.879789857964674
325.735	0.882791878736206
326.233	0.886671315038264
326.733	0.880713664958091
327.23	0.887581283351612
327.731	0.885074550095884
328.228	0.88393541572835
328.729	0.885598549232945
329.225	0.88633717370298
329.726	0.887386022915494
330.225	0.885379508234786
330.723	0.884434572354913
331.223	0.887118848330642
331.722	0.88765488518535
332.222	0.88814699688792
332.722	0.88601606778749
333.219	0.889465421984084
333.718	0.885698643501412
334.215	0.885602088917032
334.714	0.887357387160835
335.211	0.885293252462747
335.71	0.887342960271542
336.212	0.891239302662376
336.71	0.886304346758988
337.208	0.885516327167957
337.708	0.89008499088823
338.207	0.888448582087276
338.705	0.890473325900143
339.201	0.888307755920313
339.702	0.887001580616443
340.204	0.889026058094421
340.703	0.88599341696768
341.201	0.88533398261368
341.697	0.888733967867826
342.197	0.887887213676844
342.694	0.893305709001434
343.194	0.886341991131744
343.693	0.888568063753912
344.193	0.888903132374111
344.693	0.888279966214487
345.192	0.887596652781029
345.689	0.890791123917989
346.19	0.889276825854246
346.691	0.886698872218742
347.188	0.889947352387293
347.685	0.885071156787466
348.185	0.886355006956271
348.684	0.887215405001909
349.18	0.882267935975119
349.68	0.891314040446928
350.677	0.888781328585182
351.675	0.891189630187399
352.67	0.883390401362498
353.665	0.889087038146701
354.659	0.888043256544585
355.646	0.886132828509909
356.642	0.886451325343662
357.638	0.888815015272605
358.631	0.885356805870145
359.624	0.885680777816017
360.617	0.886756995520276
361.61	0.888079708247971
362.606	0.887194470848153
363.597	0.88593890269443
364.589	0.887040264975541
365.587	0.886218948069856
366.581	0.886886424006884
367.57	0.884381679093616
368.564	0.887121549437734
369.558	0.88600228897143
370.555	0.886533484698928
371.545	0.88621345606863
372.541	0.886808284961262
373.535	0.88787681508713
374.526	0.886988401664896
375.516	0.887263312689708
376.511	0.887449393142746
377.503	0.887714199671586
378.498	0.887758865038518
379.495	0.888241516161629
380.487	0.88821753461863
381.477	0.886135759201694
382.473	0.885143512201976
383.467	0.886060270459042
384.46	0.885833697895266
385.455	0.887653580256199
386.446	0.886635270983165
387.441	0.887540158140834
388.433	0.886356797184997
389.43	0.888100603886478
390.423	0.887316241192769
391.409	0.887254904952055
392.409	0.886755036511437
393.401	0.88808786093813
394.393	0.888045189898603
395.388	0.888544526260256
396.382	0.887765759902524
397.375	0.88903255322124
398.367	0.890666950848613
399.358	0.885166112052943
400.353	0.886819690686684
401.344	0.884505007969603
402.339	0.88569844575463
403.333	0.885413079911336
404.325	0.884159474634662
405.319	0.882458497781953
406.311	0.882985974192374
407.305	0.883782944186171
408.302	0.884016299051361
409.296	0.884186654429018
410.287	0.883905411276328
411.278	0.884743688416561
412.277	0.88445892814431
413.271	0.883300641141191
414.26	0.883078851078256
415.258	0.88845476734756
416.251	0.884539097804833
417.241	0.883983479419669
418.236	0.884935645201757
419.228	0.886074068204748
420.227	0.885414489081651
421.214	0.886530270979104
422.211	0.886212259232457
423.199	0.885841183340339
424.196	0.885757983684979
425.189	0.885441139492144
426.183	0.886267950896863
427.178	0.88633082161568
428.169	0.885520438377777
429.157	0.885315819969139
430.153	0.885535227742629
431.154	0.88538475273492
432.141	0.885068331326005
433.136	0.885545668757368
434.127	0.885230095195382
435.12	0.884574204168776
436.116	0.88464851819048
437.109	--
438.104	0.884619829908326
439.1	0.885199318217274
440.091	0.884965805703232
441.085	0.885217368927477
442.078	0.885129197973296
443.071	0.884295873040945
444.063	0.885122056722314
445.055	0.884476768830826
446.052	0.883633478094806
447.048	0.884173168778348
448.04	0.883841016817046
449.032	0.8832176455865
450.022	0.884263408739457
451.015	0.883137024926076
452.011	0.883218015661946
452.999	0.883079710965665
453.988	0.883836196903586
454.984	0.883821960385384
455.969	0.883250219922315
456.955	0.883380728025565
457.951	0.883662385505747
458.937	0.883600407623298
459.929	0.88339961305156
460.913	0.883196516790213
461.909	0.88337451952642
462.893	0.882762594795669
463.888	0.88297573537891
464.87	0.882260321798251
465.863	0.882393803364456
466.854	0.882723640178253
467.842	0.881715028273595
468.832	0.881107595787021
469.817	0.881491413612687
470.81	0.881111048410224
471.801	0.880298309494019
472.789	0.879775087551702
473.777	0.881641370508766
474.767	0.880183394817687
475.762	0.881061465488397
476.746	0.881081176927921
477.73	0.880704859882314
478.726	0.879590841064235
479.713	0.87945879108886
480.707	0.878728275856051
481.695	0.878837999734656
482.681	0.874031430100622
483.674	0.878270687381874
484.659	0.877723831368666
485.646	0.87707275003823
486.641	0.877390511552772
487.627	0.877115996613523
488.622	0.876216501643713
489.607	0.87732382084258
490.599	0.876698351109392
491.587	0.876747985699296
492.573	0.875563498948908
493.565	0.874659662321273
494.554	0.875059040058769
495.536	0.874228481837814
496.532	0.874785061553483
497.522	0.87364450332457
498.508	0.873638555547314
499.498	0.872099188789429
500.488	0.872488017438554
501.485	0.871943344627244
502.465	0.8714106136567
503.46	0.870488898945909
504.448	0.87102975004232
505.443	0.870643531677781
506.422	0.869361466204726
507.408	0.868970190998267
508.409	0.869243359075422
509.39	0.868264808093028
510.388	0.867702488912731
511.371	0.866545060840877
512.363	0.86651947545959
513.351	0.865040274223926
514.332	0.864399204531858
515.328	0.862981027543309
516.318	0.86193156448848
517.311	0.861456948336162
518.298	0.85990900554803
519.286	0.859214180669396
520.276	0.857913996708901
521.264	0.856617735980317
522.255	0.855432405983478
523.242	0.853996153063793
524.236	0.851239384879498
525.225	0.85030653170615
526.21	0.847350709912276
527.203	0.844202269877976
528.193	0.84092282968348
529.177	0.835026119894037
530.164	0.820590186767354
531.157	0.789237373608719
532.152	0.744773915508353
533.135	0.753390635634533
534.125	0.748129837058832
535.117	0.732705168311911
536.11	0.726149886072102
537.09	0.720217652063899
538.078	0.709143226258396
539.073	0.697663171955251
540.064	0.69707365851209
541.051	0.69685121611217
542.041	0.700876420143051
543.034	0.707047808598398
544.022	0.717643509474423
545.01	0.729748284759822
545.998	0.741372664360866
546.991	0.750351296395185
547.979	0.755465095690639
548.971	0.758745360416013
549.952	0.76332792563617
550.949	0.759000116812376
551.939	0.758200703760967
552.92	0.754704222903112
553.917	0.751193465000105
554.906	0.746662022886345
555.888	0.741171816557449
556.88	0.735805262477751
557.868	0.729181688009395
558.852	0.722853804601027
559.849	0.715048557301703
560.837	0.705959489375121
561.833	0.696017403143738
562.82	0.684261737227352
563.804	0.670996293553367
564.795	0.65440670364342
565.778	0.634343768939681
566.773	0.60748604177763
567.758	0.570595717380278
568.75	0.522838404783454
569.741	0.452536792500401
570.733	0.354738678127407
571.717	0.29614382097989
572.707	0.478837692475896
573.696	0.742839512616355
574.688	0.739889328023383
575.672	0.699522950227202
576.672	0.695092805520186
577.657	0.663232011914685
578.647	0.71342188242789
579.638	0.74002511345443
580.62	0.725441119271357
581.621	0.683877193746808
582.601	0.644579592938705
583.595	0.711504325817419
584.582	0.717226895404875
585.563	0.727015320544172
586.565	0.749518188056074
587.555	0.767292553425019
588.539	0.792619511327851
589.527	0.792818784140545
590.519	0.790762164895582
591.508	0.787035437251518
592.496	0.786127186207176
593.488	0.785268753280636
594.468	0.784640630574635
595.467	0.783585746382869
596.455	0.782555181151438
597.447	0.78093393200689
598.426	0.779989695697912
599.42	0.781562169475957
600.413	0.777091370140013
601.403	0.776065464115823
602.385	0.775083840188245
603.386	0.774400149671312
604.367	0.773518126218615
605.358	0.772915796063567
606.352	0.77164590232112
607.333	0.769860689680432
608.325	0.769590594040379
609.317	0.768323818691054
610.309	0.767517490331891
611.291	0.767424803410451
612.281	0.766726944883615
613.271	0.766603428479949
614.261	0.765602577655525
615.25	0.764459923258459
616.24	0.764786454595046
617.226	0.764434228453497
618.218	0.764281497012334
619.21	0.764141399005454
620.203	0.764330117696693
621.184	0.764695425216813
622.172	0.765584220126462
623.156	0.76595830971664
624.151	0.766407496289693
625.144	0.766843253390266
626.14	0.767438076956856
627.126	0.767302469170385
628.117	0.767180791197409
629.104	0.767831923780461
630.095	0.768602600843323
631.085	0.769124084855435
632.07	0.769021457813848
633.057	0.769719820765612
634.05	0.770200989040743
635.04	0.770917559866113
636.026	0.771505299697315
637.016	0.77200422661777
638.005	0.772528743581915
638.992	0.772831495376626
639.987	0.773512837930313
640.969	0.774427063792714
641.963	0.775040109884092
642.955	0.775348862672332
643.949	0.775989123618767
644.934	0.776129820826395
645.923	0.77649708987815
646.918	0.773745414153876
647.901	0.777074895904954
648.889	0.777064446948165
649.872	0.777497767218042
650.861	0.777592505195674
651.86	0.777541786770328
652.852	0.777398102327701
653.84	0.777057777229993
654.823	0.776842986808521
655.811	0.779801427702497
656.798	0.776398487380185
657.789	0.775804243177552
658.787	0.775811128418862
659.775	0.77556201640078
660.756	0.77549586545485
661.747	0.775811742667839
662.742	0.775492991572518
663.733	0.775782114891317
664.713	0.775821082463341
665.706	0.776291836110897
666.693	0.776946759386058
667.689	0.777392497219016
668.668	0.777611632616142
669.668	0.778124546686791
670.649	0.77819764590365
671.643	0.777986273503485
672.633	0.778232316097047
673.625	0.77835295088887
674.603	0.778124178990821
675.604	0.778066681534825
676.592	0.778209274713654
677.578	0.778154497640482
678.575	0.777572674540841
679.564	0.777233704401484
680.547	0.777162888524786
681.543	0.776907214539345
682.522	0.776796136685839
683.526	0.776413418787628
684.506	0.775648529977455
685.494	0.775383292111597
686.488	0.771791938362048
687.471	0.775117800398163
688.477	0.773707278967305
689.443	0.772863410805281
690.455	0.772100782247867
691.429	0.771697758856706
692.418	0.771969055382944
693.411	0.772499849609438
694.405	0.772745071509059
695.388	0.776721328129625
696.383	0.773904577153159
697.358	0.77471506442284
698.369	0.774976329355971
699.341	0.775574694981251
700.344	0.775437743151519
701.319	0.775826544588055
702.314	0.775498755770301
703.292	0.776363534692735
704.278	0.776076511732764
705.265	0.7759196772538
706.24	0.775438693735774
707.234	0.774222949535539
708.209	0.775418190012106
709.203	0.775425202885201
710.189	0.775873133007512
711.173	0.776983785955465
712.161	0.776927682179968
713.141	0.773781838794791
714.13	0.777318171650328
715.123	0.777889192228127
716.092	0.778151899492571
717.083	0.778522911573324
718.065	0.779372332773957
719.05	0.778762442108624
720.036	0.780368151345396
721.029	0.779699134205824
722.003	0.779915042326122
722.994	0.780455846469617
723.989	0.780920175299515
724.969	0.780947653977494
725.946	0.781090719589038
726.934	0.781554377852381
727.928	0.781876534949891
728.903	0.782088080863784
729.891	0.782168523346426
730.881	0.782260497769641
731.871	0.782467333891382
732.848	0.782559152478021
733.821	0.782592276031769
734.816	0.783010364587495
735.808	0.782935158338989
736.792	0.782699148702113
737.774	0.783024026629895
738.752	0.783186944668314
739.738	0.782767788856766
740.73	0.78313120071058
741.708	0.783416077489879
742.703	0.782998645655778
743.685	0.783398219246261
744.663	0.783180081625256
745.651	0.783327583575557
746.643	0.783262718370149
747.624	0.780319467274493
748.618	0.783605543912867
749.597	0.783792547157304
750.574	0.783647873212431
751.568	0.78408342413623
752.549	0.784029706238822
753.529	0.783898015673743
754.521	0.785204389701849
755.508	0.784723689279275
756.497	0.78483664015189
757.475	0.785066101288376
758.461	0.785210424932301
759.449	0.786178678714928
760.43	0.785987338858925
761.426	0.785873474847767
762.407	0.786296299082299
763.395	0.786391921975038
764.372	0.786422192896295
765.363	0.786814401848371
766.346	0.787145073184067
767.332	0.790903097383062
768.315	0.787483562782092
769.3	0.787903196173065
770.288	0.787806605378701
771.27	0.7882183893702
772.257	0.788394530197868
773.239	0.788559095768787
774.229	0.788457806046657
775.234	0.789219011062937
776.196	0.788723242008159
777.188	0.78950968754974
778.169	0.789947636054633
779.157	0.789936904957979
780.144	0.790324713522956
781.124	0.790798736570183
782.112	0.790908500959952
783.08	0.791483588820545
784.067	0.791315090952084
785.06	0.791312270985722
786.043	0.79156497360796
787.033	0.791930091380693
788.028	0.792010836889992
789.007	0.79216285300559
789.986	0.791954737640614
790.979	0.792366103129416
791.955	0.792532901696816
792.942	0.792682963068334
793.93	0.792265016625273
794.915	0.793120990748874
795.909	0.792887688858715
796.886	0.79326996204552
797.865	0.793163351041714
798.848	0.793054574005618
799.836	0.797006077010318
800.823	0.793823325760234
801.818	0.793476851007153
802.804	0.793570522000122
803.775	0.793656168075707
804.764	0.793806710054987
805.754	0.793789769492816
806.745	0.793832599213521
807.722	0.794217045813254
808.699	0.79407354668125
809.681	0.793933609362568
810.674	0.794131454588961
811.667	0.794406808286
812.651	0.79420259901838
813.629	0.794358149298843
814.617	0.794270662315451
815.612	0.794561191855704
816.584	0.794958765206019
817.569	0.79468286714792
818.564	0.794673931223035
819.554	0.794110858433961
820.528	0.794469994141671
821.512	0.794530866426598
822.507	0.79445501453242
823.486	0.794565723974532
824.466	0.793962049306832
825.463	0.794474854450017
826.444	0.794370876627799
827.419	0.794503974786157
828.411	0.794359675593483
829.397	0.79482574517113
830.377	0.79478088708462
831.37	0.794912975624871
832.357	0.795078047472651
833.34	0.795000715571157
834.331	0.795275566319673
835.318	0.795879121915812
836.291	0.795937389537356
837.283	0.79580384559339
838.264	0.795760187718142
839.249	0.796581715984174
840.235	0.796602548149283
841.214	0.796419858246672
842.196	0.79661943821914
843.185	0.796882328478545
844.159	0.797077096128551
845.162	0.796736070956455
846.134	0.79721073811158
847.129	0.797434585155967
848.12	0.797435561923522
849.093	0.797275803861161
850.094	0.797680638894865
851.065	0.798214202339476
852.061	0.797715537151765
853.036	0.797693290289673
854.027	0.798969246807773
855.009	0.795761763267971
855.986	0.798070414435429
856.982	0.798433703471731
857.964	0.798835247922367
858.962	0.798769640346452
859.93	0.80243889514933
860.924	0.799130626596299
861.907	0.798858645293719
862.897	0.799714704774063
863.868	0.799122731645599
864.865	0.79944973591767
865.849	0.799085799582454
866.833	0.79916308498075
867.813	0.799496925866732
868.805	0.799768454060502
869.791	0.799617089122602
870.772	0.799890523406148
871.746	0.799994601238195
872.758	0.799780109254977
873.73	0.800022647506159
874.718	0.800319725546228
875.699	0.800308504439438
876.691	0.800326929934311
877.657	0.800849046398029
878.672	0.800909553018572
879.643	0.800776204330117
880.627	0.800922165215483
881.619	0.80084772040502
882.59	0.801305657619785
883.594	0.801036447624769
884.566	0.801156748777029
885.557	0.801112769235344
886.536	0.801478763160482
887.52	0.801400890408844
888.509	0.801323559315285
889.488	0.801617187310482
890.486	0.801617996419074
891.457	0.801262425524756
892.446	0.801578695668441
893.443	0.801645723222404
894.412	0.801799490106237
895.409	0.802372412740583
896.382	0.801593745860124
897.371	0.801940742485223
898.368	0.802127002329474
899.347	0.801795244992925
900.331	0.801994213791819
901.315	0.802147845517918
902.291	0.802232533537269
903.294	0.80227988864551
904.279	0.80223570926883
905.254	0.801746059796961
906.242	0.801872270215354
907.235	0.802493333045165
908.203	0.799050203725737
909.203	0.802698964121892
910.179	0.802383810039382
911.162	0.802644997489228
912.146	0.802879779157906
913.147	0.802867310878933
--	
915.595	0.803321608907058
918.06	0.803289067105215
920.526	0.804181884380322
922.998	0.804092081277009
930.1	0.803939651352653
932.566	0.804287672464887
935.04	0.804365237953567
937.49	0.804493336780089
939.972	0.804491959591007
942.422	0.804719830245778
944.869	0.804733671323523
947.349	0.80163185855255
949.814	0.804746755017599
952.274	0.804968014724288
954.744	--
957.197	0.80862257064915
959.668	0.806929134672483
962.126	0.806864994066327
964.597	0.807026180098277
967.058	0.807576989045539
969.519	0.80765679803357
971.977	0.807890353625156
974.444	0.807752234657922
976.914	0.807830425141398
979.366	0.807966210816267
981.836	0.807784280412415
984.315	0.808563936380021
986.772	0.808278875900734
989.227	0.808750889081945
991.69	0.808300141689823
994.152	0.808825851395011
996.602	0.808819678630066
999.092	0.808994530029038
1001.541	0.809062260425911
1004.011	0.809254143933197
1006.469	0.809345280340987
1008.946	0.80961501075619
1011.407	0.809829564865954
1013.86	0.809875497641501
1016.324	0.810192473698414
1018.79	0.810117009142333
1021.245	0.807477874619381
1023.702	0.810597053220155
1026.171	0.810320573926904
1028.638	0.810776329638676
1031.108	0.811033222405934
1033.571	0.81131563310102
1036.02	0.811304349743838
1038.497	0.811083614640285
1040.943	0.811072984032188
1043.428	0.811774395312536
1045.901	0.812076867004787
1048.353	0.81203259599657
1050.811	0.81234157290709
1053.283	0.812079186848265
1055.745	0.812428092738296
1058.202	0.812651020096907
1060.67	0.812567575799151
1063.121	0.812426596361516
1065.58	0.812981495640456
1068.058	0.813134176384962
1070.508	0.813179243109142
1072.981	0.813321922275804
1075.439	0.813014795480188
1077.912	0.813060385171045
1080.366	0.813157272095244
1082.841	0.813499993204996
1085.287	0.812823822599448
1087.774	0.813678052438943
1090.223	0.813395101942527
1092.692	0.813385758727188
1095.153	0.813759457980246
1097.608	0.813885585714705
1100.083	0.809876609342898
1102.531	0.814124513702669
1105.015	0.813658091320383
1107.477	0.814176255327712
1109.927	0.814167562456808
1112.393	0.813343049052989
1114.861	0.812578718570095
1117.317	--
1119.792	0.815795217594355
1122.251	0.815899285620779
1124.702	0.816743678801072
1127.173	0.813772423647075
1129.637	0.81378129786442
1132.109	0.812283700372815
1134.576	0.813966531721741
1137.031	0.813741205324423
1139.492	0.8139152533552
1141.95	0.813871506676816
1144.411	0.81311099716771
1146.865	0.814131536338778
1149.352	0.814771323175813
1151.823	0.814316045319708
1154.282	0.814424112673026
1156.742	0.814993603012309
1159.21	0.814517969550318
1161.666	0.814991841298966
1164.126	0.814309323675023
1166.586	0.815073814716751
1169.058	0.815539243609749
1171.517	0.815380376160538
1173.99	0.815375524618546
1176.452	0.81524038909645
1178.908	0.813779390923893
1181.375	0.815908197836246
1183.823	0.815870378772945
1186.297	0.81541796273189
1188.777	0.815559014712608
1191.246	0.816521133588101
1193.702	0.815530860445058
1196.156	0.815804016506974
1198.602	0.815697343944956
1201.079	0.815487746063464
1203.558	0.816125416591235
1206.012	0.815991939220238
1208.474	0.815745120018098
1210.925	0.816258509203556
1213.404	0.816293161352196
1215.869	0.816159014380346
1218.311	0.816333134071562
1220.788	0.816390293195467
1223.243	0.816076472812999
1225.729	0.816342813801202
1228.177	0.816448560114545
1230.618	0.816657068405451
1233.121	0.816154378684562
1235.581	0.816347131767704
1238.022	0.816806647679912
1240.492	0.816238244526324
1242.957	0.816507225874854
1245.421	0.816687174316276
1247.869	0.816804337106879
1250.356	0.81693269618325
1252.808	0.816793537390528
1255.282	0.816539045710063
1257.733	0.812922334380192
1260.216	0.816702877173624
1262.66	0.817004145148218
1265.14	0.81653619480104
1267.582	0.816945632696658
1270.029	0.817706121926114
1272.518	0.816963494388563
1274.976	0.817111292138125
1277.429	0.817152552325572
1279.91	0.816968283870783
1282.365	0.816865640510935
1284.835	0.816974013872938
1287.288	0.816721039509003
1289.764	0.816881044891829
1292.217	0.816893680654212
1294.667	0.816852046022747
1297.15	0.816605173455478
1299.616	0.816802616386141
1302.096	0.81680735352639
1304.527	0.816638713456686
1307.007	0.817423780978617
1309.457	0.817213553615185
1311.926	0.817222467083916
1314.395	0.816998671979455
1316.84	0.817201227526458
1319.313	0.817330545408575
1321.787	0.81672637559273
1324.233	0.813789057916168
1326.698	0.81753877940706
1329.163	0.816699335995809
1331.634	0.817459582151235
1334.087	0.816935702978889
1336.561	0.817129097253099
1339.052	0.817309069983732
1341.496	0.817546831252584
1343.941	0.817014023318635
1346.411	0.817763188127587
1348.894	0.817559965233723
1351.348	0.817516472034056
1353.813	0.817320770693601
1356.264	0.817802459280639
1358.722	0.817210512272541
1361.213	0.817343446475368
1363.689	0.817884119884711
1366.121	0.8177744350225
1368.581	0.817249420344216
1371.054	0.817519807701261
1373.513	0.817511768288494
1375.99	0.817553657091217
1378.453	0.817801084031349
1380.901	0.817045563297721
1383.371	0.817462305778384
1385.841	0.817662631849329
1388.274	0.817808221731429
1390.752	0.813732441607777
1393.22	0.817664873931787
1395.659	0.81806032086031
1398.156	0.817719287964014
1400.614	0.817520881075719
1403.08	0.817847258147909
1405.522	0.817620672933362
1408.005	0.818138225681314
1410.466	0.821283922567861
1412.929	0.817589566396904
1415.371	0.817705944834997
1417.856	0.817576974849717
1420.332	0.817601573820587
1422.765	0.817952236373709
1425.242	0.817853697437037
1427.684	0.817866142138127
1430.167	0.817745670294354
1432.629	0.817667996714973
1435.086	0.817401901716285
1437.569	0.817657116584891
1439.989	0.817559887590967
1442.496	0.817759894595843
1444.981	0.817541219607487
1447.437	0.817683106639048
1449.87	0.81745276020255
1452.351	0.817742188956066
1454.778	0.817808488480947
1457.247	0.816515276045626
1459.744	0.817364031640453
1462.198	0.817583813542994
1464.674	0.817499895941246
1467.113	0.817731140982103
1469.596	0.817392616234238
1472.05	0.817655901482507
1474.502	0.817880022971406
1476.962	0.817072310755505
1479.434	0.817891695654531
1481.914	0.817721272452545
1484.364	0.817707357559853
1486.83	0.817237456191027
1489.309	0.817365227590629
1491.773	0.82146176357369
1494.211	0.817374872820984
1496.688	0.817503771313693
1499.158	0.817457018946287
1501.612	0.817178938692363
1504.066	0.817206051660682
1506.544	0.817438423678523
1509.037	0.817280490744192
1511.47	0.817173802276928
1513.925	0.81728724069089
1516.404	0.817251732337835
1518.861	0.816674606150188
1521.3	0.816912851277774
1523.79	0.816630115648712
1526.239	0.816775062213101
1528.7	0.816232218646237
1531.179	0.816179925792242
1533.648	0.816734986798755
1536.097	0.816249003411767
1538.585	0.816298831131181
1541.019	0.816466557678298
1543.475	0.815853746336125
1545.952	0.816282935440186
1548.402	0.816111949456756
1550.877	0.816071937230363
1553.33	0.815606030948813
1555.777	0.816012574506716
1558.237	0.81638999927956
1560.671	0.815613855315119
1563.148	0.815081713812984
1565.562	0.813756201792672
1568.006	0.812816706785005
1570.484	0.812869290433526
1572.956	0.813145281328163
1575.42	0.813507792699166
1577.841	0.813280757455328
1580.325	0.813827018788721
1582.754	0.813560190241383
1585.234	0.813986398931239
1587.677	0.813901070432003
1590.128	0.813507089194196
1592.556	0.813505826635821
1595.073	0.813321043725411
1597.47	0.813566977831799
1599.979	0.813514548488284
1602.394	0.813308343807073
1604.872	0.812935951066247
1607.272	0.81258409844885
1609.759	0.812525256667733
1612.212	0.812355900604836
1614.677	0.812492748239342
1617.129	0.81189668523321
1619.596	0.811770170042923
1622.021	0.81158801298144
1624.468	0.811352333761131
1626.959	0.810687510180859
1629.387	0.810815792449955
1631.864	0.810466558440463
1634.281	0.810790141547493
1636.741	0.810140094207199
1639.213	0.810170843432448
1641.657	0.810030298757481
1644.126	0.809725945302894
1646.555	0.809489555901751
1649.039	0.809590495389448
1651.494	0.809330495220779
1653.937	0.809299001041396
1656.379	0.808984735560608
1658.859	0.809105462503789
1661.29	0.808567898802414
1663.747	0.808117498287739
1666.19	0.807739787920004
1668.659	0.80810776666615
1671.11	0.807512002980452
1673.591	0.807244458692113
1675.992	0.806614132299919
1678.47	0.806227906602602
1680.966	0.806029037495
1683.392	0.806079526198375
1685.82	0.805601061252077
1688.332	0.805655322387758
1690.781	0.805290874305409
1693.157	0.804766730341825
1695.659	0.805105113274126
1698.142	0.80503406643082
1700.56	0.804909494454077
1703.016	0.804546693860756
1705.475	0.805595215451943
1707.95	0.80079550248082
1710.388	0.80430397597291
1712.828	0.803998750020242
1715.28	0.804014793810053
1717.768	0.803316268918169
1720.208	0.805530152946799
1722.643	0.803262845705222
1725.101	0.803236088169036
1727.57	0.80274340943386
1730.024	0.802372094432738
1732.477	0.802288513567547
1734.917	0.801997399481953
1737.343	0.801593842460187
1739.838	0.802122080092845
1742.313	0.801769663439504
1744.713	0.801468159647313
1747.175	0.801392789591178
1749.632	0.801442846062141
1752.088	0.800806208739164
1754.551	0.801031920779958
1757.001	0.800926458110265
1759.464	0.800698145634595
1761.909	0.800332889147701
1764.339	0.800209514871378
1766.813	0.799964726050719
1769.268	0.800153924373586
1771.731	0.799168457135241
1774.191	0.799480061776519
1776.661	0.799273734114785
1779.102	0.798922044879605
1781.514	0.799407946770743
1783.983	0.799554245713777
1786.442	0.798640600876047
1788.905	0.798700274613004
1791.369	0.799953385830623
1793.839	0.795425641561649
1796.3	0.798374746729346
1798.722	0.798153156178318
1801.195	0.800095876328015
1803.616	0.799871070288214
1806.091	0.799547714263592
1808.544	0.799484404677491
1810.995	0.799854898572005
1813.436	0.799285191291644
1815.902	0.798761955321228
1818.335	0.798631757309647
1820.816	0.797242824739257
1823.262	0.796427659349252
1825.712	0.796715971654603
1828.204	0.79627280344373
1830.69	0.796093480338238
1833.165	0.795951188098966
--	--
--	--
--	--
--	--
--	--
--	--
2400	0.690667952292751
2401	0.670375385740823
2402	0.675555590594239
2403	0.669884001376927
2404	0.678725662598514
2405	0.674721009005533
2406	0.676946141000264
2407	0.676715516333744
2408	0.678945521558875
2409	0.670519232871504
2410	0.682517403282763
2411	0.679417767385925
2412	0.676782883838781
2413	0.678643804095916
2414	0.672602512420357
2415	0.686202450024524
2416	0.694485206960042
2417	0.662800614175911
2418	0.674753406798358
2419	0.681163377272183
2420	0.67937535461207
2421	0.686800809911767
2422	0.678896316239441
2423	0.668667574549752
2424	0.685865483370137
2425	0.673691843911838
2426	0.66857389812553
2427	0.667900524138818
2428	0.680244223262554
2429	0.669866426525604
2430	0.677852601986439
2431	0.684923406259424
2432	0.683244491225931
2433	0.679111882807825
2434	0.686717376217178
2435	0.679812208494105
2436	0.677153334169901
2437	0.679560489187267
2438	0.686773450008751
2439	0.678393859175367
2440	0.681385408688545
2441	0.680426779096897
2442	0.670933079474283
2443	0.676375194005015
2444	0.687119494922725
2445	0.686691298029513
2446	0.681921216947326
2447	0.68127815860585
2448	0.675144068092074
2449	0.672859500031451
2450	0.697499775776394
2451	0.673653623111084
2452	0.680056476694314
2453	0.685478296057966
2454	0.682997374937611
2455	0.673752317899477
2456	0.679204855168073
2457	0.68877897096926
2458	0.681399958665061
2459	0.675452096029012
2460	0.675758098147844
2461	0.672475394559191
2462	0.674135170106495
2463	0.664337236052447
2464	0.669037917512665
2465	0.66563761417699
2466	0.670168535211049
2467	0.685661480963229
2468	0.674030457574498
2469	0.671683745848452
2470	0.681427919705704
2471	0.674965917589455
2472	0.675522946651863
2473	0.676966246534587
2474	0.667564143937287
2475	0.677708547999893
2476	0.696651295358799
2477	0.663118772259719
2478	0.67923814841431
2479	0.668477554533401
2480	0.68062332881926
2481	0.674467691180676
2482	0.685062537710566
2483	0.675041364557092
2484	0.669664080287443
2485	0.668413462224903
2486	0.678437467300828
2487	0.668279274635721
2488	0.673425900538272
2489	0.67756112497069
2490	0.676181358240523
2491	0.665685353253076
2492	0.676004406748253
2493	0.674502770613903
2494	0.673347280551059
2495	0.677357060186265
2496	0.674779475828758
2497	0.662994589053705
2498	0.674277745083638
2499	0.672800262449386
2500	0.67251295676738
2501	0.672282726475344
2502	0.676049727413122
2503	0.674742609644499
2504	0.659280189177922
2505	0.672093484765656
2506	0.666391740651263
2507	0.675557004544552
2508	0.693092069621054
2509	0.670914282492194
2510	0.664226771866961
2511	0.667721468930768
2512	0.674473464535963
2513	0.668363787912942
2514	0.66502525098373
2515	0.670255538953098
2516	0.665056134896988
2517	0.672963144890867
2518	0.665842772530624
2519	0.666049510782109
2520	0.676268141221717
2521	0.66990774415219
2522	0.666256506444899
2523	0.678336506889524
2524	0.662050184438374
2525	0.666200560484618
2526	0.668633022838881
2527	0.665418099755653
2528	0.6627013051485
2529	0.659143988916905
2530	0.663347690145575
2531	0.656688788804903
2532	0.659647944934127
2533	0.665814906466964
2534	0.657632452276349
2535	0.648551756145668
2536	0.657725144394782
2537	0.652247840102432
2538	0.654466095832678
2539	0.658588034668512
2540	0.658499289201033
2541	0.659117447271383
2542	0.657838617478028
2543	0.652306561215255
2544	0.664510886092449
2545	0.662934577997652
2546	0.658164061838249
2547	0.647162337958165
2548	0.649315723120178
2549	0.65343999582695
2550	0.655668484647704
2551	0.644981249007551
2552	0.65131809489496
2553	0.652879613381569
2554	0.642097879443025
2555	0.644797486139415
2556	0.637210598086245
2557	0.644206607896324
2558	0.65075762474638
2559	0.655034527817279
2560	0.64847051870004
2561	0.656184596741295
2562	0.643130108925977
2563	0.649321984921287
2564	0.652894787505316
2565	0.649272486957914
2566	0.64921601351017
2567	0.652528219162224
2568	0.660025847614847
2569	0.65704021996255
2570	0.646281606635046
2571	0.65085516154158
2572	0.650711783006345
2573	0.652483533816135
2574	0.653665881013392
2575	0.650595090281256
2576	0.65324869295859
2577	0.647148722464661
2578	0.657177899563965
2579	0.64746476387117
2580	0.652600117694803
2581	0.648937929952832
2582	0.655253254496312
2583	0.647190003651572
2584	0.64806051660792
2585	0.650821728566503
2586	0.648307137734142
2587	0.641486067555945
2588	0.650016900383332
2589	0.653916928620164
2590	0.656588954489634
2591	0.645235978471603
2592	0.66348829094036
2593	0.65088921992698
2594	0.66389008439123
2595	0.66131824346319
2596	0.646742889501632
2597	0.623905801019182
2598	--
2599	0.619248643535853
2600	0.651083177820621
