1.17662360156545
1.184814908884
1.19557065892945
1.20653239223348
1.21559007975785
1.22050059246538
1.22741865002142
1.23521015912391
1.24314995045508
1.2512710931248
1.25928548443795
1.26742532522346
1.27528577565715
1.28337129179016
1.29164824012589
1.30021834112426
1.30869521201282
1.31711516242917
1.3257059739536
1.33418690330805
1.34305723027778
1.35202507217289
1.36109770020853
1.37010270270469
1.37934440695512
1.38819192301866
1.39749037919015
1.40690115714451
1.41643111237549
1.42608801864174
1.43534393733411
1.44497470086693
1.45469620088515
1.46474671629238
1.47474509520611
1.48420475439885
1.49435122001166
1.50458299346498
1.51490270238743
1.52531141053088
1.53529692139643
1.54611350370685
1.55622777412061
1.5672334053583
1.5774790998375
1.58867462374292
1.59905294879362
1.61044060976595
1.62094413794722
1.63252361152239
1.64315853578386
1.65494170927134
1.6668514497279
1.67771008122563
1.68982661204537
1.70082426307364
1.713153407462
1.72428741222392
1.73682623902021
1.74809352760542
1.76085219547323
1.77374138198766
1.78522668397861
1.79833578017
1.80996060028449
1.82329779796716
1.8350535944249
1.84862940133004
1.86233432512373
1.87432030347042
1.88826382191019
1.9133402868826
1.93999436174058
1.96926697564054
1.99677823265283
2.02466039073176
2.05291352466854
2.08431552800331
2.11345312535308
2.1429622327596
2.17604981157174
2.20643530549343
2.2407253093739
2.27199922708582
2.30751577788907
2.33964985814201
2.37639841623405
2.4093760120274
2.44737634034406
2.48115748291476
2.52037924302545
2.56033075568009
2.59533132960116
2.63055503993081
2.67213080713945
2.71439989459601
2.7573716065909
2.80100707437405
2.84531874534409
2.89022832317146
2.9357679455802
2.98191673850952
3.01981053489921
3.06663905610976
3.11390134523994
3.16156718411374
3.2199363218843
3.2686439348652
3.3175066557838
3.36648067507975
3.42778962844707
3.47714994222949
3.53967455909756
3.60295263305225
3.65228949266039
3.70099744748659
3.74885067802124
3.82819160856547
3.89188744414466
3.93764934167081
4.01836387682479
4.06144504068815
4.14181347894905
4.20163096522017
4.28133904167396
4.33800413641743
4.39203553043678
4.49142648540093
4.54014619807071
4.63698373150229
4.67799535753017
4.76956602764708
4.82902597469063
4.85299849190085
4.96126439299933
5.03390777967259
5.13327980426306
5.1915616530718
5.27607950618037
5.31403296323338
5.37696098997247
5.46576162053198
5.50107846400201
5.60158436369854
5.68579300733066
5.70607918152316
5.79187090357445
5.85260940838092
5.88370805533401
5.97762364573449
5.98566522431033
6.05046240373416
6.06719135785489
6.13182087478199
6.18704915255539
6.20709113408728
6.29518269467762
6.32906861969231
6.36385203035625
6.39955377027064
6.43619560112135
6.47380024286971
6.57487849067915
6.61550323964032
6.65719616369663
6.50695469362058
6.54761845812481
6.58933858255238
6.44115787871136
6.48184465903661
6.85985152170491
6.83721920171921
7.51518993117889
