Simulation Number CPMU20.photonEnergy CPMU20.energySpread CPMU20.numberRays M3.radius PG.cFactor
0                 500                 0.1                 50000.0           230.0     1.6       
1                 500                 0.1                 50000.0           230.0     2.25      
2                 500                 0.1                 50000.0           230.0     5         
3                 500                 0.1                 50000.0           230.0     10        
4                 500                 0.1                 50000.0           230.5     1.6       
5                 500                 0.1                 50000.0           230.5     2.25      
6                 500                 0.1                 50000.0           230.5     5         
7                 500                 0.1                 50000.0           230.5     10        
8                 500                 0.1                 50000.0           231.0     1.6       
9                 500                 0.1                 50000.0           231.0     2.25      
10                500                 0.1                 50000.0           231.0     5         
11                500                 0.1                 50000.0           231.0     10        
12                500                 0.1                 50000.0           231.5     1.6       
13                500                 0.1                 50000.0           231.5     2.25      
14                500                 0.1                 50000.0           231.5     5         
15                500                 0.1                 50000.0           231.5     10        
16                500                 0.1                 50000.0           232.0     1.6       
17                500                 0.1                 50000.0           232.0     2.25      
18                500                 0.1                 50000.0           232.0     5         
19                500                 0.1                 50000.0           232.0     10        
20                500                 0.1                 50000.0           232.5     1.6       
21                500                 0.1                 50000.0           232.5     2.25      
22                500                 0.1                 50000.0           232.5     5         
23                500                 0.1                 50000.0           232.5     10        
24                500                 0.1                 50000.0           233.0     1.6       
25                500                 0.1                 50000.0           233.0     2.25      
26                500                 0.1                 50000.0           233.0     5         
27                500                 0.1                 50000.0           233.0     10        
28                500                 0.1                 50000.0           233.5     1.6       
29                500                 0.1                 50000.0           233.5     2.25      
30                500                 0.1                 50000.0           233.5     5         
31                500                 0.1                 50000.0           233.5     10        
32                1000                0.1                 50000.0           230.0     1.6       
33                1000                0.1                 50000.0           230.0     2.25      
34                1000                0.1                 50000.0           230.0     5         
35                1000                0.1                 50000.0           230.0     10        
36                1000                0.1                 50000.0           230.5     1.6       
37                1000                0.1                 50000.0           230.5     2.25      
38                1000                0.1                 50000.0           230.5     5         
39                1000                0.1                 50000.0           230.5     10        
40                1000                0.1                 50000.0           231.0     1.6       
41                1000                0.1                 50000.0           231.0     2.25      
42                1000                0.1                 50000.0           231.0     5         
43                1000                0.1                 50000.0           231.0     10        
44                1000                0.1                 50000.0           231.5     1.6       
45                1000                0.1                 50000.0           231.5     2.25      
46                1000                0.1                 50000.0           231.5     5         
47                1000                0.1                 50000.0           231.5     10        
48                1000                0.1                 50000.0           232.0     1.6       
49                1000                0.1                 50000.0           232.0     2.25      
50                1000                0.1                 50000.0           232.0     5         
51                1000                0.1                 50000.0           232.0     10        
52                1000                0.1                 50000.0           232.5     1.6       
53                1000                0.1                 50000.0           232.5     2.25      
54                1000                0.1                 50000.0           232.5     5         
55                1000                0.1                 50000.0           232.5     10        
56                1000                0.1                 50000.0           233.0     1.6       
57                1000                0.1                 50000.0           233.0     2.25      
58                1000                0.1                 50000.0           233.0     5         
59                1000                0.1                 50000.0           233.0     10        
60                1000                0.1                 50000.0           233.5     1.6       
61                1000                0.1                 50000.0           233.5     2.25      
62                1000                0.1                 50000.0           233.5     5         
63                1000                0.1                 50000.0           233.5     10        
64                1500                0.1                 50000.0           230.0     1.6       
65                1500                0.1                 50000.0           230.0     2.25      
66                1500                0.1                 50000.0           230.0     5         
67                1500                0.1                 50000.0           230.0     10        
68                1500                0.1                 50000.0           230.5     1.6       
69                1500                0.1                 50000.0           230.5     2.25      
70                1500                0.1                 50000.0           230.5     5         
71                1500                0.1                 50000.0           230.5     10        
72                1500                0.1                 50000.0           231.0     1.6       
73                1500                0.1                 50000.0           231.0     2.25      
74                1500                0.1                 50000.0           231.0     5         
75                1500                0.1                 50000.0           231.0     10        
76                1500                0.1                 50000.0           231.5     1.6       
77                1500                0.1                 50000.0           231.5     2.25      
78                1500                0.1                 50000.0           231.5     5         
79                1500                0.1                 50000.0           231.5     10        
80                1500                0.1                 50000.0           232.0     1.6       
81                1500                0.1                 50000.0           232.0     2.25      
82                1500                0.1                 50000.0           232.0     5         
83                1500                0.1                 50000.0           232.0     10        
84                1500                0.1                 50000.0           232.5     1.6       
85                1500                0.1                 50000.0           232.5     2.25      
86                1500                0.1                 50000.0           232.5     5         
87                1500                0.1                 50000.0           232.5     10        
88                1500                0.1                 50000.0           233.0     1.6       
89                1500                0.1                 50000.0           233.0     2.25      
90                1500                0.1                 50000.0           233.0     5         
91                1500                0.1                 50000.0           233.0     10        
92                1500                0.1                 50000.0           233.5     1.6       
93                1500                0.1                 50000.0           233.5     2.25      
94                1500                0.1                 50000.0           233.5     5         
95                1500                0.1                 50000.0           233.5     10        
96                2000                0.1                 50000.0           230.0     1.6       
97                2000                0.1                 50000.0           230.0     2.25      
98                2000                0.1                 50000.0           230.0     5         
99                2000                0.1                 50000.0           230.0     10        
100               2000                0.1                 50000.0           230.5     1.6       
101               2000                0.1                 50000.0           230.5     2.25      
102               2000                0.1                 50000.0           230.5     5         
103               2000                0.1                 50000.0           230.5     10        
104               2000                0.1                 50000.0           231.0     1.6       
105               2000                0.1                 50000.0           231.0     2.25      
106               2000                0.1                 50000.0           231.0     5         
107               2000                0.1                 50000.0           231.0     10        
108               2000                0.1                 50000.0           231.5     1.6       
109               2000                0.1                 50000.0           231.5     2.25      
110               2000                0.1                 50000.0           231.5     5         
111               2000                0.1                 50000.0           231.5     10        
112               2000                0.1                 50000.0           232.0     1.6       
113               2000                0.1                 50000.0           232.0     2.25      
114               2000                0.1                 50000.0           232.0     5         
115               2000                0.1                 50000.0           232.0     10        
116               2000                0.1                 50000.0           232.5     1.6       
117               2000                0.1                 50000.0           232.5     2.25      
118               2000                0.1                 50000.0           232.5     5         
119               2000                0.1                 50000.0           232.5     10        
120               2000                0.1                 50000.0           233.0     1.6       
121               2000                0.1                 50000.0           233.0     2.25      
122               2000                0.1                 50000.0           233.0     5         
123               2000                0.1                 50000.0           233.0     10        
124               2000                0.1                 50000.0           233.5     1.6       
125               2000                0.1                 50000.0           233.5     2.25      
126               2000                0.1                 50000.0           233.5     5         
127               2000                0.1                 50000.0           233.5     10        
