# SourcePhotonFlux	NumberRaysSurvived	PercentageRaysSurvived	PhotonFlux	PhotonEnergy	Bandwidth	HorizontalFocusFWHM	VerticalFocusFWHM	EnergyPerMilPerBw	FluxPerMilPerBwPerc	FluxPerMilPerBwAbs
nan	3.594399999999999977e+02	7.188799999999999357e-02	nan	1.000000000000000000e+01	3.862525385963522110e-04	2.144486250551103437e-03	2.270072762323515660e-03	5.197339552930657192e+00	1.869486950600477426e+00	nan
nan	5.916399999999999864e+02	1.183280000000000165e-01	nan	1.200000000000000000e+01	4.769321028359740640e-04	2.163580724101232984e-03	2.269659353718324855e-03	5.035785303250838396e+00	2.979347112872023473e+00	nan
nan	7.586000000000000227e+02	1.517200000000000215e-01	nan	1.400000000000000000e+01	5.809909849301675682e-04	2.130574031091779855e-03	2.275864883106345701e-03	4.837859591054633590e+00	3.671758505901568270e+00	nan
nan	9.009200000000000728e+02	1.801840000000000386e-01	nan	1.600000000000000000e+01	6.997499388046435603e-04	2.152572877166156716e-03	2.254268296552828545e-03	4.611492131674306272e+00	4.155527018984672694e+00	nan
nan	1.047360000000000127e+03	2.094720000000000193e-01	nan	1.800000000000000000e+01	8.316895878903097150e-04	2.214964714288587301e-03	2.315202307650336775e-03	4.358340611884296223e+00	4.568026147267708836e+00	nan
nan	1.193400000000000091e+03	2.386799999999999478e-01	nan	2.000000000000000000e+01	9.444738343142944446e-04	2.135020219944305016e-03	2.282708644498961624e-03	4.249686378226164685e+00	5.070400908820874797e+00	nan
nan	1.344879999999999882e+03	2.689759999999999929e-01	nan	2.200000000000000000e+01	1.030373436167906272e-03	2.219629902019325859e-03	2.306690978898640661e-03	4.275472718316040144e+00	5.750843147062066230e+00	nan
nan	1.470120000000000118e+03	2.940240000000000076e-01	nan	2.400000000000000000e+01	1.184812473919691833e-03	2.225743033298071410e-03	2.307850609253263036e-03	4.057254891983122391e+00	5.966506017742970513e+00	nan
nan	1.613759999999999991e+03	3.227519999999999833e-01	nan	2.600000000000000000e+01	1.299422122626765460e-03	2.172602317540040309e-03	2.348168475311991025e-03	4.024506928582822773e+00	6.499202856637529280e+00	nan
nan	1.738040000000000191e+03	3.476080000000000281e-01	nan	2.800000000000000000e+01	1.453595634668545166e-03	2.214298040241060445e-03	2.343538808897780400e-03	3.857068228917913011e+00	6.701540366539298077e+00	nan
nan	1.868279999999999973e+03	3.736559999999999881e-01	nan	3.000000000000000000e+01	1.552339690489361670e-03	2.044096919363741407e-03	2.315787461362274046e-03	3.902993519318955329e+00	7.295328802915918232e+00	nan
nan	2.001440000000000055e+03	4.002880000000000327e-01	nan	3.200000000000000000e+01	1.740566058898593933e-03	2.150569004164836623e-03	2.319664043520039062e-03	3.693837463762531748e+00	7.391271939965049498e+00	nan
nan	2.106640000000000327e+03	4.213280000000000358e-01	nan	3.400000000000000000e+01	1.814325202223017073e-03	2.181124163821813750e-03	2.333334240875898063e-03	3.751364548572085678e+00	7.903490822990226761e+00	nan
nan	2.260519999999999982e+03	4.521039999999999504e-01	nan	3.600000000000000000e+01	1.876075388538538417e-03	2.145400950385859852e-03	2.346270565002119869e-03	3.841710667706865756e+00	8.686335619887936232e+00	nan
nan	2.368720000000000255e+03	4.737439999999999429e-01	nan	3.800000000000000000e+01	2.082830991796526775e-03	2.064693129805250139e-03	2.346003278644055896e-03	3.683135193302569554e+00	8.714769228222909447e+00	nan
nan	2.492720000000000255e+03	4.985439999999999872e-01	nan	4.000000000000000000e+01	2.282510822435597237e-03	2.210695378430289643e-03	2.307142405503777565e-03	3.509687752977229458e+00	8.748849167362248380e+00	nan
nan	2.603720000000000255e+03	5.207439999999999847e-01	nan	4.200000000000000000e+01	2.466217321801877829e-03	2.102237518978033581e-03	2.328602403363418984e-03	3.427945182195085039e+00	8.927856975636201398e+00	nan
nan	2.727519999999999982e+03	5.455039999999999889e-01	nan	4.400000000000000000e+01	2.664090561363536853e-03	2.153207365899111221e-03	2.364308864934077346e-03	3.310438908994577822e+00	9.028336473915313576e+00	nan
nan	2.834159999999999854e+03	5.668320000000000025e-01	nan	4.600000000000000000e+01	2.769139765763384449e-03	1.982363164821701867e-03	2.342050547437180691e-03	3.332218414459569455e+00	9.443595528113265303e+00	nan
nan	2.943440000000000055e+03	5.886880000000001001e-01	nan	4.800000000000000000e+01	3.015239850036550550e-03	2.156584167909159685e-03	2.289445675709507206e-03	3.187819082776744750e+00	9.385207331672688724e+00	nan
nan	3.041119999999999891e+03	6.082239999999998759e-01	nan	5.000000000000000000e+01	3.141775018515318048e-03	2.124707534267602366e-03	2.360911454119178285e-03	3.197606741421775478e+00	9.723976752046086247e+00	nan
nan	3.168599999999999909e+03	6.337200000000000610e-01	nan	5.200000000000000000e+01	3.305772387552678541e-03	2.123252429567830911e-03	2.325221132230461535e-03	3.151476410471881540e+00	9.987178781816382411e+00	nan
nan	3.242119999999999891e+03	6.484240000000001114e-01	nan	5.400000000000000000e+01	3.412531711112478695e-03	2.082065675516741633e-03	2.354050575522373574e-03	3.183737242648472243e+00	1.032388070504141986e+01	nan
nan	3.347359999999999673e+03	6.694719999999999560e-01	nan	5.600000000000000000e+01	3.563652509894836475e-03	2.089350077400650794e-03	2.365362275597120839e-03	3.150322452513250049e+00	1.054299149878358222e+01	nan
nan	3.436480000000000473e+03	6.872959999999999070e-01	nan	5.800000000000000000e+01	3.728755821296090428e-03	2.156758957306904260e-03	2.322866458528292412e-03	3.125163990251212276e+00	1.074024978405174124e+01	nan
nan	3.539440000000000055e+03	7.078880000000000727e-01	nan	6.000000000000000000e+01	3.947510784494170574e-03	2.134619330206683971e-03	2.347679711923439123e-03	3.045891911039213973e+00	1.078081931634062940e+01	nan
nan	3.666199999999999818e+03	7.332400000000000029e-01	nan	6.200000000000000000e+01	4.111492025642747052e-03	2.067984364436022300e-03	2.303032509072920099e-03	3.019605378911419447e+00	1.107000645086850810e+01	nan
nan	3.715880000000000109e+03	7.431759999999999478e-01	nan	6.400000000000000000e+01	4.402922437532197190e-03	2.056233329187703331e-03	2.339507782682675400e-03	2.911203716799518837e+00	1.081913980070217285e+01	nan
nan	3.828800000000000182e+03	7.657599999999999962e-01	nan	6.600000000000000000e+01	4.586282536668022207e-03	2.112718208228966596e-03	2.317190964174839583e-03	2.879662542388377489e+00	1.102575133748910829e+01	nan
nan	3.903640000000000327e+03	7.807280000000000886e-01	nan	6.800000000000000000e+01	4.832805530679706689e-03	2.065695583218929952e-03	2.336708140511589184e-03	2.816635884027054004e+00	1.099420422024274124e+01	nan
nan	4.002960000000000036e+03	8.005919999999999703e-01	nan	7.000000000000000000e+01	5.275660308543593177e-03	2.201985554975138815e-03	2.377010951986661090e-03	2.658404868098969587e+00	1.064364737461058219e+01	nan
nan	4.090240000000000236e+03	8.180479999999998864e-01	nan	7.200000000000000000e+01	5.278628891483094429e-03	2.151516043606430985e-03	2.331464242778121497e-03	2.737186269213326639e+00	1.119558637348938213e+01	nan
nan	4.139480000000000473e+03	8.278960000000001873e-01	nan	7.400000000000000000e+01	5.372184740119792176e-03	2.033057130284485464e-03	2.299789892918219832e-03	2.760598717383982770e+00	1.142634526504287784e+01	nan
nan	4.241600000000000364e+03	8.483199999999999630e-01	nan	7.600000000000000000e+01	5.698854049499004447e-03	2.115246474566193947e-03	2.375049357837903143e-03	2.671012267238903171e+00	1.132767402600581796e+01	nan
nan	4.325760000000000218e+03	8.651519999999999211e-01	nan	7.800000000000000000e+01	5.976661276276900095e-03	2.132278950181117853e-03	2.384133737515868341e-03	2.625348044137397530e+00	1.135385962411174177e+01	nan
nan	4.405960000000000036e+03	8.811920000000000863e-01	nan	8.000000000000000000e+01	5.950940618877211680e-03	2.027580853236744460e-03	2.334271905899513565e-03	2.697719266963639395e+00	1.188763454884991333e+01	nan
nan	4.485199999999999818e+03	8.970400000000001706e-01	nan	8.200000000000000000e+01	6.152090065497759809e-03	2.206155839420605082e-03	2.343084719652410199e-03	2.667560200696995842e+00	1.196473217989765025e+01	nan
nan	4.575480000000000473e+03	9.150959999999999095e-01	nan	8.400000000000000000e+01	6.584736291738409360e-03	2.166103982662965707e-03	2.289233096764190737e-03	2.562494583137442827e+00	1.172665531661706595e+01	nan
nan	4.634000000000000000e+03	9.267999999999998462e-01	nan	8.600000000000000000e+01	6.650505225402411277e-03	2.209957985458782959e-03	2.323061856898708637e-03	2.591716492550860451e+00	1.200857005231257446e+01	nan
nan	4.737840000000000146e+03	9.475680000000000769e-01	nan	8.800000000000000000e+01	7.134654040585245924e-03	2.249168324219118307e-03	2.339491562385059929e-03	2.476342329261686626e+00	1.173316126791218750e+01	nan
nan	4.779680000000000291e+03	9.559360000000001190e-01	nan	9.000000000000000000e+01	7.222116532218478269e-03	2.053605884213780767e-03	2.346534889259932130e-03	2.495913565603227635e+00	1.192802111157611478e+01	nan
nan	4.872039999999999964e+03	9.744080000000000519e-01	nan	9.200000000000000000e+01	7.339890745706725492e-03	2.114874274784738460e-03	2.362675492740281581e-03	2.508355223783593324e+00	1.222163707231126573e+01	nan
nan	4.939920000000000073e+03	9.879839999999999733e-01	nan	9.400000000000000000e+01	7.711297701923740255e-03	2.135933039657373755e-03	2.353010908454519941e-03	2.447184724214448437e+00	1.208806790423147959e+01	nan
nan	5.004199999999999818e+03	1.000839999999999952e+00	nan	9.600000000000000000e+01	7.844718860685589296e-03	2.097443633251390611e-03	2.377241468658716425e-03	2.448017744684177099e+00	1.225014371761873910e+01	nan
nan	5.099480000000000473e+03	1.019895999999999914e+00	nan	9.800000000000000000e+01	8.114737982102724137e-03	2.106074381155157663e-03	2.343761045646471607e-03	2.417513805565705276e+00	1.232881147310294345e+01	nan
nan	5.177600000000000364e+03	1.035519999999999996e+00	nan	1.000000000000000000e+02	8.292986439353170619e-03	2.199194972585217459e-03	2.361751812745078311e-03	2.412523581230518133e+00	1.249166784721471757e+01	nan
nan	5.197680000000000291e+03	1.039536000000000016e+00	nan	1.020000000000000000e+02	8.525186640060838233e-03	2.051828969706950487e-03	2.363305505955001860e-03	2.399345990365112424e+00	1.247118624210968463e+01	nan
nan	5.254920000000000073e+03	1.050984000000000140e+00	nan	1.040000000000000000e+02	8.903061445535058807e-03	2.175374788622388197e-03	2.294709411834808688e-03	2.339570548872943689e+00	1.229465296019177067e+01	nan
nan	5.358239999999999782e+03	1.071648000000000156e+00	nan	1.060000000000000000e+02	8.946061813248888314e-03	2.068185808135481005e-03	2.337298204638870759e-03	2.376180439087972829e+00	1.273372151787708262e+01	nan
nan	5.397000000000000000e+03	1.079399999999999915e+00	nan	1.080000000000000000e+02	9.201882924721757270e-03	2.017341733048176166e-03	2.341663769282916786e-03	2.352866369740012953e+00	1.269884958591919322e+01	nan
nan	5.484239999999999782e+03	1.096848000000000045e+00	nan	1.100000000000000000e+02	9.244816203340633712e-03	2.158572387045604862e-03	2.328717567004899743e-03	2.388506308926252153e+00	1.310135299911346785e+01	nan
nan	5.516600000000000364e+03	1.103319999999999856e+00	nan	1.120000000000000000e+02	9.879135965443311060e-03	2.012362223327336837e-03	2.343417618610634488e-03	2.270279477821254499e+00	1.252354251255390771e+01	nan
nan	5.587519999999999527e+03	1.117503999999999831e+00	nan	1.140000000000000000e+02	1.032292447711824837e-02	2.058402269261505428e-03	2.349832479669126083e-03	2.209349712184880410e+00	1.234467514478649974e+01	nan
nan	5.661680000000000291e+03	1.132336000000000009e+00	nan	1.160000000000000000e+02	1.029955906700706636e-02	2.070511620673818470e-03	2.333073245701378692e-03	2.258755531922761239e+00	1.278660237655153331e+01	nan
nan	5.729199999999999818e+03	1.145840000000000192e+00	nan	1.180000000000000000e+02	1.054077516406323398e-02	2.087521186203462539e-03	2.339534703026654137e-03	2.240833951335500451e+00	1.283843742037699442e+01	nan
nan	5.791039999999999964e+03	1.158207999999999904e+00	nan	1.200000000000000000e+02	1.081632894862195882e-02	1.930411479501049909e-03	2.333944259732116146e-03	2.230516142455237549e+00	1.291367712108953825e+01	nan
nan	5.846319999999999709e+03	1.169263999999999859e+00	nan	1.220000000000000000e+02	1.094274065737408860e-02	2.120055839737464923e-03	2.344570887868079219e-03	2.231493702881187424e+00	1.304734870092299204e+01	nan
nan	5.908319999999999709e+03	1.181664000000000048e+00	nan	1.240000000000000000e+02	1.117134457012070904e-02	2.111260017260216913e-03	2.324227807477936402e-03	2.228618760889800043e+00	1.317017057178741979e+01	nan
nan	5.971840000000000146e+03	1.194368000000000096e+00	nan	1.260000000000000000e+02	1.128212641585832864e-02	2.133466638134844974e-03	2.359859622046285750e-03	2.235101975434330424e+00	1.334794347248522151e+01	nan
nan	6.024519999999999527e+03	1.204903999999999975e+00	nan	1.280000000000000000e+02	1.141496821826876867e-02	2.030630573640215906e-03	2.325223614169381111e-03	2.246998000064476031e+00	1.353696028068422308e+01	nan
nan	6.071920000000000073e+03	1.214384000000000130e+00	nan	1.300000000000000000e+02	1.209202213684420699e-02	2.070249815662355934e-03	2.321560141623039107e-03	2.153395059988486793e+00	1.307225964452777944e+01	nan
nan	6.114159999999999854e+03	1.222831999999999919e+00	nan	1.320000000000000000e+02	1.278719690892103286e-02	2.016262800870932508e-03	2.337791446500939174e-03	2.066305770916380347e+00	1.263380975708675713e+01	nan
nan	6.159319999999999709e+03	1.231863999999999848e+00	nan	1.340000000000000000e+02	1.235415985264353388e-02	2.094483550960665828e-03	2.331121503729871418e-03	2.173047219684029141e+00	1.338532470340227931e+01	nan
nan	6.244199999999999818e+03	1.248839999999999950e+00	nan	1.360000000000000000e+02	1.278960015997199738e-02	2.096481624823002664e-03	2.335195009324951380e-03	2.132395189620083009e+00	1.331306793899542207e+01	nan
nan	6.287559999999999491e+03	1.257512000000000185e+00	nan	1.380000000000000000e+02	1.308128912936354013e-02	2.109362759319249880e-03	2.321997893935606218e-03	2.112465875408742200e+00	1.328160464939499619e+01	nan
nan	6.357519999999999527e+03	1.271503999999999746e+00	nan	1.400000000000000000e+02	1.346180868677038234e-02	2.155719772954295572e-03	2.336108695791080068e-03	2.086376386055856180e+00	1.326052332754497343e+01	nan
nan	6.405440000000000509e+03	1.281088000000000005e+00	nan	1.420000000000000000e+02	1.386786932284394570e-02	1.962002453247469521e-03	2.337267484686908307e-03	2.054607808207912445e+00	1.316244056501492921e+01	nan
nan	6.443399999999999636e+03	1.288679999999999826e+00	nan	1.440000000000000000e+02	1.413004061287665390e-02	2.012871837062111310e-03	2.312062489058592379e-03	2.043078767132775919e+00	1.316135952591299585e+01	nan
nan	6.502199999999999818e+03	1.300440000000000040e+00	nan	1.460000000000000000e+02	1.443453583702193968e-02	2.051511756087302362e-03	2.347429430566000657e-03	2.027625199116226185e+00	1.318279534669411035e+01	nan
nan	6.588560000000000400e+03	1.317712000000000216e+00	nan	1.480000000000000000e+02	1.456916655236909809e-02	2.141268088296819500e-03	2.362133508632478784e-03	2.042235048097999606e+00	1.345545164004701277e+01	nan
nan	6.621239999999999782e+03	1.324248000000000092e+00	nan	1.500000000000000000e+02	1.444669014303144594e-02	2.014276055168569540e-03	2.376914487107131043e-03	2.082886398873256439e+00	1.379256807865356294e+01	nan
nan	6.691839999999999236e+03	1.338367999999999780e+00	nan	1.520000000000000000e+02	1.502421973969831140e-02	2.072242639145687078e-03	2.341231966600560918e-03	2.025600323068299957e+00	1.355632722023581138e+01	nan
nan	6.724360000000000582e+03	1.344872000000000067e+00	nan	1.540000000000000000e+02	1.524729811847464443e-02	2.136986562209847694e-03	2.351450161661656005e-03	2.020210863368864018e+00	1.358428834467290791e+01	nan
nan	6.801880000000000109e+03	1.360376000000000030e+00	nan	1.560000000000000000e+02	1.611394823066348431e-02	2.057558881033039189e-03	2.331515053810147460e-03	1.940228596700422248e+00	1.319858882954774160e+01	nan
nan	6.814199999999999818e+03	1.362839999999999829e+00	nan	1.580000000000000000e+02	1.617147971682243029e-02	2.021544938480648781e-03	2.352736379347345873e-03	1.954820817550113832e+00	1.332131603083402283e+01	nan
nan	6.875560000000000400e+03	1.375112000000000112e+00	nan	1.600000000000000000e+02	1.651713457167261478e-02	1.983550128867852310e-03	2.349737127980540841e-03	1.940771284763855631e+00	1.334382003433630892e+01	nan
nan	6.925800000000000182e+03	1.385159999999999947e+00	nan	1.620000000000000000e+02	1.676493831970674378e-02	2.093594964198830857e-03	2.326557842964348862e-03	1.938208375675091855e+00	1.342234971323633275e+01	nan
nan	6.982920000000000073e+03	1.396584000000000048e+00	nan	1.640000000000000000e+02	1.721342569343960530e-02	2.172533735218073851e-03	2.341653123469695369e-03	1.907898967948300939e+00	1.332437137026348140e+01	nan
nan	7.048480000000000473e+03	1.409695999999999838e+00	nan	1.660000000000000000e+02	1.745275049130214085e-02	2.074341093804337940e-03	2.374429332091182194e-03	1.906657241577200734e+00	1.343856176165530414e+01	nan
nan	7.062680000000000291e+03	1.412536000000000014e+00	nan	1.680000000000000000e+02	1.776566420417566294e-02	2.078825399810192188e-03	2.359859365184294872e-03	1.892788788092714558e+00	1.336756592692213097e+01	nan
nan	7.121760000000000218e+03	1.424352000000000062e+00	nan	1.700000000000000000e+02	1.802143585254725733e-02	2.154984497703730639e-03	2.314071991449736122e-03	1.889560881871063414e+00	1.345902856850795537e+01	nan
nan	7.197079999999999927e+03	1.439416000000000029e+00	nan	1.720000000000000000e+02	1.855354087875184591e-02	2.123036247812079471e-03	2.378249170633519281e-03	1.854828409475105744e+00	1.334979700109029466e+01	nan
nan	7.195680000000000291e+03	1.439135999999999971e+00	nan	1.740000000000000000e+02	1.824072729270937929e-02	2.141418834125976590e-03	2.347559338839269073e-03	1.908139810990152174e+00	1.373061111558996217e+01	nan
nan	7.252360000000000582e+03	1.450471999999999984e+00	nan	1.760000000000000000e+02	1.907850945567133791e-02	2.067830493925391575e-03	2.342179997141502403e-03	1.845827514869783359e+00	1.338596087171773874e+01	nan
nan	7.282760000000000218e+03	1.456551999999999847e+00	nan	1.780000000000000000e+02	1.930651370888881307e-02	2.117196215585011223e-03	2.354289700325157102e-03	1.846424243056124848e+00	1.344655954826182054e+01	nan
nan	7.371519999999999527e+03	1.474303999999999837e+00	nan	1.800000000000000000e+02	1.961920271109193065e-02	2.060369151804469431e-03	2.351425148385846882e-03	1.841858418755928595e+00	1.357802165164870090e+01	nan
nan	7.386160000000000764e+03	1.477231999999999879e+00	nan	1.820000000000000000e+02	2.016676237313276901e-02	2.023899380748897699e-03	2.322194686695333056e-03	1.818526550369485850e+00	1.343203607197902727e+01	nan
nan	7.433760000000000218e+03	1.486752000000000296e+00	nan	1.840000000000000000e+02	2.014403344034235502e-02	2.034924703295907210e-03	2.344555973513467225e-03	1.830933650188227180e+00	1.360998445848263749e+01	nan
nan	7.500239999999999782e+03	1.500048000000000048e+00	nan	1.860000000000000000e+02	2.019397556391141005e-02	2.151465297902569775e-03	2.326637890330196610e-03	1.845477358184108407e+00	1.384145554290083524e+01	nan
nan	7.536639999999999418e+03	1.507328000000000001e+00	nan	1.880000000000000000e+02	2.020912728909479358e-02	2.105760958758028621e-03	2.342487634009797655e-03	1.862866269187785750e+00	1.403847825992948550e+01	nan
nan	7.574160000000000764e+03	1.514832000000000178e+00	nan	1.900000000000000000e+02	2.149258248696696641e-02	1.972645467512567589e-03	2.346556023500689751e-03	1.769816815484020811e+00	1.340472873919718211e+01	nan
nan	7.643839999999999236e+03	1.528767999999999905e+00	nan	1.920000000000000000e+02	2.100814258852096855e-02	2.109193597225795819e-03	2.352916933378834761e-03	1.835860553038697329e+00	1.403291178229763680e+01	nan
nan	7.711160000000000764e+03	1.542232000000000269e+00	nan	1.940000000000000000e+02	2.193544693752755986e-02	2.071535490191019936e-03	2.308678019791113832e-03	1.770524101070816148e+00	1.365353918108021425e+01	nan
nan	7.695880000000000109e+03	1.539175999999999878e+00	nan	1.960000000000000000e+02	2.284965765141350885e-02	1.999482760602492356e-03	2.369613050663401006e-03	1.717560936159014728e+00	1.321726350629375268e+01	nan
nan	7.772800000000000182e+03	1.554559999999999942e+00	nan	1.980000000000000000e+02	2.292225641331242444e-02	2.116645624315782997e-03	2.312608673772590957e-03	1.731356036818052946e+00	1.345521062561020287e+01	nan
nan	7.787280000000000655e+03	1.557455999999999952e+00	nan	2.000000000000000000e+02	2.248441203043057696e-02	2.023539664135192134e-03	2.338310506774814949e-03	1.779885191858854743e+00	1.386053266581919274e+01	nan
nan	7.826880000000000109e+03	1.565376000000000101e+00	nan	2.020000000000000000e+02	2.250089305453457228e-02	1.995719305916118357e-03	2.345522879857462554e-03	1.798673434908986124e+00	1.407597029173037662e+01	nan
nan	7.907639999999999418e+03	1.581528000000000045e+00	nan	2.040000000000000000e+02	2.354420368727005303e-02	2.096694642202232874e-03	2.333680449983243678e-03	1.738231413290255656e+00	1.374608756910027374e+01	nan
nan	7.931880000000000109e+03	1.586376000000000230e+00	nan	2.060000000000000000e+02	2.368845478228650062e-02	2.112928573731206669e-03	2.327308511260612559e-03	1.742964788696669043e+00	1.382552943490855490e+01	nan
nan	7.948160000000000764e+03	1.589631999999999934e+00	nan	2.080000000000000000e+02	2.492753455850106603e-02	1.981674219622758023e-03	2.347890343892733780e-03	1.670992107796989812e+00	1.328017559405826020e+01	nan
nan	8.012079999999999927e+03	1.602416000000000285e+00	nan	2.100000000000000000e+02	2.440803030732240780e-02	2.057138559960889745e-03	2.312522055879828124e-03	1.722093935102507301e+00	1.379820722525226095e+01	nan
nan	8.041680000000000291e+03	1.608336000000000654e+00	nan	2.120000000000000000e+02	2.514095671115683037e-02	2.123151654392128364e-03	2.336060303246484393e-03	1.689468753018983138e+00	1.358731700749778426e+01	nan
nan	8.084319999999999709e+03	1.616864000000000079e+00	nan	2.140000000000000000e+02	2.533172160411595319e-02	2.110925626511287768e-03	2.347015548417178462e-03	1.690889368095018552e+00	1.367047067663449411e+01	nan
nan	8.138760000000000218e+03	1.627751999999999866e+00	nan	2.160000000000000000e+02	2.590450829605287983e-02	2.030689131970127119e-03	2.344470649789461795e-03	1.670218956254484244e+00	1.359211204528845052e+01	nan
nan	8.156519999999999527e+03	1.631303999999999643e+00	nan	2.180000000000000000e+02	2.558475022752645239e-02	1.990579015540575904e-03	2.373016123641372242e-03	1.705966295188081627e+00	1.391489239114740073e+01	nan
nan	8.193680000000000291e+03	1.638735999999999304e+00	nan	2.200000000000000000e+02	2.692365835402597482e-02	2.130070865345629755e-03	2.318754857200509053e-03	1.635226049325685604e+00	1.339851880549186625e+01	nan
nan	8.247439999999998690e+03	1.649488000000000287e+00	nan	2.220000000000000000e+02	2.662689006759137375e-02	2.098264822831045345e-03	2.366104117541968296e-03	1.672168494483042167e+00	1.379089427572082549e+01	nan
nan	8.302760000000000218e+03	1.660552000000000250e+00	nan	2.240000000000000000e+02	2.728176144981261930e-02	2.042827031292349452e-03	2.371332901005189162e-03	1.644955905886755998e+00	1.365863010068268046e+01	nan
nan	8.307360000000000582e+03	1.661471999999999838e+00	nan	2.260000000000000000e+02	2.722194249573476471e-02	2.092944013856522061e-03	2.307976453426424657e-03	1.663031577107147330e+00	1.381461423312274839e+01	nan
nan	8.379799999999999272e+03	1.675959999999999894e+00	nan	2.280000000000000000e+02	2.799642484817013721e-02	2.106504124165708893e-03	2.310077583250681049e-03	1.631042068680458090e+00	1.367001122474285424e+01	nan
nan	8.403119999999998981e+03	1.680624000000000340e+00	nan	2.300000000000000000e+02	2.784548775402981985e-02	2.097837127886502569e-03	2.355297240429416079e-03	1.653632548093339594e+00	1.389612313807299770e+01	nan
nan	8.436079999999999927e+03	1.687216000000000049e+00	nan	2.320000000000000000e+02	2.821230209386157983e-02	1.929756484165832345e-03	2.339432094092023465e-03	1.645743298940499644e+00	1.388422805506067093e+01	nan
nan	8.479119999999998981e+03	1.695823999999999554e+00	nan	2.340000000000000000e+02	2.863475366289094243e-02	2.138198256219334820e-03	2.343110086287648278e-03	1.636249772120621060e+00	1.387368390295283049e+01	nan
nan	8.524399999999999636e+03	1.704879999999999951e+00	nan	2.360000000000000000e+02	2.873416246546185021e-02	2.011309691634158552e-03	2.333838557673704496e-03	1.645049455026378782e+00	1.402393314996233187e+01	nan
nan	8.574639999999999418e+03	1.714928000000000452e+00	nan	2.380000000000000000e+02	2.991812431706420902e-02	2.095959393936724924e-03	2.333056769955778841e-03	1.595004905083426294e+00	1.367632918542328113e+01	nan
nan	8.614039999999999054e+03	1.722807999999999895e+00	nan	2.400000000000000000e+02	2.990350798667350610e-02	2.027960764604955397e-03	2.347990324139231835e-03	1.607668322909696190e+00	1.384867173011360464e+01	nan
nan	8.598639999999999418e+03	1.719727999999999923e+00	nan	2.420000000000000000e+02	2.996007129143436060e-02	2.099863273294410530e-03	2.359430301583193782e-03	1.616406435253527007e+00	1.389997890986385265e+01	nan
nan	8.668360000000000582e+03	1.733672000000000324e+00	nan	2.440000000000000000e+02	3.096892455359920998e-02	2.076086197154121144e-03	2.352234813128520601e-03	1.578365941617548618e+00	1.368195084096191394e+01	nan
nan	8.717479999999999563e+03	1.743495999999999935e+00	nan	2.460000000000000000e+02	3.045360720169810673e-02	2.061265607373981897e-03	2.351806491652927694e-03	1.617399600378790270e+00	1.409810340773923620e+01	nan
nan	8.753920000000000073e+03	1.750783999999999896e+00	nan	2.480000000000000000e+02	3.117180707165061876e-02	1.964439018088545100e-03	2.383386053950670679e-03	1.591874097710840763e+00	1.393496001633849346e+01	nan
nan	8.803360000000000582e+03	1.760672000000000237e+00	nan	2.500000000000000000e+02	3.116072628597067046e-02	2.100545608969992158e-03	2.343493815353385815e-03	1.606885372316644744e+00	1.414710681979760309e+01	nan
nan	8.844000000000000000e+03	1.768799999999999928e+00	nan	2.520000000000000000e+02	3.148124207769796568e-02	2.145674940265006238e-03	2.340116525300767018e-03	1.603766676940713065e+00	1.418273599848933841e+01	nan
nan	8.877880000000001019e+03	1.775576000000000265e+00	nan	2.540000000000000000e+02	3.274983182634969014e-02	2.038045293491382286e-03	2.319040686988641832e-03	1.554934823587577730e+00	1.380617874579698423e+01	nan
nan	8.888280000000000655e+03	1.777655999999999903e+00	nan	2.560000000000000000e+02	3.263830672380209352e-02	2.164924063299846196e-03	2.337572061485814270e-03	1.570713517789013691e+00	1.395998432994986693e+01	nan
nan	8.958799999999999272e+03	1.791760000000000019e+00	nan	2.580000000000000000e+02	3.396970430265355140e-02	2.096644931910925970e-03	2.351916032628775886e-03	1.521259032977967829e+00	1.362949023039197982e+01	nan
nan	8.985639999999999418e+03	1.797128000000000059e+00	nan	2.600000000000000000e+02	3.435106750598606457e-02	2.009552692741817422e-03	2.338607774228838952e-03	1.515068874810349131e+00	1.361504246965334985e+01	nan
nan	8.981799999999999272e+03	1.796359999999999957e+00	nan	2.620000000000000000e+02	3.281167472379820788e-02	2.063464875784437689e-03	2.352151314010056480e-03	1.600308396004949119e+00	1.437265918228034067e+01	nan
nan	9.054840000000000146e+03	1.810967999999999689e+00	nan	2.640000000000000000e+02	3.465831357410024960e-02	2.092115003463712250e-03	2.346944361749565312e-03	1.529304739844084216e+00	1.384452191775006291e+01	nan
nan	9.066840000000000146e+03	1.813368000000000091e+00	nan	2.660000000000000000e+02	3.500158190576257988e-02	2.071871089390302755e-03	2.328527419184045922e-03	1.521547814271971388e+00	1.379451911039032197e+01	nan
nan	9.153719999999999345e+03	1.830743999999999927e+00	nan	2.680000000000000000e+02	3.549226995407479823e-02	2.040779537429894368e-03	2.356224572311743648e-03	1.512276246488492237e+00	1.384378054981383777e+01	nan
nan	9.169639999999999418e+03	1.833927999999999781e+00	nan	2.700000000000000000e+02	3.678725426055279996e-02	2.010802312599435822e-03	2.296253777421383181e-03	1.468404082016957490e+00	1.346461208393016662e+01	nan
nan	9.202000000000000000e+03	1.840400000000000036e+00	nan	2.720000000000000000e+02	3.629305715219743184e-02	2.056154701235027218e-03	2.339837475933974516e-03	1.500573990112932687e+00	1.380880358589392110e+01	nan
nan	9.230960000000000946e+03	1.846191999999999833e+00	nan	2.740000000000000000e+02	3.596321474323303791e-02	1.999844957839477192e-03	2.341457350934687039e-03	1.532089384342406824e+00	1.414128068079035572e+01	nan
nan	9.245960000000000946e+03	1.849191999999999947e+00	nan	2.760000000000000000e+02	3.635587323568870849e-02	2.121889811943846425e-03	2.360411122377933935e-03	1.521337823971747216e+00	1.406890328647759247e+01	nan
nan	9.289680000000000291e+03	1.857936000000000032e+00	nan	2.780000000000000000e+02	3.925116591183723525e-02	2.089946131425260943e-03	2.357485065988635439e-03	1.417867584549723503e+00	1.317177357470992760e+01	nan
nan	9.350079999999999927e+03	1.870016000000000123e+00	nan	2.800000000000000000e+02	3.782247668610579788e-02	2.098474753437238292e-03	2.348740542579058708e-03	1.481904149476347854e+00	1.385648449933338178e+01	nan
nan	9.363039999999999054e+03	1.872608000000000050e+00	nan	2.820000000000000000e+02	3.895990635209273245e-02	2.120087920180294041e-03	2.306917415374333796e-03	1.448788527301049678e+00	1.356468949772921029e+01	nan
nan	9.399280000000000655e+03	1.879856000000000193e+00	nan	2.840000000000000000e+02	3.796392834390644594e-02	2.081496370761955379e-03	2.338671643850920127e-03	1.499712751689177059e+00	1.409380671159934195e+01	nan
nan	9.425960000000000946e+03	1.885191999999999979e+00	nan	2.860000000000000000e+02	3.963506404791587723e-02	2.041981409492019291e-03	2.340514149066275085e-03	1.444903375428794989e+00	1.361933926174388354e+01	nan
nan	9.480639999999999418e+03	1.896127999999999814e+00	nan	2.880000000000000000e+02	3.971396526112584702e-02	2.019682762177936290e-03	2.346848078155068691e-03	1.453052932099100802e+00	1.377547371232568096e+01	nan
nan	9.519319999999999709e+03	1.903864000000000001e+00	nan	2.900000000000000000e+02	3.936924419454044394e-02	2.099706670206745798e-03	2.358456022794008962e-03	1.475272057942930370e+00	1.404318337055805976e+01	nan
nan	9.524000000000000000e+03	1.904800000000000271e+00	nan	2.920000000000000000e+02	3.838523230282590154e-02	2.046755096700753670e-03	2.349701806705373121e-03	1.525087798374385795e+00	1.452455317098759124e+01	nan
nan	9.591399999999999636e+03	1.918279999999999763e+00	nan	2.940000000000000000e+02	3.949216838148458808e-02	2.109238137366924518e-03	2.339626630565637931e-03	1.490671651116353358e+00	1.429825931467681599e+01	nan
nan	9.620319999999999709e+03	1.924064000000000219e+00	nan	2.960000000000000000e+02	3.995121193739577942e-02	2.124090938189432311e-03	2.369932756210431455e-03	1.485567379813825806e+00	1.429145148054826109e+01	nan
nan	9.644760000000000218e+03	1.928952000000000000e+00	nan	2.980000000000000000e+02	4.282146397766155299e-02	2.039594626057482374e-03	2.339244872477268689e-03	1.392149774455477385e+00	1.342750052667521210e+01	nan
nan	9.696880000000001019e+03	1.939375999999999989e+00	nan	3.000000000000000000e+02	4.128956961023504818e-02	2.187126580335338553e-03	2.349570915744250005e-03	1.455961312041265998e+00	1.411749402749007132e+01	nan
nan	9.716840000000000146e+03	1.943367999999999984e+00	nan	3.020000000000000000e+02	4.147054130031392616e-02	2.087099957046264966e-03	2.357605145481377409e-03	1.457494013013920009e+00	1.416063309976437345e+01	nan
nan	9.745719999999999345e+03	1.949143999999999988e+00	nan	3.040000000000000000e+02	4.358442693399410678e-02	2.021455209029591072e-03	2.356259189234065354e-03	1.396526775537690890e+00	1.360863149542504402e+01	nan
nan	9.759079999999999927e+03	1.951816000000000217e+00	nan	3.060000000000000000e+02	4.246075919026225109e-02	2.022504458663892078e-03	2.365627155369860561e-03	1.442641313999044828e+00	1.407833930440092374e+01	nan
nan	9.825039999999999054e+03	1.965007999999999644e+00	nan	3.080000000000000000e+02	4.305075680297704849e-02	2.148256177382005649e-03	2.354039567049690668e-03	1.431424061283149474e+00	1.406349534831699621e+01	nan
nan	9.852760000000000218e+03	1.970552000000000081e+00	nan	3.100000000000000000e+02	4.339399755867816288e-02	2.050488688027515220e-03	2.342278778210608522e-03	1.430650484211499984e+00	1.409558067099468204e+01	nan
nan	9.863399999999999636e+03	1.972680000000000433e+00	nan	3.120000000000000000e+02	4.508606207269622024e-02	1.924339341098300817e-03	2.335709923399893924e-03	1.384951377992951871e+00	1.366096090428488274e+01	nan
nan	9.919119999999998981e+03	1.983823999999999810e+00	nan	3.140000000000000000e+02	4.613336901320508332e-02	2.034961040579510300e-03	2.313131967013991840e-03	1.363718382355394887e+00	1.352655844759444292e+01	nan
nan	9.919079999999999927e+03	1.983816000000000246e+00	nan	3.160000000000000000e+02	4.504735286208415290e-02	2.158278986528339941e-03	2.332035300426144996e-03	1.406479367094803035e+00	1.395318164562266894e+01	nan
nan	9.971439999999998690e+03	1.994288000000000283e+00	nan	3.180000000000000000e+02	4.617422025027735633e-02	2.078789125133131879e-03	2.345689927710613385e-03	1.378614648223280614e+00	1.374653984076012492e+01	nan
nan	1.003779999999999927e+04	2.007559999999999789e+00	nan	3.200000000000000000e+02	4.495054010733838534e-02	2.131097494683206056e-03	2.330154743920269216e-03	1.425602406372060704e+00	1.430860724283770580e+01	nan
nan	1.002296000000000095e+04	2.004592000000000152e+00	nan	3.220000000000000000e+02	4.693096894494373783e-02	2.081138126421511018e-03	2.342986094951040980e-03	1.372518653213247397e+00	1.375693901648665474e+01	nan
nan	1.009131999999999971e+04	2.018264000000000280e+00	nan	3.240000000000000000e+02	4.663995410685856796e-02	2.076575844617458647e-03	2.366259029507528696e-03	1.391036222429468783e+00	1.403820842948527137e+01	nan
nan	1.010892000000000007e+04	2.021783999999999804e+00	nan	3.260000000000000000e+02	4.778720493922265083e-02	2.048599461824185137e-03	2.322463580109087374e-03	1.365722632838303641e+00	1.380708695938771413e+01	nan
nan	1.010488000000000102e+04	2.020976000000000106e+00	nan	3.280000000000000000e+02	4.856625232213446219e-02	2.038142910376056823e-03	2.339790828459020148e-03	1.352361194005840206e+00	1.366566033673985281e+01	nan
nan	1.014820000000000073e+04	2.029639999999999667e+00	nan	3.300000000000000000e+02	4.639565643909009107e-02	2.179975608695081980e-03	2.336258588468422340e-03	1.425565768570648428e+00	1.446738701988304499e+01	nan
nan	1.021556000000000131e+04	2.043111999999999817e+00	nan	3.320000000000000000e+02	4.677462330761045228e-02	2.112190599935338288e-03	2.335732017094404537e-03	1.422758623596466876e+00	1.453469540534349314e+01	nan
nan	1.026531999999999971e+04	2.053064000000000000e+00	nan	3.340000000000000000e+02	4.770243078613020660e-02	2.007739076854167699e-03	2.359213082046789697e-03	1.402159760509749331e+00	1.439267051882485760e+01	nan
nan	1.028463999999999942e+04	2.056928000000000090e+00	nan	3.360000000000000000e+02	4.917449011575626694e-02	2.017130603676384280e-03	2.327978095921068476e-03	1.368512084609700752e+00	1.407575898567577077e+01	nan
nan	1.029620000000000073e+04	2.059239999999999959e+00	nan	3.380000000000000000e+02	4.895248109451131452e-02	2.034959274238496742e-03	2.367529819390827052e-03	1.381137326267476872e+00	1.422084233958583965e+01	nan
nan	1.032931999999999971e+04	2.065864000000000367e+00	nan	3.400000000000000000e+02	4.929507879770426287e-02	2.127067369808892123e-03	2.333756511747434124e-03	1.380189368849148668e+00	1.425656052602569090e+01	nan
nan	1.037631999999999971e+04	2.075263999999999776e+00	nan	3.420000000000000000e+02	5.103857213914124447e-02	2.040712072440978211e-03	2.342034830997762572e-03	1.342203044585360772e+00	1.392724026454963493e+01	nan
nan	1.037136000000000058e+04	2.074272000000000116e+00	nan	3.440000000000000000e+02	5.131354176754030633e-02	2.049171585633058346e-03	2.349676477684079987e-03	1.343002946893667282e+00	1.392647499028477753e+01	nan
nan	1.041976000000000022e+04	2.083952000000000027e+00	nan	3.460000000000000000e+02	5.036453807496400759e-02	2.127015719994099392e-03	2.367217461170124677e-03	1.377119543915894972e+00	1.435122912929081984e+01	nan
nan	1.046939999999999964e+04	2.093880000000000408e+00	nan	3.480000000000000000e+02	5.325180116303272065e-02	2.030926632655527964e-03	2.350636715256058506e-03	1.311779354738116909e+00	1.373089627925822676e+01	nan
nan	1.048492000000000007e+04	2.096983999999999959e+00	nan	3.500000000000000000e+02	5.179197090879824467e-02	2.049881903560669353e-03	2.365231781792557532e-03	1.353585704929683775e+00	1.419070204636771493e+01	nan
nan	1.051888000000000102e+04	2.103775999999999868e+00	nan	3.520000000000000000e+02	5.361656750413203859e-02	2.074908779345802610e-03	2.313351832809650618e-03	1.313628465071154050e+00	1.381802050625655554e+01	nan
nan	1.053260000000000036e+04	2.106519999999999726e+00	nan	3.540000000000000000e+02	5.341754183091325381e-02	2.085997084614123458e-03	2.310565199220712511e-03	1.326241835712195893e+00	1.396929042193979775e+01	nan
nan	1.057615999999999985e+04	2.115231999999999779e+00	nan	3.560000000000000000e+02	5.311337495846600587e-02	2.073790615428392544e-03	2.344384511487597206e-03	1.345299410937007334e+00	1.422833586463486810e+01	nan
nan	1.059615999999999985e+04	2.119232000000000227e+00	nan	3.580000000000000000e+02	5.326506526796948027e-02	2.111258409847654484e-03	2.331252990420942545e-03	1.346743803663051686e+00	1.427047927717670817e+01	nan
nan	1.061079999999999927e+04	2.122160000000000046e+00	nan	3.600000000000000000e+02	5.363315249197512374e-02	2.135371001707351332e-03	2.346924212186010748e-03	1.345151924117231168e+00	1.427473032880981485e+01	nan
nan	1.063100000000000000e+04	2.126199999999999868e+00	nan	3.620000000000000000e+02	5.567846827966604906e-02	2.160479404009087341e-03	2.328353695485147791e-03	1.301684782950858210e+00	1.383769999530238159e+01	nan
nan	1.067079999999999927e+04	2.134160000000000057e+00	nan	3.640000000000000000e+02	5.539864001199930332e-02	2.070328752021185093e-03	2.374891084009052820e-03	1.321150763360512403e+00	1.409910893398858533e+01	nan
nan	1.071879999999999927e+04	2.143759999999999888e+00	nan	3.660000000000000000e+02	5.549681819200487365e-02	2.045815497587586459e-03	2.340765004972454166e-03	1.319573208997440794e+00	1.414531087785258556e+01	nan
nan	1.078239999999999964e+04	2.156480000000000175e+00	nan	3.680000000000000000e+02	5.642264045125557764e-02	2.027272565624690416e-03	2.368393310905957984e-03	1.305880153319524117e+00	1.408078671774255852e+01	nan
nan	1.080379999999999927e+04	2.160760000000000236e+00	nan	3.700000000000000000e+02	5.634150349055744300e-02	2.052572578802549196e-03	2.341403927842719470e-03	1.315426270613650361e+00	1.421116735202466863e+01	nan
nan	1.077684000000000015e+04	2.155368000000000173e+00	nan	3.720000000000000000e+02	5.612105969461481797e-02	2.041824001407889673e-03	2.355194931375389263e-03	1.329157384917595719e+00	1.432412530946541551e+01	nan
nan	1.087328000000000065e+04	2.174655999999999700e+00	nan	3.740000000000000000e+02	5.760915891594777655e-02	2.069256577284399757e-03	2.353470303275171337e-03	1.301138575168917511e+00	1.414623375684155349e+01	nan
nan	1.086896000000000095e+04	2.173791999999999724e+00	nan	3.760000000000000000e+02	5.825513320182836019e-02	2.006592493871465176e-03	2.304762498432528020e-03	1.292147405262229043e+00	1.404449285469765130e+01	nan
nan	1.087179999999999927e+04	2.174359999999999626e+00	nan	3.780000000000000000e+02	5.914039462425535465e-02	1.998266193252102533e-03	2.330478859485624575e-03	1.281887666914527824e+00	1.393744336786434346e+01	nan
nan	1.090607999999999993e+04	2.181216000000000044e+00	nan	3.800000000000000000e+02	5.707351236645082093e-02	2.025925675239704463e-03	2.343656120191816520e-03	1.337873372145677475e+00	1.459376029278056208e+01	nan
nan	1.094428000000000065e+04	2.188856000000000357e+00	nan	3.820000000000000000e+02	5.803039341255498279e-02	2.053299355904698257e-03	2.356082302377426711e-03	1.318652673114672824e+00	1.443224439278978366e+01	nan
nan	1.095852000000000044e+04	2.191703999999999652e+00	nan	3.840000000000000000e+02	6.200645795530362880e-02	1.988758624105437228e-03	2.360949618480629765e-03	1.242025865418930231e+00	1.361048465425025711e+01	nan
nan	1.103079999999999927e+04	2.206159999999999677e+00	nan	3.860000000000000000e+02	6.152871457146830148e-02	2.096989896280941883e-03	2.346163999548195583e-03	1.255283660864885631e+00	1.384680608112133271e+01	nan
nan	1.106171999999999935e+04	2.212344000000000310e+00	nan	3.880000000000000000e+02	5.933451225394492656e-02	2.070478111447004131e-03	2.392853268615461378e-03	1.308798786761547372e+00	1.447665327862520712e+01	nan
nan	1.109768000000000029e+04	2.219536000000000175e+00	nan	3.900000000000000000e+02	6.178453094003089063e-02	2.078180320949348479e-03	2.343081405113867262e-03	1.263266291338006386e+00	1.401935206003527945e+01	nan
nan	1.106492000000000007e+04	2.212983999999999618e+00	nan	3.920000000000000000e+02	6.257874028363404062e-02	2.121248328367149067e-03	2.322136969652869969e-03	1.255012435366142043e+00	1.388676956342644964e+01	nan
nan	1.113620000000000073e+04	2.227240000000000553e+00	nan	3.940000000000000000e+02	6.042250817975401006e-02	2.056278580687605998e-03	2.362707342643560575e-03	1.305222649819707259e+00	1.453517555789136928e+01	nan
nan	1.116139999999999964e+04	2.232279999999999820e+00	nan	3.960000000000000000e+02	6.297354387842460377e-02	2.082949994189877731e-03	2.375987995619257154e-03	1.259665917645648392e+00	1.405861554728623375e+01	nan
nan	1.120792000000000007e+04	2.241584000000000021e+00	nan	3.980000000000000000e+02	6.420888651459791263e-02	2.050101604753134209e-03	2.352528968535165695e-03	1.241535748296056063e+00	1.391541710300729662e+01	nan
nan	1.118956000000000131e+04	2.237912000000000123e+00	nan	4.000000000000000000e+02	6.480796334126352753e-02	2.026975413353323662e-03	2.388840634597167931e-03	1.234957586008549102e+00	1.381912667805347006e+01	nan
nan	1.123936000000000058e+04	2.247872000000000092e+00	nan	4.020000000000000000e+02	6.526372606733274462e-02	2.123925377963942727e-03	2.352114601857154159e-03	1.233117274158807231e+00	1.385894205886734731e+01	nan
nan	1.128452000000000044e+04	2.256903999999999577e+00	nan	4.040000000000000000e+02	6.516131239634888328e-02	2.084913213209691092e-03	2.362661176656946724e-03	1.242105778704603480e+00	1.401489288932173416e+01	nan
nan	1.133123999999999978e+04	2.266248000000000040e+00	nan	4.060000000000000000e+02	6.531862195414760153e-02	2.073714639084417270e-03	2.342204784787758724e-03	1.246725757422081138e+00	1.412375479806344813e+01	nan
nan	1.134523999999999978e+04	2.269047999999999732e+00	nan	4.080000000000000000e+02	6.441577015994880140e-02	2.066016285089415129e-03	2.325840525440044364e-03	1.271430261938673922e+00	1.442370195089439733e+01	nan
nan	1.134268000000000029e+04	2.268536000000000108e+00	nan	4.100000000000000000e+02	6.620179058432767993e-02	2.013698233668912742e-03	2.358179431736345637e-03	1.240927767627742595e+00	1.407495685570275157e+01	nan
nan	1.142331999999999971e+04	2.284664000000000250e+00	nan	4.120000000000000000e+02	6.789770285113264081e-02	2.087329856322849182e-03	2.373805316225143826e-03	1.216283155600363486e+00	1.389367462617791738e+01	nan
nan	1.141615999999999985e+04	2.283232000000000372e+00	nan	4.140000000000000000e+02	6.608550632257902124e-02	2.049726596004650993e-03	2.328350577415362350e-03	1.254392653376901867e+00	1.432021975884276799e+01	nan
nan	1.144560000000000036e+04	2.289119999999999600e+00	nan	4.160000000000000000e+02	6.850057009298324284e-02	2.100099221613665156e-03	2.353600457981277864e-03	1.216156133186698129e+00	1.391970136057006435e+01	nan
nan	1.149052000000000044e+04	2.298103999999999925e+00	nan	4.180000000000000000e+02	6.984500712222144192e-02	2.032438139510611089e-03	2.327272864723249190e-03	1.200929971187926215e+00	1.380028119769770889e+01	nan
nan	1.155088000000000102e+04	2.310175999999999785e+00	nan	4.200000000000000000e+02	6.716924691363601596e-02	2.041888536758789275e-03	2.351860944583843323e-03	1.251374387635329377e+00	1.445473515810084209e+01	nan
nan	1.151392000000000007e+04	2.302783999999999942e+00	nan	4.220000000000000000e+02	6.898802212388546740e-02	2.014134950765061188e-03	2.314303744169389932e-03	1.227995419542665445e+00	1.413934620926484698e+01	nan
nan	1.156592000000000007e+04	2.313184000000000129e+00	nan	4.240000000000000000e+02	6.835747067905686980e-02	2.009400253030734981e-03	2.385108147641498352e-03	1.241010441252905494e+00	1.435386009971821331e+01	nan
nan	1.161979999999999927e+04	2.323960000000000470e+00	nan	4.260000000000000000e+02	7.038657787756165407e-02	2.101850198026860260e-03	2.343147190014330077e-03	1.214583855830795311e+00	1.411192153529862026e+01	nan
nan	1.162243999999999869e+04	2.324488000000000110e+00	nan	4.280000000000000000e+02	7.005510888655408497e-02	2.010414968989478364e-03	2.353495866287926095e-03	1.222948395288531165e+00	1.421341845066646314e+01	nan
nan	1.164043999999999869e+04	2.328088000000000157e+00	nan	4.300000000000000000e+02	7.158228071139091653e-02	2.056578215402002970e-03	2.351677426994303564e-03	1.202782631625781251e+00	1.400061309177800162e+01	nan
nan	1.169588000000000102e+04	2.339175999999999700e+00	nan	4.320000000000000000e+02	6.955482451397984600e-02	2.044125743092953858e-03	2.340090443833513310e-03	1.243293179080644073e+00	1.454060675711770578e+01	nan
nan	1.171384000000000015e+04	2.342767999999999962e+00	nan	4.340000000000000000e+02	7.000685364966556523e-02	2.155645356311718715e-03	2.361440838606720331e-03	1.240718436432322491e+00	1.453221133610845150e+01	nan
nan	1.173976000000000022e+04	2.347952000000000261e+00	nan	4.360000000000000000e+02	7.328670278333447585e-02	2.100726777124885519e-03	2.334989242317764800e-03	1.193278378535335138e+00	1.400992404589398177e+01	nan
nan	1.181192000000000007e+04	2.362383999999999595e+00	nan	4.380000000000000000e+02	7.373484459791143641e-02	2.187859456444289381e-03	2.345382226413673422e-03	1.192334042333365929e+00	1.408126457295027834e+01	nan
nan	1.176196000000000095e+04	2.352391999999999594e+00	nan	4.400000000000000000e+02	7.451552087308301042e-02	2.055822963158348334e-03	2.349757868577685097e-03	1.182067348242859861e+00	1.390380659430127785e+01	nan
nan	1.181120000000000073e+04	2.362239999999999895e+00	nan	4.420000000000000000e+02	7.404594451030789559e-02	2.141835869130367422e-03	2.330984836445059404e-03	1.195133303640585343e+00	1.411573296647430809e+01	nan
nan	1.185356000000000131e+04	2.370712000000000153e+00	nan	4.440000000000000000e+02	7.723330713177348206e-02	2.075085672250964915e-03	2.384904613279007629e-03	1.150349349857137993e+00	1.363558841426101864e+01	nan
nan	1.186139999999999964e+04	2.372279999999999944e+00	nan	4.460000000000000000e+02	7.702113994499086569e-02	2.064953990927632065e-03	2.359679672192654780e-03	1.158752674134622129e+00	1.374385897449738003e+01	nan
nan	1.189279999999999927e+04	2.378559999999999341e+00	nan	4.480000000000000000e+02	7.497510302335286259e-02	2.061977056015103574e-03	2.329840163773952422e-03	1.196034930640857086e+00	1.422351021053692044e+01	nan
nan	1.192468000000000029e+04	2.384936000000000167e+00	nan	4.500000000000000000e+02	7.448024083407289719e-02	2.162148726830550628e-03	2.369569842149578994e-03	1.211067313450581828e+00	1.444269902562466790e+01	nan
nan	1.193471999999999935e+04	2.386944000000000177e+00	nan	4.520000000000000000e+02	7.696554149901203845e-02	2.043065405968515474e-03	2.326837186254349620e-03	1.175691674293080968e+00	1.403298978337275571e+01	nan
nan	1.195747999999999956e+04	2.391496000000000066e+00	nan	4.540000000000000000e+02	7.577513846856162583e-02	2.053789145587757436e-03	2.368139829752926966e-03	1.198719305955894265e+00	1.433333787296835382e+01	nan
nan	1.199823999999999978e+04	2.399648000000000003e+00	nan	4.560000000000000000e+02	7.954542101022525624e-02	2.165199210575687993e-03	2.341718821129604861e-03	1.147739680009052465e+00	1.377064389512960396e+01	nan
nan	1.200215999999999985e+04	2.400431999999999899e+00	nan	4.580000000000000000e+02	7.676374770035181150e-02	2.032368181598729652e-03	2.346596059799372757e-03	1.194135807237782343e+00	1.433160119840959545e+01	nan
nan	1.207139999999999964e+04	2.414279999999999760e+00	nan	4.600000000000000000e+02	7.648531925391580111e-02	2.132768522586309026e-03	2.355732411303163975e-03	1.204700012708992185e+00	1.454111443935227577e+01	nan
nan	1.207779999999999927e+04	2.415560000000000151e+00	nan	4.620000000000000000e+02	7.968675882091702523e-02	2.164986565702699782e-03	2.351204679097630527e-03	1.163111600460777328e+00	1.404662023532740101e+01	nan
nan	1.210915999999999985e+04	2.421831999999999763e+00	nan	4.640000000000000000e+02	7.787983059350153670e-02	2.059561545785499378e-03	2.368988529646307104e-03	1.192881487594694701e+00	1.444535825592437028e+01	nan
nan	1.212315999999999985e+04	2.424631999999999898e+00	nan	4.660000000000000000e+02	7.954551993238055674e-02	2.025901082326888453e-03	2.333526111429895522e-03	1.175006171453327086e+00	1.424411571944126820e+01	nan
nan	1.215996000000000095e+04	2.431992000000000154e+00	nan	4.680000000000000000e+02	8.461952130497593649e-02	2.194163696488732850e-03	2.336018215374561970e-03	1.106584934346012350e+00	1.345534059984843545e+01	nan
nan	1.218328000000000065e+04	2.436656000000000155e+00	nan	4.700000000000000000e+02	8.113998590959455026e-02	2.020016255520017817e-03	2.379779398900196130e-03	1.158732147071346752e+00	1.411722837335616454e+01	nan
nan	1.221439999999999964e+04	2.442880000000000162e+00	nan	4.720000000000000000e+02	8.201488626202262100e-02	2.185470381170273851e-03	2.316673027298760037e-03	1.153396802380298958e+00	1.408807061792020932e+01	nan
nan	1.223215999999999985e+04	2.446431999999999718e+00	nan	4.740000000000000000e+02	8.293217772343268457e-02	2.095905478667061620e-03	2.332850395380268917e-03	1.146516304532705144e+00	1.402429658095757681e+01	nan
nan	1.227831999999999971e+04	2.455664000000000069e+00	nan	4.760000000000000000e+02	8.246331966856815243e-02	2.064032164248012259e-03	2.370923816313888922e-03	1.158206418800216131e+00	1.422340745328610367e+01	nan
nan	1.230928000000000065e+04	2.461855999999999600e+00	nan	4.780000000000000000e+02	8.346608112196918228e-02	2.117342254801208700e-03	2.346143057555958450e-03	1.146535710822117249e+00	1.411195767412234225e+01	nan
nan	1.231431999999999971e+04	2.462863999999999720e+00	nan	4.800000000000000000e+02	8.362958139699913640e-02	2.050187522725741788e-03	2.361829261100165112e-03	1.149768090468205273e+00	1.415891412945560646e+01	nan
nan	1.235668000000000029e+04	2.471335999999999977e+00	nan	4.820000000000000000e+02	8.862949980844860021e-02	2.039986046714435848e-03	2.349314600555606897e-03	1.088909773250509083e+00	1.345468426488572433e+01	nan
nan	1.237011999999999898e+04	2.474024000000000001e+00	nan	4.840000000000000000e+02	8.190519493762622727e-02	1.987602931826739673e-03	2.367488125712631335e-03	1.182780492057671662e+00	1.463101896783165934e+01	nan
nan	1.238800000000000000e+04	2.477599999999999802e+00	nan	4.860000000000000000e+02	8.370514435428048905e-02	2.118527785020705816e-03	2.343171258893898302e-03	1.162633934456312135e+00	1.440252448167120392e+01	nan
nan	1.242328000000000065e+04	2.484656000000000198e+00	nan	4.880000000000000000e+02	8.767699120322504369e-02	2.050800531392509615e-03	2.374898583592056477e-03	1.113976018329876583e+00	1.384008042310752629e+01	nan
nan	1.247303999999999905e+04	2.494608000000000381e+00	nan	4.900000000000000000e+02	8.618506173081186272e-02	2.154643192646993333e-03	2.318059678460553715e-03	1.138691056998076601e+00	1.420144385890522543e+01	nan
nan	1.245163999999999942e+04	2.490327999999999875e+00	nan	4.920000000000000000e+02	8.594010329083176525e-02	2.170085000799858860e-03	2.353555276468847178e-03	1.146955978759774286e+00	1.428115185458553604e+01	nan
nan	1.251996000000000095e+04	2.503992000000000218e+00	nan	4.940000000000000000e+02	8.926380691946178558e-02	2.089174069453209742e-03	2.351837694863116984e-03	1.107487723764994936e+00	1.386583391133844678e+01	nan
nan	1.254356000000000131e+04	2.508712000000000053e+00	nan	4.960000000000000000e+02	8.862822193417742300e-02	2.134611869049271148e-03	2.368311732783297697e-03	1.121461757666316394e+00	1.406766254789507187e+01	nan
nan	1.256328000000000065e+04	2.512656000000000223e+00	nan	4.980000000000000000e+02	8.847808061904288701e-02	2.164356486307490897e-03	2.296347749636277330e-03	1.128153075194721744e+00	1.417373775630498400e+01	nan
nan	1.257963999999999942e+04	2.515928000000000164e+00	nan	5.000000000000000000e+02	9.135305486126525654e-02	1.985933263684439790e-03	2.343993640513168490e-03	1.095498363641006723e+00	1.378200534010597345e+01	nan
nan	1.264592000000000007e+04	2.529183999999999877e+00	nan	5.020000000000000000e+02	8.832951942264116729e-02	2.075783517947906668e-03	2.349342448657444887e-03	1.137739743042924356e+00	1.438676382543266286e+01	nan
nan	1.261456000000000131e+04	2.522912000000000265e+00	nan	5.040000000000000000e+02	8.958228045252326910e-02	2.020678891349926305e-03	2.344726011747622074e-03	1.128248753523634296e+00	1.422801275458362191e+01	nan
nan	1.266884000000000015e+04	2.533768000000000242e+00	nan	5.060000000000000000e+02	9.194924250410621558e-02	2.179866902832849635e-03	2.363498986634183542e-03	1.102949929458247436e+00	1.397344005662887945e+01	nan
nan	1.266100000000000000e+04	2.532200000000000450e+00	nan	5.080000000000000000e+02	8.899683044082848382e-02	2.068899441308208638e-03	2.355682831929564736e-03	1.143336695958994564e+00	1.447604451937372971e+01	nan
nan	1.270607999999999993e+04	2.541215999999999919e+00	nan	5.100000000000000000e+02	8.828729134094828734e-02	2.146841847467728399e-03	2.345149677063223560e-03	1.155816667744050896e+00	1.468482758395526311e+01	nan
