# SourcePhotonFlux	NumberRaysSurvived	PercentageRaysSurvived	PhotonFlux	PhotonEnergy	Bandwidth	HorizontalFocusFWHM	VerticalFocusFWHM	EnergyPerMilPerBw	FluxPerMilPerBwPerc	FluxPerMilPerBwAbs
nan	2.388599999999999909e+03	4.777199999999999780e-01	nan	5.000000000000000000e+01	2.013548412442389690e-03	1.113153521854728586e-02	1.172319944222159974e-02	2.500665659501080285e+01	1.193781875372978618e+01	nan
nan	3.097400000000000091e+03	6.194800000000000306e-01	nan	6.000000000000000000e+01	2.386939079707417564e-03	1.124525888874743432e-02	1.164658148152462533e-02	2.525305375994303603e+01	1.564243488385992364e+01	nan
nan	3.741800000000000182e+03	7.483599999999999142e-01	nan	7.000000000000000000e+01	2.961368333265568167e-03	1.193082901408228091e-02	1.159690139341075163e-02	2.368895920594268034e+01	1.772931108077413853e+01	nan
nan	4.466600000000000364e+03	8.933199999999998919e-01	nan	8.000000000000000000e+01	3.560508778821258775e-03	1.063458375382754853e-02	1.153650037289409222e-02	2.250636958501810270e+01	2.010540615794884189e+01	nan
nan	5.254199999999999818e+03	1.050839999999999996e+00	nan	9.000000000000000000e+01	4.226671365043443811e-03	1.085306823908525030e-02	1.147436075840436130e-02	2.136734390046563803e+01	2.245691194584421879e+01	nan
nan	5.901000000000000000e+03	1.180199999999999916e+00	nan	1.000000000000000000e+02	4.542115575904404241e-03	1.119464865003505852e-02	1.143907672577855646e-02	2.207285841008044969e+01	2.606055391985209368e+01	nan
nan	6.708600000000000364e+03	1.341720000000000024e+00	nan	1.100000000000000000e+02	5.098524796869697076e-03	1.058655006904274734e-02	1.169207210482540657e-02	2.163909129835928979e+01	2.902655136672782277e+01	nan
nan	7.356600000000000364e+03	1.471319999999999961e+00	nan	1.200000000000000000e+02	5.851216707290518917e-03	1.063287754007210748e-02	1.151974590174369498e-02	2.065110471931437530e+01	3.038257318191036305e+01	nan
nan	8.083600000000000364e+03	1.616720000000000157e+00	nan	1.300000000000000000e+02	6.461186056134238589e-03	1.059043262975076574e-02	1.159228433303259760e-02	2.025178505924385419e+01	3.274616650406367313e+01	nan
nan	8.754799999999999272e+03	1.750960000000000294e+00	nan	1.400000000000000000e+02	7.161296663502981011e-03	1.074930531423468928e-02	1.168934125514845337e-02	1.961363991970718601e+01	3.433658461506771431e+01	nan
nan	9.295799999999999272e+03	1.859159999999999924e+00	nan	1.500000000000000000e+02	7.709991372581726128e-03	1.060018938079257400e-02	1.154935296642571954e-02	1.951128020983358624e+01	3.629229341333979875e+01	nan
nan	1.008460000000000036e+04	2.016919999999999824e+00	nan	1.600000000000000000e+02	8.809006150255527939e-03	1.038800507641709017e-02	1.156430693827668887e-02	1.821717291267212246e+01	3.675638639074642100e+01	nan
nan	1.068539999999999964e+04	2.137079999999999647e+00	nan	1.700000000000000000e+02	8.959672616373381276e-03	1.037303244135497592e-02	1.154672528334229308e-02	1.898550234075669962e+01	4.056998154157120240e+01	nan
nan	1.127979999999999927e+04	2.255959999999999965e+00	nan	1.800000000000000000e+02	1.016349071265381168e-02	1.081484239602063108e-02	1.166748271618919461e-02	1.776704962876926430e+01	4.008696092428483837e+01	nan
nan	1.186660000000000036e+04	2.373320000000000096e+00	nan	1.900000000000000000e+02	1.073606930823984770e-02	1.081103535306763251e-02	1.160897186989126584e-02	1.776390595063262623e+01	4.215894716005917786e+01	nan
nan	1.241900000000000000e+04	2.483799999999999564e+00	nan	2.000000000000000000e+02	1.130385381222254182e-02	1.043509834905722612e-02	1.161382078447761694e-02	1.782582821756967562e+01	4.427844476250898964e+01	nan
nan	1.307439999999999964e+04	2.614879999999999871e+00	nan	2.100000000000000000e+02	1.254089040120334210e-02	1.051142650677770740e-02	1.163561196143240127e-02	1.681591615770784998e+01	4.396997978823871733e+01	nan
nan	1.362720000000000073e+04	2.725439999999999863e+00	nan	2.200000000000000000e+02	1.283479208543667448e-02	1.059719726829049836e-02	1.136814056773841411e-02	1.716430990599669926e+01	4.677562413383730444e+01	nan
nan	1.407539999999999964e+04	2.815079999999999583e+00	nan	2.300000000000000000e+02	1.454467651835784567e-02	1.059434933515873180e-02	1.176765909530115561e-02	1.584798537755999881e+01	4.461122340695528976e+01	nan
nan	1.469279999999999927e+04	2.938559999999999839e+00	nan	2.400000000000000000e+02	1.479954322661001208e-02	1.063461608312500986e-02	1.150391274818364333e-02	1.625051360485895557e+01	4.775676772999666753e+01	nan
nan	1.527020000000000073e+04	3.054040000000000088e+00	nan	2.500000000000000000e+02	1.544735071944387458e-02	1.059130888322966889e-02	1.160675078536193075e-02	1.620735653214325467e+01	4.950933170979900666e+01	nan
nan	1.572260000000000036e+04	3.144519999999999982e+00	nan	2.600000000000000000e+02	1.687013094601752528e-02	1.054364184934822660e-02	1.175682981111788802e-02	1.542828333003696528e+01	4.852031099533225245e+01	nan
nan	1.626020000000000073e+04	3.252040000000000042e+00	nan	2.700000000000000000e+02	1.751369634307593445e-02	1.070591623488000368e-02	1.166812318468434320e-02	1.543733060704200000e+01	5.020884302861289683e+01	nan
nan	1.671120000000000073e+04	3.342240000000000322e+00	nan	2.800000000000000000e+02	1.817642088828961416e-02	1.048537721843433371e-02	1.158877512457069311e-02	1.542005948696579409e+01	5.153827083049058899e+01	nan
nan	1.727640000000000146e+04	3.455279999999999685e+00	nan	2.900000000000000000e+02	1.808048665105843611e-02	1.045902471714838314e-02	1.151498195223533624e-02	1.609035944580319466e+01	5.559911434465340108e+01	nan
nan	1.766400000000000000e+04	3.532800000000000384e+00	nan	3.000000000000000000e+02	2.037848184103268137e-02	1.048921263969042859e-02	1.166202009065801272e-02	1.474087433852404772e+01	5.207905469780372698e+01	nan
nan	1.818240000000000146e+04	3.636479999999999713e+00	nan	3.100000000000000000e+02	2.172240355178018875e-02	1.092522436625708616e-02	1.174522226060312549e-02	1.429814818409969845e+01	5.200607094078395676e+01	nan
nan	1.861379999999999927e+04	3.722759999999999625e+00	nan	3.200000000000000000e+02	2.156723785838039406e-02	1.064839266900589713e-02	1.153335304627023036e-02	1.485280481878300485e+01	5.528945370961162098e+01	nan
nan	1.912820000000000073e+04	3.825639999999999930e+00	nan	3.300000000000000000e+02	2.375762619014949381e-02	1.020867771341766282e-02	1.181565239917534149e-02	1.395700067946160949e+01	5.339635644223816513e+01	nan
nan	1.960079999999999927e+04	3.920160000000000533e+00	nan	3.400000000000000000e+02	2.425011674008601542e-02	1.004876159958782711e-02	1.161364583195407564e-02	1.410361641564238155e+01	5.527303139463795389e+01	nan
nan	1.986979999999999927e+04	3.973959999999999493e+00	nan	3.500000000000000000e+02	2.370445586075220490e-02	1.085398349972790943e-02	1.167758617652690269e-02	1.481709095914165708e+01	5.887614181988369921e+01	nan
nan	2.037459999999999854e+04	4.074919999999999654e+00	nan	3.600000000000000000e+02	2.541764238366113135e-02	1.033156442400339457e-02	1.165409039793397286e-02	1.419055216459364566e+01	5.782543264157720841e+01	nan
nan	2.087700000000000000e+04	4.175400000000000666e+00	nan	3.700000000000000000e+02	2.790485614939370793e-02	1.062856705218732413e-02	1.169327181792051071e-02	1.330027200746942206e+01	5.553772293342202460e+01	nan
nan	2.130659999999999854e+04	4.261319999999999553e+00	nan	3.800000000000000000e+02	2.721945679386408162e-02	1.047764375661277246e-02	1.175310734172343823e-02	1.396573511909900489e+01	5.951212377337189707e+01	nan
nan	2.161959999999999854e+04	4.323920000000000208e+00	nan	3.900000000000000000e+02	2.983057965723219171e-02	1.070134828851545226e-02	1.176304890461332166e-02	1.310297276425529489e+01	5.666197966505190919e+01	nan
nan	2.201720000000000073e+04	4.403440000000000687e+00	nan	4.000000000000000000e+02	2.938185300204167877e-02	1.047996445213620134e-02	1.144617854651137738e-02	1.363298732550798320e+01	6.002782885606366392e+01	nan
nan	2.240220000000000073e+04	4.480439999999999756e+00	nan	4.100000000000000000e+02	3.141711285622932059e-02	9.926545903120056330e-03	1.159014543882445555e-02	1.307082422831917867e+01	5.855814000543745124e+01	nan
nan	2.280520000000000073e+04	4.561040000000000205e+00	nan	4.200000000000000000e+02	3.113612076479057439e-02	1.038521501615403617e-02	1.184186629858675552e-02	1.349564627865296629e+01	6.155376921163237824e+01	nan
nan	2.320520000000000073e+04	4.641039999999999388e+00	nan	4.300000000000000000e+02	3.329610891927359262e-02	1.103200845432959418e-02	1.141642347919585507e-02	1.298655934182075988e+01	6.027535716597721915e+01	nan
nan	2.362340000000000146e+04	4.724680000000000213e+00	nan	4.400000000000000000e+02	3.539938856217759305e-02	1.080012886870565861e-02	1.149430127643496710e-02	1.246247244666428955e+01	5.886045488161340700e+01	nan
nan	2.387559999999999854e+04	4.775119999999999365e+00	nan	4.500000000000000000e+02	3.576757859854069743e-02	1.001912546902707785e-02	1.174320297833197045e-02	1.262558450964716883e+01	6.028355620339763021e+01	nan
nan	2.420220000000000073e+04	4.840440000000000076e+00	nan	4.600000000000000000e+02	3.713910128018369644e-02	9.896214493860782530e-03	1.172510833636911456e-02	1.242781142028557184e+01	6.016802820894628212e+01	nan
nan	2.462940000000000146e+04	4.925880000000001147e+00	nan	4.700000000000000000e+02	3.803812470208640939e-02	1.044192248238307898e-02	1.153526109113141643e-02	1.238230145937708571e+01	6.099086905864324848e+01	nan
nan	2.526940000000000146e+04	5.053879999999999484e+00	nan	4.800000000000000000e+02	3.926098466967005429e-02	1.019172225177516697e-02	1.175085256691829269e-02	1.223899157188617082e+01	6.185444142838374404e+01	nan
nan	2.535220000000000073e+04	5.070439999999999614e+00	nan	4.900000000000000000e+02	3.958948987769872474e-02	1.052327877097555472e-02	1.181767916054771682e-02	1.238333822890098368e+01	6.279002858764865636e+01	nan
nan	2.568120000000000073e+04	5.136239999999999029e+00	nan	5.000000000000000000e+02	4.143215242837641060e-02	1.026296089209702798e-02	1.168611480392890700e-02	1.207466232064459533e+01	6.202232002225970575e+01	nan
nan	2.595940000000000146e+04	5.191880000000000273e+00	nan	5.100000000000000000e+02	4.138773980805580954e-02	1.039558872168307516e-02	1.177568235457399949e-02	1.235933194717556205e+01	6.417280075035486675e+01	nan
nan	2.629120000000000073e+04	5.258240000000000691e+00	nan	5.200000000000000000e+02	4.390911615284949499e-02	1.054848746342994595e-02	1.164423041572706582e-02	1.184267210077112686e+01	6.227191113745544726e+01	nan
nan	2.664459999999999854e+04	5.328920000000000101e+00	nan	5.300000000000000000e+02	4.589011774544360378e-02	1.006190351466392310e-02	1.155756725904756241e-02	1.157720380515719327e+01	6.167050479260316109e+01	nan
nan	2.708159999999999854e+04	5.416319999999999801e+00	nan	5.400000000000000000e+02	4.743034154216729803e-02	1.057947506373534650e-02	1.180129079189935412e-02	1.143042457046214544e+01	6.189571955004670656e+01	nan
nan	2.732479999999999927e+04	5.464959999999999596e+00	nan	5.500000000000000000e+02	4.805746136473772190e-02	1.024934801350925462e-02	1.163446506023651204e-02	1.145363590305850110e+01	6.259604563095629004e+01	nan
nan	2.753679999999999927e+04	5.507360000000000255e+00	nan	5.600000000000000000e+02	5.025268635249631466e-02	1.035263543259032012e-02	1.165534180699150449e-02	1.118922435874093324e+01	6.160810118002861913e+01	nan
nan	2.802079999999999927e+04	5.604160000000000252e+00	nan	5.700000000000000000e+02	4.896831113733242369e-02	1.030184384466521254e-02	1.162847329391228021e-02	1.166696781224639423e+01	6.537146218223108463e+01	nan
nan	2.816700000000000000e+04	5.633399999999999075e+00	nan	5.800000000000000000e+02	5.196358548223543178e-02	1.071343221215664311e-02	1.166345613815367686e-02	1.117363603561064167e+01	6.293537313318811499e+01	nan
nan	2.859540000000000146e+04	5.719079999999999941e+00	nan	5.900000000000000000e+02	5.518301272365988552e-02	1.035615494303031639e-02	1.182767950885134194e-02	1.070444692899684291e+01	6.121674231049506432e+01	nan
nan	2.901800000000000000e+04	5.803600000000000314e+00	nan	6.000000000000000000e+02	5.451085852960204509e-02	1.007824285015026730e-02	1.178586007945339395e-02	1.100922529595143118e+01	6.389143604317407465e+01	nan
nan	2.924720000000000073e+04	5.849439999999999529e+00	nan	6.100000000000000000e+02	5.529791633614422608e-02	1.048929026690209078e-02	1.171947943374643253e-02	1.105138553430288972e+01	6.464316759106134214e+01	nan
nan	2.943259999999999854e+04	5.886519999999999975e+00	nan	6.200000000000000000e+02	5.699422689883704152e-02	1.058434767020272407e-02	1.172762362558396609e-02	1.090145274995628810e+01	6.415948037939165260e+01	nan
nan	2.978479999999999927e+04	5.956959999999999589e+00	nan	6.300000000000000000e+02	5.860238894033500262e-02	1.040736150757370568e-02	1.156674195182624820e-02	1.076174207109312952e+01	6.411812034405035376e+01	nan
nan	3.005820000000000073e+04	6.011639999999999873e+00	nan	6.400000000000000000e+02	6.051246105676000298e-02	1.065370298360550014e-02	1.178243374868992444e-02	1.058308382024380556e+01	6.362101860098603368e+01	nan
nan	3.035679999999999927e+04	6.071360000000000312e+00	nan	6.500000000000000000e+02	6.137178058752397469e-02	1.104916804308450629e-02	1.163548019589248639e-02	1.060123787669267337e+01	6.436522295824444484e+01	nan
nan	3.070979999999999927e+04	6.141960000000000086e+00	nan	6.600000000000000000e+02	6.295501238080306039e-02	1.076294177177402646e-02	1.170474167655910849e-02	1.048786647955077989e+01	6.441875157696593135e+01	nan
nan	3.085979999999999927e+04	6.171959999999999447e+00	nan	6.700000000000000000e+02	6.111802455848192039e-02	1.085648004249832599e-02	1.193046441061731966e-02	1.097989697677842891e+01	6.776325953296569082e+01	nan
nan	3.118459999999999854e+04	6.236919999999999575e+00	nan	6.800000000000000000e+02	6.505348927137219461e-02	1.062384613617246322e-02	1.181455531389400369e-02	1.045803199418898188e+01	6.522468391224887796e+01	nan
nan	3.150940000000000146e+04	6.301879999999999704e+00	nan	6.900000000000000000e+02	6.678595464161389550e-02	1.035223482109253433e-02	1.168636797275580952e-02	1.038458408026100344e+01	6.544598936414726609e+01	nan
nan	3.174420000000000073e+04	6.348840000000000039e+00	nan	7.000000000000000000e+02	6.542036286225538788e-02	1.057331031136078334e-02	1.170194095602780475e-02	1.074038933711052657e+01	6.820120817775386968e+01	nan
nan	3.198120000000000073e+04	6.396240000000000592e+00	nan	7.100000000000000000e+02	6.897700322801939010e-02	1.058689911434036734e-02	1.171622472768997850e-02	1.030520116537981501e+01	6.591369495550138424e+01	nan
nan	3.226940000000000146e+04	6.453879999999999839e+00	nan	7.200000000000000000e+02	7.146144669652584880e-02	1.090598407603344047e-02	1.158228562359860103e-02	1.008600409860168767e+01	6.508300935664780695e+01	nan
nan	3.252720000000000073e+04	6.505440000000000111e+00	nan	7.300000000000000000e+02	7.241703319737098632e-02	1.026658293139747977e-02	1.166374732072670770e-02	1.008092719366266188e+01	6.558196200712669111e+01	nan
nan	3.295480000000000291e+04	6.590959999999999930e+00	nan	7.400000000000000000e+02	7.487594128310774699e-02	1.024019537024355511e-02	1.178187349885137861e-02	9.905287811068475889e+00	6.529308631112463956e+01	nan
nan	3.315840000000000146e+04	6.631680000000000241e+00	nan	7.500000000000000000e+02	7.821241329170333656e-02	1.081723159834963553e-02	1.163416098460350913e-02	9.596111211356072701e+00	6.363467639189104830e+01	nan
nan	3.342200000000000000e+04	6.684400000000001008e+00	nan	7.600000000000000000e+02	7.832890657825827829e-02	1.074113372613487438e-02	1.166476471647433233e-02	9.733845783396661844e+00	6.506923361326187205e+01	nan
nan	3.359440000000000146e+04	6.718880000000000408e+00	nan	7.700000000000000000e+02	8.036060622414424592e-02	1.020796920212335181e-02	1.171718224204585865e-02	9.587145390415427570e+00	6.442040348208209366e+01	nan
nan	3.373980000000000291e+04	6.747960000000000846e+00	nan	7.800000000000000000e+02	8.047104833708544624e-02	1.043013281748719247e-02	1.175550659040600077e-02	9.702407981482753740e+00	6.546354960566816317e+01	nan
nan	3.406140000000000146e+04	6.812279999999999447e+00	nan	7.900000000000000000e+02	8.040222047827683127e-02	1.086339847004093480e-02	1.179903764223635444e-02	9.839370351644069146e+00	6.703082926771239158e+01	nan
nan	3.438119999999999709e+04	6.876240000000000130e+00	nan	8.000000000000000000e+02	8.049337885563545569e-02	1.087939206930334593e-02	1.151461962801150762e-02	9.949986424146681330e+00	6.841944820730807919e+01	nan
nan	3.458640000000000146e+04	6.917279999999999873e+00	nan	8.100000000000000000e+02	8.340554480678293026e-02	1.009146203729734473e-02	1.170679800466301566e-02	9.739314880719414091e+00	6.737500622147524609e+01	nan
nan	3.491840000000000146e+04	6.983679999999999666e+00	nan	8.200000000000000000e+02	8.729350715866530941e-02	1.009983925506808058e-02	1.167877435365979530e-02	9.417183538214825234e+00	6.576939536133275510e+01	nan
nan	3.507000000000000000e+04	7.014000000000000234e+00	nan	8.300000000000000000e+02	8.722866522755338969e-02	1.000784557474355962e-02	1.180388324403627322e-02	9.520228880732542365e+00	6.676839151412693241e+01	nan
nan	3.536600000000000000e+04	7.073199999999999932e+00	nan	8.400000000000000000e+02	9.293367691625462057e-02	9.808896325618446377e-03	1.174938822821598727e-02	9.039433845879273122e+00	6.393977987404724672e+01	nan
nan	3.556600000000000000e+04	7.113200000000000855e+00	nan	8.500000000000000000e+02	8.974216257724947077e-02	1.028339580673342211e-02	1.156211307012510424e-02	9.494838194935827147e+00	6.754161690828861708e+01	nan
nan	3.588380000000000291e+04	7.176759999999999806e+00	nan	8.600000000000000000e+02	9.281560259544222036e-02	1.059586780373903726e-02	1.176469325262839358e-02	9.278860690374148845e+00	6.659760948153244442e+01	nan
nan	3.611340000000000146e+04	7.222679999999999545e+00	nan	8.700000000000000000e+02	9.317799833293065326e-02	1.031674049129882934e-02	1.170049610052243533e-02	9.338155156571312787e+00	6.744467490333239823e+01	nan
nan	3.619600000000000000e+04	7.239200000000001189e+00	nan	8.800000000000000000e+02	9.558825525521115474e-02	1.048990802698923988e-02	1.146835195902240305e-02	9.221843003442455000e+00	6.675443262598687966e+01	nan
nan	3.655400000000000000e+04	7.310799999999998633e+00	nan	8.900000000000000000e+02	9.565006610687305788e-02	1.036374601505145321e-02	1.180162152278156282e-02	9.307091507827887966e+00	6.804210760868018326e+01	nan
nan	3.673019999999999709e+04	7.346039999999999459e+00	nan	9.000000000000000000e+02	9.849358830467735970e-02	1.080999973820501343e-02	1.180300098138882363e-02	9.173648672500110735e+00	6.739645213849459537e+01	nan
nan	3.703180000000000291e+04	7.406360000000001165e+00	nan	9.100000000000000000e+02	1.012513394812458445e-01	1.040713718804537648e-02	1.166966504108929957e-02	9.014973799924650422e+00	6.675950490965948347e+01	nan
nan	3.736100000000000000e+04	7.472199999999999065e+00	nan	9.200000000000000000e+02	9.826117778902698774e-02	1.060909406468734870e-02	1.158214734610268394e-02	9.365613190606245198e+00	6.998006852803295885e+01	nan
nan	3.739500000000000000e+04	7.479000000000000981e+00	nan	9.300000000000000000e+02	1.029065443927947854e-01	1.027246649208178424e-02	1.187054678704324573e-02	9.045107444913110584e+00	6.764783130127324284e+01	nan
nan	3.765840000000000146e+04	7.531679999999999708e+00	nan	9.400000000000000000e+02	1.040735517539133070e-01	1.074405869301648178e-02	1.165794938393683276e-02	9.055558609022085648e+00	6.820853289089873783e+01	nan
nan	3.795380000000000291e+04	7.590760000000000396e+00	nan	9.500000000000000000e+02	1.066123512037393112e-01	1.074690764804930344e-02	1.166334520021881579e-02	8.911744255650997815e+00	6.764891115938578992e+01	nan
nan	3.811319999999999709e+04	7.622639999999999638e+00	nan	9.600000000000000000e+02	1.073350022337308529e-01	1.005581903209630708e-02	1.163063920669509324e-02	8.951288022441731940e+00	6.823841253427724496e+01	nan
nan	3.836440000000000146e+04	7.672880000000001033e+00	nan	9.700000000000000000e+02	1.078676106708371663e-01	9.940975290756713309e-03	1.173569223379529632e-02	9.007994735529187835e+00	6.912543363497206883e+01	nan
nan	3.864859999999999854e+04	7.729720000000000368e+00	nan	9.800000000000000000e+02	1.121504706855603190e-01	1.041689518577721893e-02	1.149633197674696655e-02	8.753630580044523768e+00	6.765602432787025577e+01	nan
nan	3.869640000000000146e+04	7.739280000000000825e+00	nan	9.900000000000000000e+02	1.119568088479354628e-01	1.022515117200441422e-02	1.176583100428854264e-02	8.845627850841015771e+00	6.845512240336580589e+01	nan
nan	3.895280000000000291e+04	7.790559999999999263e+00	nan	1.000000000000000000e+03	1.139270464486571710e-01	1.013266948139613516e-02	1.159175785690344344e-02	8.787636427707136377e+00	6.846289482859387476e+01	nan
nan	3.913980000000000291e+04	7.827960000000000029e+00	nan	1.010000000000000000e+03	1.188507275263873397e-01	1.060988854637828424e-02	1.161856400302509369e-02	8.508672332778065339e+00	6.660512596651336992e+01	nan
nan	3.942740000000000146e+04	7.885480000000001155e+00	nan	1.020000000000000000e+03	1.159629932404186575e-01	1.049474497232242426e-02	1.167689682976305078e-02	8.822863546814684099e+00	6.957269182608648350e+01	nan
nan	3.963900000000000000e+04	7.927800000000000402e+00	nan	1.030000000000000000e+03	1.204240632815526679e-01	1.076102203090369483e-02	1.162559785271837821e-02	8.581727633370997310e+00	6.803660600407729930e+01	nan
nan	3.983040000000000146e+04	7.966079999999999828e+00	nan	1.040000000000000000e+03	1.208925923649076112e-01	1.054829091129081374e-02	1.161737397352061163e-02	8.604593377833019474e+00	6.854339513144699936e+01	nan
nan	4.014440000000000146e+04	8.028879999999999129e+00	nan	1.050000000000000000e+03	1.224360081670511080e-01	1.000329064178722381e-02	1.170957296198004913e-02	8.582011629749718651e+00	6.890129729084048904e+01	nan
nan	4.027040000000000146e+04	8.054080000000000794e+00	nan	1.060000000000000000e+03	1.222732044703207094e-01	1.079756758510195570e-02	1.164376901333993505e-02	8.681577389506532683e+00	6.992418927743942447e+01	nan
nan	4.052219999999999709e+04	8.104440000000000310e+00	nan	1.070000000000000000e+03	1.260083731595841583e-01	1.016386247520919064e-02	1.173365679287368193e-02	8.513872936832814986e+00	6.900451076942462691e+01	nan
nan	4.071959999999999854e+04	8.143919999999999604e+00	nan	1.080000000000000000e+03	1.231855008354159481e-01	1.054183142752719918e-02	1.159368824486612867e-02	8.773515774997241223e+00	7.144508192635660748e+01	nan
nan	4.099180000000000291e+04	8.198359999999999204e+00	nan	1.090000000000000000e+03	1.293718059839648049e-01	1.040924969203768993e-02	1.157922929675635551e-02	8.427108433134705479e+00	6.908654094953294589e+01	nan
nan	4.126140000000000146e+04	8.252280000000000726e+00	nan	1.100000000000000000e+03	1.285969122961432842e-01	1.072926465017952011e-02	1.184823496653143564e-02	8.566878064219297428e+00	7.070216715551880782e+01	nan
nan	4.124700000000000000e+04	8.249399999999999622e+00	nan	1.110000000000000000e+03	1.309218723788944660e-01	1.035062445680035373e-02	1.183965374220418212e-02	8.505919653162502314e+00	7.016056977843872744e+01	nan
nan	4.131080000000000291e+04	8.262160000000001503e+00	nan	1.120000000000000000e+03	1.361748125908888996e-01	1.011822162637568585e-02	1.170339190340751422e-02	8.232450103349009396e+00	6.801403068150997910e+01	nan
nan	4.155040000000000146e+04	8.310080000000001021e+00	nan	1.130000000000000000e+03	1.402154728961249874e-01	1.022541090631801791e-02	1.190535769370217566e-02	8.071303403569121571e+00	6.706690319992658544e+01	nan
nan	4.187480000000000291e+04	8.374959999999999738e+00	nan	1.140000000000000000e+03	1.381495959070889457e-01	1.029275698920463673e-02	1.187710225241430349e-02	8.275990831701616202e+00	6.930030968205258546e+01	nan
nan	4.197000000000000000e+04	8.394000000000000128e+00	nan	1.150000000000000000e+03	1.398116692732401245e-01	1.044551355257808400e-02	1.159754263992146019e-02	8.235218550070079857e+00	6.912358758790189484e+01	nan
nan	4.226400000000000000e+04	8.452799999999999869e+00	nan	1.160000000000000000e+03	1.489549381751203438e-01	9.965959391013764698e-03	1.162547979688340408e-02	7.797084678500183941e+00	6.590737997839237039e+01	nan
nan	4.240059999999999854e+04	8.480119999999999436e+00	nan	1.170000000000000000e+03	1.419390043437033511e-01	1.036224479331596983e-02	1.181679180751904652e-02	8.247190291983645949e+00	6.993401510929702170e+01	nan
nan	4.248780000000000291e+04	8.497560000000000002e+00	nan	1.180000000000000000e+03	1.395528200553144416e-01	1.048202581383404254e-02	1.176422634613615535e-02	8.470038524229739352e+00	7.198669866998265832e+01	nan
nan	4.289359999999999854e+04	8.578720000000000567e+00	nan	1.190000000000000000e+03	1.496159573702698364e-01	1.030440496468114364e-02	1.168753102130119445e-02	7.958948032714157073e+00	6.827607645999606234e+01	nan
nan	4.312940000000000146e+04	8.625879999999998660e+00	nan	1.200000000000000000e+03	1.481497400082389393e-01	1.024649529466444518e-02	1.175894135974731372e-02	8.128632970274011882e+00	7.010856111651040123e+01	nan
nan	4.313180000000000291e+04	8.626360000000000028e+00	nan	1.210000000000000000e+03	1.519355421612090251e-01	1.038474290200407622e-02	1.169555996249357042e-02	7.982227975994275582e+00	6.884732954265216165e+01	nan
nan	4.353859999999999854e+04	8.707719999999998350e+00	nan	1.220000000000000000e+03	1.566163811056867361e-01	1.055707655721459942e-02	1.180557666275635319e-02	7.803251295128345255e+00	6.794709466625047867e+01	nan
nan	4.367059999999999854e+04	8.734120000000000772e+00	nan	1.230000000000000000e+03	1.595327276392254079e-01	1.013160389431468598e-02	1.153021871785613398e-02	7.718445952869944726e+00	6.741772830569308894e+01	nan
nan	4.375719999999999709e+04	8.751440000000000552e+00	nan	1.240000000000000000e+03	1.557282749298792568e-01	1.078913605505063891e-02	1.174243090388081036e-02	7.978845036773305033e+00	6.982764634755828581e+01	nan
nan	4.420819999999999709e+04	8.841639999999999944e+00	nan	1.250000000000000000e+03	1.532611323970286266e-01	1.089642522403319602e-02	1.171934689520430853e-02	8.159526893676696702e+00	7.214046725268481453e+01	nan
nan	4.427380000000000291e+04	8.854760000000000630e+00	nan	1.260000000000000000e+03	1.582485996368177550e-01	1.033773457568635742e-02	1.163258961920353267e-02	7.975316453233385339e+00	7.061781232531312469e+01	nan
nan	4.429419999999999709e+04	8.858840000000000714e+00	nan	1.270000000000000000e+03	1.598570828244191833e-01	1.034558490914637592e-02	1.175159607126164199e-02	7.966276533128088033e+00	7.056174279270707927e+01	nan
nan	4.446759999999999854e+04	8.893520000000000536e+00	nan	1.280000000000000000e+03	1.590943526151477327e-01	1.048135333404366133e-02	1.179476536093356995e-02	8.058351963239768878e+00	7.166177548743229409e+01	nan
nan	4.459880000000000291e+04	8.919760000000000133e+00	nan	1.290000000000000000e+03	1.658092911639869327e-01	1.063085372082022036e-02	1.183480941620176051e-02	7.795599155330807051e+00	6.952279623846104073e+01	nan
nan	4.488080000000000291e+04	8.976159999999998362e+00	nan	1.300000000000000000e+03	1.624754616124846618e-01	1.014861828736470309e-02	1.164765080749947945e-02	8.014193781301866437e+00	7.194258522531502820e+01	nan
nan	4.505459999999999854e+04	9.010920000000000485e+00	nan	1.310000000000000000e+03	1.738018295958681791e-01	9.882216999092665460e-03	1.155440764912778889e-02	7.548334930793434872e+00	6.802529679123725259e+01	nan
nan	4.525880000000000291e+04	9.051759999999998030e+00	nan	1.320000000000000000e+03	1.678463663369711978e-01	1.038052594410357118e-02	1.172309456706309427e-02	7.872092217423784177e+00	7.125963247737496431e+01	nan
nan	4.529459999999999854e+04	9.058919999999998751e+00	nan	1.330000000000000000e+03	1.741245335211260570e-01	9.973252575921218860e-03	1.162204493679978509e-02	7.642415321697503039e+00	6.922698673692063664e+01	nan
nan	4.564840000000000146e+04	9.129680000000000462e+00	nan	1.340000000000000000e+03	1.820602277762645715e-01	1.080626053072545473e-02	1.162210211888315206e-02	7.370535118583103618e+00	6.729159577935759273e+01	nan
nan	4.571840000000000146e+04	9.143679999999999808e+00	nan	1.350000000000000000e+03	1.794398598796305977e-01	1.010827215784019205e-02	1.197174877289533534e-02	7.535795823182884767e+00	6.890653109216569305e+01	nan
nan	4.599900000000000000e+04	9.199799999999999756e+00	nan	1.360000000000000000e+03	1.791669239051316143e-01	9.780333514462084474e-03	1.179972422570392185e-02	7.610700736996120597e+00	7.001589546189124746e+01	nan
nan	4.608500000000000000e+04	9.217000000000002302e+00	nan	1.370000000000000000e+03	1.893229829631764005e-01	9.817475086572496554e-03	1.181048013506283932e-02	7.241419574141490401e+00	6.674948420973115049e+01	nan
nan	4.628400000000000000e+04	9.256800000000001916e+00	nan	1.380000000000000000e+03	1.793021540317568108e-01	1.054367457018974899e-02	1.179751816306811620e-02	7.721185583698829014e+00	7.147271971470635776e+01	nan
nan	4.646900000000000000e+04	9.293799999999999173e+00	nan	1.390000000000000000e+03	1.827662859860083588e-01	1.043203806161025447e-02	1.186693203907201837e-02	7.631181754970948639e+00	7.093694918101434155e+01	nan
nan	4.660540000000000146e+04	9.321079999999998478e+00	nan	1.400000000000000000e+03	1.950878679237575963e-01	1.066951350917791537e-02	1.144137423815435976e-02	7.187410146425652790e+00	6.699500950074596517e+01	nan
nan	4.684059999999999854e+04	9.368120000000001113e+00	nan	1.410000000000000000e+03	1.901854371539684618e-01	1.060749502652028574e-02	1.177408669115049059e-02	7.428261163661150412e+00	6.957967120402287264e+01	nan
nan	4.712700000000000000e+04	9.425399999999999778e+00	nan	1.420000000000000000e+03	1.900974426330321876e-01	1.049324788077941537e-02	1.178673094197908375e-02	7.476450668761854601e+00	7.047517788523649074e+01	nan
nan	4.721680000000000291e+04	9.443360000000000198e+00	nan	1.430000000000000000e+03	1.929261873099221702e-01	1.022473143572440527e-02	1.163496818658778936e-02	7.423544871629656150e+00	7.010333776387054172e+01	nan
nan	4.733659999999999854e+04	9.467320000000000846e+00	nan	1.440000000000000000e+03	1.954648086156794418e-01	1.005270045383727454e-02	1.178134719696109778e-02	7.371473190645069451e+00	6.978768783526425068e+01	nan
nan	4.750759999999999854e+04	9.501520000000001076e+00	nan	1.450000000000000000e+03	1.997684614497757249e-01	1.006028214037034928e-02	1.168363123522972793e-02	7.276517975618672196e+00	6.913712475971894378e+01	nan
nan	4.776019999999999709e+04	9.552039999999999864e+00	nan	1.460000000000000000e+03	1.944746453547850362e-01	9.976810987076697307e-03	1.180866018178842146e-02	7.512814338580755091e+00	7.177029105414622734e+01	nan
nan	4.778719999999999709e+04	9.557440000000001490e+00	nan	1.470000000000000000e+03	2.033384735005256405e-01	1.025881344280391017e-02	1.162311285092663439e-02	7.257348337934087290e+00	6.936581072140076287e+01	nan
nan	4.803380000000000291e+04	9.606759999999999522e+00	nan	1.480000000000000000e+03	2.064276648807208403e-01	1.074514047491731926e-02	1.181296517333201186e-02	7.175043520497682792e+00	6.892770887943693481e+01	nan
nan	4.819980000000000291e+04	9.639960000000000306e+00	nan	1.490000000000000000e+03	2.025392715311227221e-01	1.048341453941695374e-02	1.164950139585868918e-02	7.364597478409909748e+00	7.099596395450961950e+01	nan
nan	4.837900000000000000e+04	9.675800000000000622e+00	nan	1.500000000000000000e+03	2.109656164318948757e-01	1.028799313212310461e-02	1.161502805835836448e-02	7.112470536372152097e+00	6.882308535565076113e+01	nan
nan	4.883059999999999854e+04	9.766120000000000800e+00	nan	1.510000000000000000e+03	2.079034647979824402e-01	1.033518485321969528e-02	1.181224543661586746e-02	7.272010569146440950e+00	7.100882333439635374e+01	nan
nan	4.854800000000000000e+04	9.709599999999998232e+00	nan	1.520000000000000000e+03	2.158750926920674773e-01	1.048474891231096495e-02	1.151898080085969611e-02	7.051182637436288481e+00	6.846233619710407936e+01	nan
nan	4.896519999999999709e+04	9.793039999999999523e+00	nan	1.530000000000000000e+03	2.187246346244137440e-01	1.019755718717548117e-02	1.171006432575336445e-02	7.009601756329348454e+00	6.864864191878899646e+01	nan
nan	4.909559999999999854e+04	9.819119999999999848e+00	nan	1.540000000000000000e+03	2.160736824813284385e-01	1.080596016418467788e-02	1.172577263333586008e-02	7.142035805803226722e+00	7.013096763319262550e+01	nan
nan	4.920100000000000000e+04	9.840199999999999392e+00	nan	1.550000000000000000e+03	2.256455704049130928e-01	1.067586330686893202e-02	1.187563544497397851e-02	6.889945603600429180e+00	6.779394929165304973e+01	nan
nan	4.940600000000000000e+04	9.881200000000001538e+00	nan	1.560000000000000000e+03	2.248651774933478065e-01	1.039805344216223823e-02	1.168592082579571027e-02	6.943141447333107230e+00	6.860657012068446647e+01	nan
nan	4.963319999999999709e+04	9.926640000000000796e+00	nan	1.570000000000000000e+03	2.290099925519825663e-01	9.943185972018091234e-03	1.171689628302997367e-02	6.859293977099180317e+00	6.808815333047168394e+01	nan
nan	4.950440000000000146e+04	9.900880000000000791e+00	nan	1.580000000000000000e+03	2.256369728334902958e-01	1.033362505949202495e-02	1.165347374464817745e-02	7.017573831809507112e+00	6.948162671198436158e+01	nan
nan	4.980940000000000146e+04	9.961880000000000734e+00	nan	1.590000000000000000e+03	2.234336060463192608e-01	1.026374449251746777e-02	1.181211431180093953e-02	7.127762026720017907e+00	7.100450268436701151e+01	nan
nan	5.004580000000000291e+04	1.000915999999999961e+01	nan	1.600000000000000000e+03	2.275943495412320883e-01	1.046558440677687260e-02	1.186593742656546005e-02	7.032495757938614922e+00	7.039359086298993873e+01	nan
nan	5.019980000000000291e+04	1.003996000000000066e+01	nan	1.610000000000000000e+03	2.300734217696572270e-01	1.057869551186169967e-02	1.168997273051443700e-02	7.003880491738149416e+00	7.031770971883015875e+01	nan
nan	5.030300000000000000e+04	1.006059999999999910e+01	nan	1.620000000000000000e+03	2.315887016476608495e-01	1.072337289362016756e-02	1.168447340620400524e-02	7.003151475280820826e+00	7.046034168135183506e+01	nan
nan	5.066959999999999854e+04	1.013391999999999982e+01	nan	1.630000000000000000e+03	2.341742391167372372e-01	1.030790103714123405e-02	1.173410980406162235e-02	6.971333050871296955e+00	7.064883560939757956e+01	nan
nan	5.071840000000000146e+04	1.014367999999999981e+01	nan	1.640000000000000000e+03	2.300678145993515500e-01	9.852024966801391573e-03	1.157193104551985409e-02	7.134715882161380307e+00	7.236891172309329079e+01	nan
nan	5.073980000000000291e+04	1.014795999999999943e+01	nan	1.650000000000000000e+03	2.449619758593598873e-01	9.953454776795310835e-03	1.152751904783087811e-02	6.739090695044223089e+00	6.839175318120105374e+01	nan
nan	5.109940000000000146e+04	1.021987999999999985e+01	nan	1.660000000000000000e+03	2.405466399036413350e-01	1.050560639630856649e-02	1.183290171892399135e-02	6.902462593999560525e+00	7.054311685859262582e+01	nan
nan	5.126280000000000291e+04	1.025255999999999901e+01	nan	1.670000000000000000e+03	2.319277788833005727e-01	1.045170181003072726e-02	1.170713338318502862e-02	7.207482439222481219e+00	7.389511398917065321e+01	nan
nan	5.113240000000000146e+04	1.022648000000000046e+01	nan	1.680000000000000000e+03	2.455959176228589003e-01	1.030595443966633891e-02	1.165141792598005724e-02	6.842467822287815693e+00	6.997959688960288815e+01	nan
nan	5.150459999999999854e+04	1.030091999999999963e+01	nan	1.690000000000000000e+03	2.505247064322702610e-01	1.064182089958735575e-02	1.175302907294646301e-02	6.766730187717598710e+00	6.971694251474627890e+01	nan
nan	5.154259999999999854e+04	1.030852000000000146e+01	nan	1.700000000000000000e+03	2.486496959465057388e-01	1.025400007531915639e-02	1.174629288855460682e-02	6.842038991317037855e+00	7.053110406186104342e+01	nan
nan	5.163319999999999709e+04	1.032664000000000115e+01	nan	1.710000000000000000e+03	2.571151077940612706e-01	1.013455205658263594e-02	1.199742918772146033e-02	6.664676049654898904e+00	6.882982256823886758e+01	nan
nan	5.191580000000000291e+04	1.038316000000000017e+01	nan	1.720000000000000000e+03	2.528765372052476090e-01	1.046991619477761516e-02	1.169778875977054225e-02	6.801970365858283074e+00	7.062607977500195489e+01	nan
nan	5.213440000000000146e+04	1.042688000000000059e+01	nan	1.730000000000000000e+03	2.543669625602433260e-01	1.045665115050254876e-02	1.179361186546304743e-02	6.811005319418785398e+00	7.102472885607872399e+01	nan
nan	5.233400000000000000e+04	1.046680000000000099e+01	nan	1.740000000000000000e+03	2.577751451196945709e-01	1.004959154733305743e-02	1.166325946583599005e-02	6.754610887440068545e+00	7.070103242894886364e+01	nan
nan	5.241080000000000291e+04	1.048216000000000037e+01	nan	1.750000000000000000e+03	2.643092780324423074e-01	1.024068482725871976e-02	1.188791403676132084e-02	6.639853981078840839e+00	6.959234835264707897e+01	nan
nan	5.265640000000000146e+04	1.053128000000000064e+01	nan	1.760000000000000000e+03	2.725109875245380064e-01	1.078929191017260515e-02	1.171856524986712722e-02	6.463451004970574232e+00	6.806611216156679234e+01	nan
nan	5.263440000000000146e+04	1.052688000000000024e+01	nan	1.770000000000000000e+03	2.676456039193453873e-01	1.024644463915226275e-02	1.160208685236411609e-02	6.627557188626147067e+00	6.976549205432368694e+01	nan
nan	5.294680000000000291e+04	1.058936000000000099e+01	nan	1.780000000000000000e+03	2.631418063249839068e-01	1.014299357046018896e-02	1.168360480082661704e-02	6.768680947494805977e+00	7.167577239052954496e+01	nan
nan	5.288540000000000146e+04	1.057707999999999871e+01	nan	1.790000000000000000e+03	2.650431274367292533e-01	1.032340810811246609e-02	1.184714234366174290e-02	6.766374578453289601e+00	7.157171070262592139e+01	nan
nan	5.319759999999999854e+04	1.063951999999999920e+01	nan	1.800000000000000000e+03	2.681249301107072602e-01	1.063481860224751128e-02	1.167808189780066876e-02	6.718702215934412081e+00	7.147786617368007001e+01	nan
nan	5.328000000000000000e+04	1.065600000000000058e+01	nan	1.810000000000000000e+03	2.743184172550627298e-01	1.017855593504193336e-02	1.200100455692564537e-02	6.610575583219905127e+00	7.044317170973371844e+01	nan
nan	5.337419999999999709e+04	1.067483999999999966e+01	nan	1.820000000000000000e+03	2.839418787712020276e-01	1.028540655066358459e-02	1.194285301657458873e-02	6.419494672455871687e+00	6.852638757418682758e+01	nan
nan	5.340580000000000291e+04	1.068116000000000021e+01	nan	1.830000000000000000e+03	2.708230030612412409e-01	1.017418245695429248e-02	1.157342466608160536e-02	6.766058339641344510e+00	7.226659275567847374e+01	nan
nan	5.374680000000000291e+04	1.074935999999999936e+01	nan	1.840000000000000000e+03	2.830970393220922920e-01	1.069512394126403629e-02	1.182370779083647717e-02	6.507012116050377770e+00	6.994753397926595540e+01	nan
nan	5.383180000000000291e+04	1.076636000000000060e+01	nan	1.850000000000000000e+03	2.927173068580941617e-01	1.034672091427433181e-02	1.155645936490592475e-02	6.332743149210194211e+00	6.818163783814593160e+01	nan
nan	5.418940000000000146e+04	1.083788000000000018e+01	nan	1.860000000000000000e+03	2.892982627547553420e-01	1.028543319947888834e-02	1.188139387798140857e-02	6.430635502232727063e+00	6.969526333367528537e+01	nan
nan	5.405959999999999854e+04	1.081192000000000064e+01	nan	1.870000000000000000e+03	2.813372978131610802e-01	1.046522132919705007e-02	1.156941113847365608e-02	6.657542287444288220e+00	7.197431922356413736e+01	nan
nan	5.434480000000000291e+04	1.086895999999999951e+01	nan	1.880000000000000000e+03	2.846288861617267685e-01	1.045646104573294891e-02	1.180090564628015828e-02	6.616931371321689070e+00	7.191157954797041896e+01	nan
nan	5.450659999999999854e+04	1.090132000000000012e+01	nan	1.890000000000000000e+03	2.883182539385416021e-01	1.034245713680681349e-02	1.178297996383778287e-02	6.564037811957957658e+00	7.155223433052186977e+01	nan
nan	5.469940000000000146e+04	1.093987999999999872e+01	nan	1.900000000000000000e+03	2.949843214698830707e-01	1.081051117198072141e-02	1.156919053538091671e-02	6.451445879901466007e+00	7.058001070818986022e+01	nan
nan	5.478800000000000000e+04	1.095759999999999934e+01	nan	1.910000000000000000e+03	2.981161326253641275e-01	1.088189912123692371e-02	1.157589701465369832e-02	6.417815202958496279e+00	7.032232291043563066e+01	nan
nan	5.497319999999999709e+04	1.099464000000000041e+01	nan	1.920000000000000000e+03	3.081853527478415344e-01	1.049196801592672951e-02	1.187885561444020598e-02	6.241337081888113758e+00	6.861991252582113532e+01	nan
nan	5.501500000000000000e+04	1.100299999999999834e+01	nan	1.930000000000000000e+03	3.020735878200412339e-01	1.014721244900823605e-02	1.176597278694045158e-02	6.396454823376094723e+00	7.038262330687723534e+01	nan
nan	5.529859999999999854e+04	1.105971999999999866e+01	nan	1.940000000000000000e+03	3.062572638536039671e-01	1.017825692805515367e-02	1.195431692114587267e-02	6.342059838322802179e+00	7.013963999781645953e+01	nan
nan	5.529219999999999709e+04	1.105844000000000094e+01	nan	1.950000000000000000e+03	3.046254074990883964e-01	1.031737188885153457e-02	1.153584041549285226e-02	6.423149442359212813e+00	7.102997338532736649e+01	nan
nan	5.551240000000000146e+04	1.110247999999999990e+01	nan	1.960000000000000000e+03	3.097660251238266715e-01	1.064054102961941618e-02	1.180814613076573705e-02	6.350556497505910336e+00	7.051139257086802559e+01	nan
nan	5.570180000000000291e+04	1.114035999999999937e+01	nan	1.970000000000000000e+03	3.066739429990775756e-01	1.007129488716802454e-02	1.167871698165915198e-02	6.425857346541988591e+00	7.158699283301709215e+01	nan
nan	5.591059999999999854e+04	1.118212000000000117e+01	nan	1.980000000000000000e+03	3.125240845678490809e-01	1.044350498796180887e-02	1.155207859098383513e-02	6.346382366544543352e+00	7.096742906413177820e+01	nan
nan	5.610340000000000146e+04	1.122068000000000154e+01	nan	1.990000000000000000e+03	3.126925826019942289e-01	1.060006218511468784e-02	1.176168417349713474e-02	6.364374450071549560e+00	7.141169175245173051e+01	nan
nan	5.607880000000000291e+04	1.121575999999999951e+01	nan	2.000000000000000000e+03	3.170777830778661044e-01	9.956462723658941055e-03	1.169066434814484447e-02	6.315309966176035239e+00	7.083943041229096593e+01	nan
nan	5.619980000000000291e+04	1.123995999999999995e+01	nan	2.010000000000000000e+03	3.287412788710298850e-01	1.036006959549548231e-02	1.182974556584315100e-02	6.120235370735891856e+00	6.879079224265821324e+01	nan
nan	5.618480000000000291e+04	1.123695999999999984e+01	nan	2.020000000000000000e+03	3.241708430017752329e-01	1.064083608144773298e-02	1.170854708254631324e-02	6.237266095694307566e+00	7.008455226153117223e+01	nan
nan	5.659880000000000291e+04	1.131975999999999871e+01	nan	2.030000000000000000e+03	3.314068486357882870e-01	1.027519322984020954e-02	1.174225569866987548e-02	6.127460746281933268e+00	6.936156734970157345e+01	nan
nan	5.677780000000000291e+04	1.135556000000000054e+01	nan	2.040000000000000000e+03	3.206281166302232810e-01	1.047859807624284753e-02	1.169077804492245007e-02	6.382794668397457905e+00	7.246954059754733635e+01	nan
nan	5.671180000000000291e+04	1.134235999999999933e+01	nan	2.050000000000000000e+03	3.218836808267951932e-01	1.053584009910598154e-02	1.173332742404143043e-02	6.374599871922777439e+00	7.229964769932165325e+01	nan
nan	5.705659999999999854e+04	1.141131999999999991e+01	nan	2.060000000000000000e+03	3.298686546847420797e-01	1.067347201935721877e-02	1.176916277879518080e-02	6.253794054756538934e+00	7.135807418988197526e+01	nan
nan	5.733340000000000146e+04	1.146668000000000021e+01	nan	2.070000000000000000e+03	3.340411793024031795e-01	1.020799688105500369e-02	1.171852714914662155e-02	6.198814758309445949e+00	7.108087974115434804e+01	nan
nan	5.735319999999999709e+04	1.147063999999999950e+01	nan	2.080000000000000000e+03	3.298859257685762825e-01	1.053551873304666917e-02	1.154511931147525830e-02	6.325270674301940232e+00	7.255346381872202244e+01	nan
nan	5.729640000000000146e+04	1.145928000000000146e+01	nan	2.090000000000000000e+03	3.485425901066264709e-01	1.086613536391417036e-02	1.156527583809603167e-02	6.000079905156228577e+00	6.875756581089805763e+01	nan
nan	5.752059999999999854e+04	1.150412000000000035e+01	nan	2.100000000000000000e+03	3.434118273371495889e-01	1.027966381316709234e-02	1.182281151402756435e-02	6.127437726942099872e+00	7.048957595924358088e+01	nan
nan	5.768059999999999854e+04	1.153612000000000037e+01	nan	2.110000000000000000e+03	3.427877540299960057e-01	1.018816212532611988e-02	1.191512325104685660e-02	6.161193190598400982e+00	7.107049030034957582e+01	nan
nan	5.777440000000000146e+04	1.155488000000000071e+01	nan	2.120000000000000000e+03	3.491551677476308901e-01	1.058983982844852526e-02	1.164828010431983966e-02	6.074750546499264381e+00	7.019489774139336191e+01	nan
nan	5.804559999999999854e+04	1.160912000000000077e+01	nan	2.130000000000000000e+03	3.495156289591250243e-01	1.054779937785370325e-02	1.161867450770258728e-02	6.103484787302694059e+00	7.085569573778612096e+01	nan
nan	5.813340000000000146e+04	1.162667999999999857e+01	nan	2.140000000000000000e+03	3.574027642074725231e-01	1.021820628668287066e-02	1.162832283121462487e-02	5.989620764159405475e+00	6.964066931745034594e+01	nan
nan	5.811880000000000291e+04	1.162376000000000076e+01	nan	2.150000000000000000e+03	3.432891694912541536e-01	1.015550594510777720e-02	1.157299808915087345e-02	6.268894521704543976e+00	7.286542520875300966e+01	nan
nan	5.846540000000000146e+04	1.169308000000000014e+01	nan	2.160000000000000000e+03	3.531049163627358323e-01	1.009582683669745483e-02	1.188862936713274213e-02	6.128677144016600131e+00	7.165548972212398837e+01	nan
nan	5.850059999999999854e+04	1.170012000000000185e+01	nan	2.170000000000000000e+03	3.546512546568919566e-01	1.049761708499694426e-02	1.192813766717568114e-02	6.128957000454530402e+00	7.170294390688054875e+01	nan
nan	5.855540000000000146e+04	1.171107999999999905e+01	nan	2.180000000000000000e+03	3.701620970948170108e-01	9.940372160328683759e-03	1.170611234265314313e-02	5.896280281569205250e+00	6.905052265936963352e+01	nan
nan	5.890759999999999854e+04	1.178152000000000044e+01	nan	2.190000000000000000e+03	3.591426048858011311e-01	9.979338165392429710e-03	1.173615630322071522e-02	6.110589287498346067e+00	7.199350352539275377e+01	nan
nan	5.882219999999999709e+04	1.176444000000000045e+01	nan	2.200000000000000000e+03	3.659093648001544574e-01	1.059120736565499939e-02	1.169910435240652420e-02	6.022394373255179900e+00	7.084783118111006672e+01	nan
nan	5.892680000000000291e+04	1.178536000000000072e+01	nan	2.210000000000000000e+03	3.670856805159019021e-01	1.068938008832486831e-02	1.185554400289554750e-02	6.028732205970595892e+00	7.104399404210869307e+01	nan
nan	5.909259999999999854e+04	1.181851999999999947e+01	nan	2.220000000000000000e+03	3.773438820173396491e-01	1.065510828472724866e-02	1.173320029949494539e-02	5.893172005074400310e+00	6.964649741813329342e+01	nan
nan	5.929919999999999709e+04	1.185984000000000016e+01	nan	2.230000000000000000e+03	3.768185175572398293e-01	1.020340661448387518e-02	1.179404415545824009e-02	5.926081687717427826e+00	7.028122834015428566e+01	nan
nan	5.939719999999999709e+04	1.187944000000000067e+01	nan	2.240000000000000000e+03	3.816800884591430298e-01	9.781242943495355516e-03	1.163088309400398153e-02	5.880535145531837316e+00	6.986571932660714879e+01	nan
nan	5.966280000000000291e+04	1.193256000000000050e+01	nan	2.250000000000000000e+03	3.844152571035010513e-01	1.040125568679844265e-02	1.177355714582059738e-02	5.854625958886171766e+00	6.985903302700424433e+01	nan
nan	5.963680000000000291e+04	1.192736000000000196e+01	nan	2.260000000000000000e+03	3.825919117751254706e-01	1.049607317151031102e-02	1.175845909207092789e-02	5.927582741802043031e+00	7.069182946163992654e+01	nan
nan	6.002240000000000146e+04	1.200448000000000093e+01	nan	2.270000000000000000e+03	3.812804245031656825e-01	1.020897767507402722e-02	1.156901880489207002e-02	5.964067457223416469e+00	7.158834763061001638e+01	nan
nan	5.989280000000000291e+04	1.197855999999999987e+01	nan	2.280000000000000000e+03	3.794597646716283412e-01	1.057974604329920722e-02	1.180109119371991304e-02	6.015704758277541586e+00	7.206333827641533674e+01	nan
nan	6.006180000000000291e+04	1.201235999999999926e+01	nan	2.290000000000000000e+03	3.770905600527839630e-01	1.046428719783859713e-02	1.181320239724633660e-02	6.081943478618921262e+00	7.304631573347718643e+01	nan
nan	6.038940000000000146e+04	1.207787999999999862e+01	nan	2.300000000000000000e+03	4.003004360774866655e-01	1.078544032799689037e-02	1.188127356334106079e-02	5.750258451123277936e+00	6.944447275816199294e+01	nan
nan	6.055519999999999709e+04	1.211103999999999914e+01	nan	2.310000000000000000e+03	3.982149427751210391e-01	1.056217411260748119e-02	1.188779111484991949e-02	5.803026979256330264e+00	7.027904565779205370e+01	nan
nan	6.065280000000000291e+04	1.213055999999999912e+01	nan	2.320000000000000000e+03	4.005191160894355784e-01	1.005071401130044895e-02	1.180545898526566030e-02	5.794761994921437065e+00	7.029718861070873004e+01	nan
nan	6.052640000000000146e+04	1.210528000000000048e+01	nan	2.330000000000000000e+03	3.990830403961808659e-01	1.024941080406429825e-02	1.172160607204593939e-02	5.850626096168707768e+00	7.082452545487367956e+01	nan
nan	6.097619999999999709e+04	1.219524000000000008e+01	nan	2.340000000000000000e+03	4.007646494333130249e-01	9.919374627487844570e-03	1.166121967662199325e-02	5.842882738764727080e+00	7.125060908756255174e+01	nan
nan	6.089180000000000291e+04	1.217836000000000141e+01	nan	2.350000000000000000e+03	3.952354561530228017e-01	1.039265469963087524e-02	1.183594876744275930e-02	5.963527731443615920e+00	7.262096134198156960e+01	nan
nan	6.108519999999999709e+04	1.221704000000000079e+01	nan	2.360000000000000000e+03	3.991911944004641333e-01	1.066696947581765101e-02	1.153065468155041809e-02	5.914213280953292795e+00	7.225475540271784780e+01	nan
nan	6.114019999999999709e+04	1.222804000000000002e+01	nan	2.370000000000000000e+03	4.022020937542947761e-01	1.063993960093018686e-02	1.175528918656753088e-02	5.897754425852212101e+00	7.212254563789720407e+01	nan
nan	6.131340000000000146e+04	1.226268000000000136e+01	nan	2.380000000000000000e+03	4.144671371021104167e-01	1.074168252032366676e-02	1.176753263660884445e-02	5.751021285013910855e+00	7.051528265588584077e+01	nan
nan	6.136880000000000291e+04	1.227375999999999934e+01	nan	2.390000000000000000e+03	4.101960983767639624e-01	1.031162572193477026e-02	1.152527430739415382e-02	5.835292357529724860e+00	7.161798393695028153e+01	nan
nan	6.164159999999999854e+04	1.232832000000000150e+01	nan	2.400000000000000000e+03	4.281164834382252815e-01	1.105123263576110459e-02	1.190846710633609688e-02	5.614896402256757568e+00	6.922920879164368557e+01	nan
nan	6.165640000000000146e+04	1.233127999999999957e+01	nan	2.410000000000000000e+03	4.188838017608759179e-01	1.017375563261467553e-02	1.163843580130522262e-02	5.764886024828942190e+00	7.108010949156148683e+01	nan
nan	6.172100000000000000e+04	1.234419999999999895e+01	nan	2.420000000000000000e+03	4.272219723670787062e-01	9.952378653297514616e-03	1.166736944254298872e-02	5.665408748562593466e+00	6.993375890314140975e+01	nan
nan	6.199980000000000291e+04	1.239995999999999832e+01	nan	2.430000000000000000e+03	4.258096720554022108e-01	1.048354094619243816e-02	1.167107814444348288e-02	5.713481240695188035e+00	7.084341633401739102e+01	nan
nan	6.203400000000000000e+04	1.240679999999999872e+01	nan	2.440000000000000000e+03	4.471702153636215593e-01	1.006742557710492945e-02	1.187365584842560960e-02	5.462416167286191282e+00	6.777939514505037266e+01	nan
nan	6.231519999999999709e+04	1.246303999999999768e+01	nan	2.450000000000000000e+03	4.380095987298773252e-01	1.055240343658520388e-02	1.162214172884640934e-02	5.602298625355060402e+00	6.981556848307552343e+01	nan
nan	6.228400000000000000e+04	1.245679999999999943e+01	nan	2.460000000000000000e+03	4.335863693718238210e-01	1.049361531118239710e-02	1.182278382123379788e-02	5.681762946859175933e+00	7.078283610272107751e+01	nan
nan	6.229080000000000291e+04	1.245816000000000123e+01	nan	2.470000000000000000e+03	4.393264932528836431e-01	1.049184285097983643e-02	1.171485120597857282e-02	5.629103682515196994e+00	7.013152141264524175e+01	nan
nan	6.262700000000000000e+04	1.252540000000000120e+01	nan	2.480000000000000000e+03	4.395163047714959470e-01	1.074560834417570034e-02	1.185228515855215811e-02	5.650335412418868941e+00	7.077019894622847573e+01	nan
nan	6.287059999999999854e+04	1.257412000000000063e+01	nan	2.490000000000000000e+03	4.480514481013415096e-01	1.041884873896150449e-02	1.180322614042441341e-02	5.559916685147058502e+00	6.990886979538069568e+01	nan
nan	6.296159999999999854e+04	1.259231999999999729e+01	nan	2.500000000000000000e+03	4.469781018160574604e-01	1.020009755338877402e-02	1.167430571107958698e-02	5.603765065724650718e+00	7.056822771142256556e+01	nan
nan	6.312019999999999709e+04	1.262403999999999904e+01	nan	2.510000000000000000e+03	4.363359821220910706e-01	1.051104138343952020e-02	1.162397864713285260e-02	5.757553362466078184e+00	7.268311893684605707e+01	nan
nan	6.316300000000000000e+04	1.263260000000000005e+01	nan	2.520000000000000000e+03	4.423564771788733307e-01	1.017364479030766905e-02	1.176099182302522972e-02	5.702423040007903232e+00	7.203700942469501456e+01	nan
nan	6.321100000000000000e+04	1.264219999999999899e+01	nan	2.530000000000000000e+03	4.600295115849803440e-01	1.014508531251555670e-02	1.177311439583854889e-02	5.506739565133936587e+00	6.961854840648234699e+01	nan
nan	6.345440000000000146e+04	1.269088000000000171e+01	nan	2.540000000000000000e+03	4.518421500391013867e-01	1.055037378040413719e-02	1.158486292722402458e-02	5.628722810236539864e+00	7.143570870397620354e+01	nan
nan	6.351740000000000146e+04	1.270347999999999900e+01	nan	2.550000000000000000e+03	4.491305549555363319e-01	1.018385701669660866e-02	1.196748837418612661e-02	5.695159228948634578e+00	7.234553541035742796e+01	nan
