500
520
540
560
580
600
620
640
660
680
700
720
740
760
780
800
820
840
860
880
900
920
940
960
980
1000
1020
1040
1060
1080
1100
1120
1140
1160
1180
1200
1220
1240
1260
1280
1300
1320
1340
1360
1380
1400
1420
1440
1460
1480
1500
1520
1540
1560
1580
1600
1620
1640
1660
1680
1700
1720
1740
1760
1780
1800
1820
1840
1860
1880
1900
1936
1976
2016
2056
2096
2136
2176
2216
2256
2296
2336
2376
2416
2456
2496
2536
2576
2616
2656
2696
2736
2776
2816
2856
2896
2936
2976
3016
3056
3096
3136
3176
3216
3256
3296
3336
3376
3416
3456
3496
3536
3576
3616
3656
3696
3736
3776
3816
3856
3896
3936
3976
4016
4056
4096
4136
4176
4216
4256
4296
4336
4376
4416
4456
4496
4536
4576
4616
4656
4696
4736
4776
4816
4856
4896
4936
4976
5016
5056
5096
5136
5176
5216
5256
5296
5336
5376
5416
5456
5496
5536
5576
5616
5656
5696
5736
5776
5816
5856
5896
5936
5976
