# SourcePhotonFlux	NumberRaysSurvived	PercentageRaysSurvived	PhotonFlux	PhotonEnergy	Bandwidth	HorizontalFocusFWHM	VerticalFocusFWHM	EnergyPerMilPerBw	FluxPerMilPerBwPerc	FluxPerMilPerBwAbs
nan	4.000000000000000000e+05	1.000000000000000000e+02	nan	5.000000000000000000e+01	4.905662883954560460e-02	1.988781003878311859e-01	9.328605410239840245e-02	1.026520863569652331e+00	1.026520863569652420e+02	nan
nan	4.000000000000000000e+05	1.000000000000000000e+02	nan	6.000000000000000000e+01	5.992772862468562917e-02	1.948584657926719921e-01	8.597131914308524248e-02	1.001209189967164459e+00	1.001209189967164548e+02	nan
nan	4.000000000000000000e+05	1.000000000000000000e+02	nan	7.000000000000000000e+01	6.883286725586865162e-02	1.911472602092572637e-01	8.126806711749592904e-02	1.024298599969486023e+00	1.024298599969485792e+02	nan
nan	4.000000000000000000e+05	1.000000000000000000e+02	nan	8.000000000000000000e+01	7.988126750230861717e-02	1.892084789092672303e-01	7.610632977879486227e-02	1.001495090203739391e+00	1.001495090203739267e+02	nan
nan	4.000000000000000000e+05	1.000000000000000000e+02	nan	9.000000000000000000e+01	8.994568770958721871e-02	1.901247943694807374e-01	7.323248937770046596e-02	1.000604098245393647e+00	1.000604098245393629e+02	nan
nan	4.000000000000000000e+05	1.000000000000000000e+02	nan	1.000000000000000000e+02	9.992482756159049018e-02	1.876670697441777391e-01	6.898806442122809579e-02	1.000752740040300015e+00	1.000752740040300210e+02	nan
nan	4.000000000000000000e+05	1.000000000000000000e+02	nan	1.100000000000000000e+02	1.099247048098625640e-01	1.886468334124029034e-01	6.727586579532647548e-02	1.000685611613648884e+00	1.000685611613648547e+02	nan
nan	4.000000000000000000e+05	1.000000000000000000e+02	nan	1.200000000000000000e+02	1.179795177475255058e-01	1.907453959170282431e-01	6.322592448593500336e-02	1.024346876057792288e+00	1.024346876057792315e+02	nan
nan	4.000000000000000000e+05	1.000000000000000000e+02	nan	1.300000000000000000e+02	1.299192988019584050e-01	1.870963629797157135e-01	6.188591145267728633e-02	1.000621527631825769e+00	1.000621527631825671e+02	nan
nan	4.000000000000000000e+05	1.000000000000000000e+02	nan	1.400000000000000000e+02	1.398710902319791616e-01	1.855013285272194001e-01	5.962111579954583462e-02	1.000924841369516427e+00	1.000924841369516400e+02	nan
nan	4.000000000000000000e+05	1.000000000000000000e+02	nan	1.500000000000000000e+02	1.474593982400951298e-01	1.839270659511476613e-01	5.866901103099196602e-02	1.024480761267380746e+00	1.024480761267381013e+02	nan
nan	4.000000000000000000e+05	1.000000000000000000e+02	nan	1.600000000000000000e+02	1.598677617621177549e-01	1.821654509134502387e-01	5.735748146030618388e-02	1.000829450270001697e+00	1.000829450270001928e+02	nan
nan	4.000000000000000000e+05	1.000000000000000000e+02	nan	1.700000000000000000e+02	1.671554926883078163e-01	1.837395238813359644e-01	5.523972049558173447e-02	1.024303167536038117e+00	1.024303167536037762e+02	nan
nan	4.000000000000000000e+05	1.000000000000000000e+02	nan	1.800000000000000000e+02	1.737889891639689821e-01	1.851186920237010980e-01	5.375583136970556175e-02	1.049708977030641810e+00	1.049708977030641961e+02	nan
nan	4.000000000000000000e+05	1.000000000000000000e+02	nan	1.900000000000000000e+02	1.838447166689179957e-01	1.850845695383802891e-01	5.358575794083773880e-02	1.047310620273824266e+00	1.047310620273824213e+02	nan
nan	4.000000000000000000e+05	1.000000000000000000e+02	nan	2.000000000000000000e+02	1.998335854297238201e-01	1.817805411544996808e-01	5.253453897239340753e-02	1.000834240846847134e+00	1.000834240846846797e+02	nan
nan	4.000000000000000000e+05	1.000000000000000000e+02	nan	2.100000000000000000e+02	2.094537105049837922e-01	1.834897186766846766e-01	5.134863953858829350e-02	1.002678255272062557e+00	1.002678255272062415e+02	nan
nan	4.000000000000000000e+05	1.000000000000000000e+02	nan	2.200000000000000000e+02	2.163558088130227985e-01	1.811507960266248440e-01	5.056096850121687136e-02	1.024100327497738494e+00	1.024100327497738760e+02	nan
nan	4.000000000000000000e+05	1.000000000000000000e+02	nan	2.300000000000000000e+02	2.298059527202070684e-01	1.822604781628590354e-01	4.973085034417740885e-02	1.000844892980249812e+00	1.000844892980249767e+02	nan
nan	4.000000000000000000e+05	1.000000000000000000e+02	nan	2.400000000000000000e+02	2.397672957534155158e-01	1.823553557322595831e-01	4.858272241389250540e-02	1.000973512343122263e+00	1.000973512343122138e+02	nan
nan	4.000000000000000000e+05	1.000000000000000000e+02	nan	2.500000000000000000e+02	2.498191859338788900e-01	1.826141578816014022e-01	4.789261953175826675e-02	1.000724317053480750e+00	1.000724317053481087e+02	nan
nan	4.000000000000000000e+05	1.000000000000000000e+02	nan	2.600000000000000000e+02	2.597843183463595662e-01	1.834162224176994482e-01	4.712923025543174632e-02	1.000831359261924458e+00	1.000831359261924121e+02	nan
nan	4.000000000000000000e+05	1.000000000000000000e+02	nan	2.700000000000000000e+02	2.696673218715289755e-01	1.838584866484844482e-01	4.676526331726357788e-02	1.001238037278680437e+00	1.001238037278680366e+02	nan
nan	4.000000000000000000e+05	1.000000000000000000e+02	nan	2.800000000000000000e+02	2.753624291711687655e-01	1.816538236363099412e-01	4.629926859149785523e-02	1.024050298831007177e+00	1.024050298831006955e+02	nan
nan	4.000000000000000000e+05	1.000000000000000000e+02	nan	2.900000000000000000e+02	2.898484076205988802e-01	1.812084226097429862e-01	4.556645525436475719e-02	1.000523310207162453e+00	1.000523310207162524e+02	nan
nan	4.000000000000000000e+05	1.000000000000000000e+02	nan	3.000000000000000000e+02	2.949152951295793135e-01	1.808529726691029682e-01	4.502039277581413451e-02	1.024493393255445861e+00	1.024493393255445852e+02	nan
nan	4.000000000000000000e+05	1.000000000000000000e+02	nan	3.100000000000000000e+02	3.097577271862519410e-01	1.829092938402695767e-01	4.457415658412962334e-02	1.000783213991216281e+00	1.000783213991216201e+02	nan
nan	4.000000000000000000e+05	1.000000000000000000e+02	nan	3.200000000000000000e+02	3.198417808976273813e-01	1.806158480248942766e-01	4.416387425293412383e-02	1.000494827772431483e+00	1.000494827772431705e+02	nan
nan	4.000000000000000000e+05	1.000000000000000000e+02	nan	3.300000000000000000e+02	3.297568210477265782e-01	1.788279402574100285e-01	4.359502285225907298e-02	1.000737925288474495e+00	1.000737925288474344e+02	nan
nan	4.000000000000000000e+05	1.000000000000000000e+02	nan	3.400000000000000000e+02	3.394437655541821530e-01	1.784227917638595562e-01	4.361100018300047287e-02	1.001667267790557370e+00	1.001667267790557361e+02	nan
nan	4.000000000000000000e+05	1.000000000000000000e+02	nan	3.500000000000000000e+02	3.496553508774639107e-01	1.814017074195579671e-01	4.271939700555561770e-02	1.000987428820503400e+00	1.000987428820503453e+02	nan
nan	4.000000000000000000e+05	1.000000000000000000e+02	nan	3.600000000000000000e+02	3.597839795153305320e-01	1.811616632341603028e-01	4.259775090234370343e-02	1.000600600216045688e+00	1.000600600216045848e+02	nan
nan	4.000000000000000000e+05	1.000000000000000000e+02	nan	3.700000000000000000e+02	3.636705093131594735e-01	1.838945644188525741e-01	4.200480090842808462e-02	1.024637754931528200e+00	1.024637754931527951e+02	nan
nan	4.000000000000000000e+05	1.000000000000000000e+02	nan	3.800000000000000000e+02	3.798150042792031167e-01	1.798558974169757463e-01	4.156338636478894982e-02	1.000487302466285922e+00	1.000487302466285939e+02	nan
nan	4.000000000000000000e+05	1.000000000000000000e+02	nan	3.900000000000000000e+02	3.895324429610497186e-01	1.801710908293849556e-01	4.115749146462190783e-02	1.001203891590702444e+00	1.001203891590702426e+02	nan
nan	4.000000000000000000e+05	1.000000000000000000e+02	nan	4.000000000000000000e+02	3.997107219446206505e-01	1.817445531024278471e-01	4.132849994626247581e-02	1.000725041813883109e+00	1.000725041813882967e+02	nan
nan	4.000000000000000000e+05	1.000000000000000000e+02	nan	4.100000000000000000e+02	4.094715092710373705e-01	1.800042006501076652e-01	4.083471284825422598e-02	1.001297888078240605e+00	1.001297888078240703e+02	nan
nan	4.000000000000000000e+05	1.000000000000000000e+02	nan	4.200000000000000000e+02	4.195771507449478355e-01	1.809137451328690083e-01	4.078739291474490353e-02	1.001008853018475087e+00	1.001008853018475122e+02	nan
nan	4.000000000000000000e+05	1.000000000000000000e+02	nan	4.300000000000000000e+02	4.294523887406370699e-01	1.802075551595880842e-01	3.966203292949303794e-02	1.001278310510257175e+00	1.001278310510257370e+02	nan
nan	4.000000000000000000e+05	1.000000000000000000e+02	nan	4.400000000000000000e+02	4.397281631789837775e-01	1.817511999547548052e-01	4.025905888661135412e-02	1.000618577212232463e+00	1.000618577212232765e+02	nan
nan	4.000000000000000000e+05	1.000000000000000000e+02	nan	4.500000000000000000e+02	4.496338070368153805e-01	1.819159682465256722e-01	3.950717714056253133e-02	1.000814966142026030e+00	1.000814966142026208e+02	nan
nan	4.000000000000000000e+05	1.000000000000000000e+02	nan	4.600000000000000000e+02	4.597206174792091704e-01	1.786277440988230103e-01	3.907377014623206191e-02	1.000608037380667170e+00	1.000608037380667099e+02	nan
nan	4.000000000000000000e+05	1.000000000000000000e+02	nan	4.700000000000000000e+02	4.697727362471141310e-01	1.800859513235437970e-01	3.947138243799548640e-02	1.000484077260701099e+00	1.000484077260701241e+02	nan
nan	4.000000000000000000e+05	1.000000000000000000e+02	nan	4.800000000000000000e+02	4.716193875793004975e-01	1.796274173234594929e-01	3.847171120070545097e-02	1.024989581944687922e+00	1.024989581944687842e+02	nan
nan	4.000000000000000000e+05	1.000000000000000000e+02	nan	4.900000000000000000e+02	4.897542686724108418e-01	1.794175940877735242e-01	3.867629426720965019e-02	1.000502071616337751e+00	1.000502071616337645e+02	nan
nan	4.000000000000000000e+05	1.000000000000000000e+02	nan	5.000000000000000000e+02	4.997329078870677566e-01	1.788638466308014874e-01	3.856709618670102480e-02	1.000534960433203668e+00	1.000534960433203651e+02	nan
nan	4.000000000000000000e+05	1.000000000000000000e+02	nan	5.100000000000000000e+02	4.932399087786588643e-01	1.798333859804952251e-01	3.772393767592642499e-02	1.047997496131193085e+00	1.047997496131193174e+02	nan
nan	4.000000000000000000e+05	1.000000000000000000e+02	nan	5.200000000000000000e+02	5.195852789584535225e-01	1.791045274223347084e-01	3.806099654210363947e-02	1.000798832156092999e+00	1.000798832156093283e+02	nan
nan	4.000000000000000000e+05	1.000000000000000000e+02	nan	5.300000000000000000e+02	5.294771949080541162e-01	1.778528029107995234e-01	3.738624451212788080e-02	1.000988754542944337e+00	1.000988754542944150e+02	nan
nan	4.000000000000000000e+05	1.000000000000000000e+02	nan	5.400000000000000000e+02	5.396553285245829779e-01	1.795260418812088532e-01	3.723604542555943725e-02	1.000639140689231210e+00	1.000639140689231255e+02	nan
nan	4.000000000000000000e+05	1.000000000000000000e+02	nan	5.500000000000000000e+02	5.495498785367886052e-01	1.791776593380169091e-01	3.719155640910502825e-02	1.000820421445065334e+00	1.000820421445065307e+02	nan
nan	4.000000000000000000e+05	1.000000000000000000e+02	nan	5.600000000000000000e+02	5.589474106563102618e-01	1.792945108995472325e-01	3.729295997364568543e-02	1.001909550573934826e+00	1.001909550573934524e+02	nan
nan	4.000000000000000000e+05	1.000000000000000000e+02	nan	5.700000000000000000e+02	5.695085991399253533e-01	1.783949019792553381e-01	3.748129782228158680e-02	1.000865470864388707e+00	1.000865470864388556e+02	nan
nan	4.000000000000000000e+05	1.000000000000000000e+02	nan	5.800000000000000000e+02	5.791671439543619737e-01	1.799497314935671610e-01	3.682999354603642278e-02	1.001443095946589867e+00	1.001443095946589636e+02	nan
nan	4.000000000000000000e+05	1.000000000000000000e+02	nan	5.900000000000000000e+02	5.890614960228333086e-01	1.793240346222002568e-01	3.676812665222661813e-02	1.001606810051973717e+00	1.001606810051973468e+02	nan
nan	4.000000000000000000e+05	1.000000000000000000e+02	nan	6.000000000000000000e+02	5.898017763665213131e-01	1.817028928319302516e-01	3.685391453600506129e-02	1.024527277253891366e+00	1.024527277253891242e+02	nan
nan	4.000000000000000000e+05	1.000000000000000000e+02	nan	6.100000000000000000e+02	5.994327681094031579e-01	1.782532914077953612e-01	3.630434699061095560e-02	1.024935003782458720e+00	1.024935003782458978e+02	nan
nan	4.000000000000000000e+05	1.000000000000000000e+02	nan	6.200000000000000000e+02	6.194134016229725370e-01	1.799186968835562173e-01	3.643216140304193773e-02	1.000950595757742700e+00	1.000950595757742576e+02	nan
nan	4.000000000000000000e+05	1.000000000000000000e+02	nan	6.300000000000000000e+02	6.089985726810379640e-01	1.803233118003797764e-01	3.571489148157763749e-02	1.048522385227724119e+00	1.048522385227724243e+02	nan
nan	4.000000000000000000e+05	1.000000000000000000e+02	nan	6.400000000000000000e+02	6.289636721769151784e-01	1.815748391233653614e-01	3.583032640716092565e-02	1.024791472595622865e+00	1.024791472595622537e+02	nan
nan	4.000000000000000000e+05	1.000000000000000000e+02	nan	6.500000000000000000e+02	6.492963165956041616e-01	1.812390068889873640e-01	3.620362311575949649e-02	1.001092197393438576e+00	1.001092197393438425e+02	nan
nan	4.000000000000000000e+05	1.000000000000000000e+02	nan	6.600000000000000000e+02	6.590315173004398508e-01	1.791643140016745406e-01	3.594602978950654781e-02	1.001477279747452931e+00	1.001477279747453224e+02	nan
nan	4.000000000000000000e+05	1.000000000000000000e+02	nan	6.700000000000000000e+02	6.695537014742057869e-01	1.787476880135084323e-01	3.574586145718296193e-02	1.000667235797496613e+00	1.000667235797496630e+02	nan
nan	4.000000000000000000e+05	1.000000000000000000e+02	nan	6.800000000000000000e+02	6.793503157699717354e-01	1.766320110579992497e-01	3.545763397689857821e-02	1.000958108585167983e+00	1.000958108585168134e+02	nan
nan	4.000000000000000000e+05	1.000000000000000000e+02	nan	6.900000000000000000e+02	6.895232307036621711e-01	1.783891227003809310e-01	3.505893495625402034e-02	1.000692532643488564e+00	1.000692532643488448e+02	nan
nan	4.000000000000000000e+05	1.000000000000000000e+02	nan	7.000000000000000000e+02	6.992812133691813647e-01	1.783079243270589420e-01	3.473397020777252431e-02	1.001030210536834719e+00	1.001030210536834772e+02	nan
nan	4.000000000000000000e+05	1.000000000000000000e+02	nan	7.100000000000000000e+02	7.094320227973127668e-01	1.797157795929502366e-01	3.494473339912562704e-02	1.000801138147485281e+00	1.000801138147485148e+02	nan
nan	4.000000000000000000e+05	1.000000000000000000e+02	nan	7.200000000000000000e+02	7.077599310094988549e-01	1.789938846241307391e-01	3.510319054189926791e-02	1.024578293242785820e+00	1.024578293242786060e+02	nan
nan	4.000000000000000000e+05	1.000000000000000000e+02	nan	7.300000000000000000e+02	7.294564454203396053e-01	1.824464402496940030e-01	3.498943874574866192e-02	1.000745971525215161e+00	1.000745971525215197e+02	nan
nan	4.000000000000000000e+05	1.000000000000000000e+02	nan	7.400000000000000000e+02	7.394180552125305672e-01	1.792294934498658565e-01	3.487300989187543110e-02	1.000787667742260911e+00	1.000787667742261249e+02	nan
nan	4.000000000000000000e+05	1.000000000000000000e+02	nan	7.500000000000000000e+02	7.495291221378920232e-01	1.790757303550059021e-01	3.452766141157463664e-02	1.000628563132770932e+00	1.000628563132770950e+02	nan
nan	4.000000000000000000e+05	1.000000000000000000e+02	nan	7.600000000000000000e+02	7.464699261978802181e-01	1.808645388730584780e-01	3.470579483353117278e-02	1.025374113062632597e+00	1.025374113062632375e+02	nan
nan	4.000000000000000000e+05	1.000000000000000000e+02	nan	7.700000000000000000e+02	7.693083345934667028e-01	1.773442371453097521e-01	3.459458814193162868e-02	1.000899942629315698e+00	1.000899942629315689e+02	nan
nan	4.000000000000000000e+05	1.000000000000000000e+02	nan	7.800000000000000000e+02	7.790792978709873973e-01	1.781455297351202116e-01	3.411651841941917840e-02	1.001188298674010602e+00	1.001188298674010611e+02	nan
nan	4.000000000000000000e+05	1.000000000000000000e+02	nan	7.900000000000000000e+02	7.891615018179607421e-01	1.784348730098561098e-01	3.422667396100957660e-02	1.001063435889797404e+00	1.001063435889797688e+02	nan
nan	4.000000000000000000e+05	1.000000000000000000e+02	nan	8.000000000000000000e+02	7.991032397480353211e-01	1.791068324592249850e-01	3.393890306807399726e-02	1.001123850068566190e+00	1.001123850068566270e+02	nan
nan	4.000000000000000000e+05	1.000000000000000000e+02	nan	8.100000000000000000e+02	8.091029782706413709e-01	1.788101089765762874e-01	3.464489602251406147e-02	1.001114372999158730e+00	1.001114372999158633e+02	nan
nan	4.000000000000000000e+05	1.000000000000000000e+02	nan	8.200000000000000000e+02	8.193159621700771833e-01	1.792260268748734620e-01	3.397945293023780372e-02	1.000835487919939037e+00	1.000835487919939055e+02	nan
nan	4.000000000000000000e+05	1.000000000000000000e+02	nan	8.300000000000000000e+02	8.292785294530119478e-01	1.789220886500696994e-01	3.414237463725916522e-02	1.000870941328973140e+00	1.000870941328973061e+02	nan
nan	4.000000000000000000e+05	1.000000000000000000e+02	nan	8.400000000000000000e+02	8.393951385483433558e-01	1.776441932740137064e-01	3.393330296623087855e-02	1.000721115208742962e+00	1.000721115208742731e+02	nan
nan	4.000000000000000000e+05	1.000000000000000000e+02	nan	8.500000000000000000e+02	8.493871709994266217e-01	1.807916010696331566e-01	3.383751816349152286e-02	1.000721927680038537e+00	1.000721927680038732e+02	nan
nan	4.000000000000000000e+05	1.000000000000000000e+02	nan	8.600000000000000000e+02	8.589568434175248735e-01	1.776366448373065954e-01	3.337317200383810301e-02	1.001217810120891283e+00	1.001217810120891016e+02	nan
nan	4.000000000000000000e+05	1.000000000000000000e+02	nan	8.700000000000000000e+02	8.690884057510800398e-01	1.806600256026857643e-01	3.330412727916444438e-02	1.001051355515239605e+00	1.001051355515239578e+02	nan
nan	4.000000000000000000e+05	1.000000000000000000e+02	nan	8.800000000000000000e+02	8.794887559558730583e-01	1.789596923718507759e-01	3.345838216048050567e-02	1.000581948472933913e+00	1.000581948472933931e+02	nan
nan	4.000000000000000000e+05	1.000000000000000000e+02	nan	8.900000000000000000e+02	8.890883209184607949e-01	1.781359719368289518e-01	3.315103487646198221e-02	1.001027303945186020e+00	1.001027303945186162e+02	nan
nan	4.000000000000000000e+05	1.000000000000000000e+02	nan	9.000000000000000000e+02	8.850160457172562278e-01	1.807101667300513859e-01	3.302407221374544649e-02	1.024189777934890078e+00	1.024189777934889918e+02	nan
nan	4.000000000000000000e+05	1.000000000000000000e+02	nan	9.100000000000000000e+02	9.091250040514864406e-01	1.768203324600128856e-01	3.338367307702178044e-02	1.000965519076075783e+00	1.000965519076075623e+02	nan
nan	4.000000000000000000e+05	1.000000000000000000e+02	nan	9.200000000000000000e+02	9.047263311165476551e-01	1.811206798175469534e-01	3.379649943414796132e-02	1.024130202480312279e+00	1.024130202480312448e+02	nan
nan	4.000000000000000000e+05	1.000000000000000000e+02	nan	9.300000000000000000e+02	9.288336118012694431e-01	1.772347847590774739e-01	3.297223468751487446e-02	1.001258972061561447e+00	1.001258972061561394e+02	nan
nan	4.000000000000000000e+05	1.000000000000000000e+02	nan	9.400000000000000000e+02	9.092573423231311569e-01	1.784821108427934733e-01	3.300850275092434560e-02	1.047748009238445910e+00	1.047748009238445945e+02	nan
nan	4.000000000000000000e+05	1.000000000000000000e+02	nan	9.500000000000000000e+02	9.341200397423190527e-01	1.787584566701096445e-01	3.316385313077448160e-02	1.024278939447077708e+00	1.024278939447077903e+02	nan
nan	4.000000000000000000e+05	1.000000000000000000e+02	nan	9.600000000000000000e+02	9.437292963732405449e-01	1.786074174200060205e-01	3.255002555653472435e-02	1.024519438453103559e+00	1.024519438453103959e+02	nan
nan	4.000000000000000000e+05	1.000000000000000000e+02	nan	9.700000000000000000e+02	9.691471525899828521e-01	1.801145325924578267e-01	3.262823642952009107e-02	1.000881184278239022e+00	1.000881184278239289e+02	nan
nan	4.000000000000000000e+05	1.000000000000000000e+02	nan	9.800000000000000000e+02	9.636043825910274307e-01	1.781524508966008669e-01	3.266718275939656940e-02	1.024238608061418754e+00	1.024238608061418461e+02	nan
nan	4.000000000000000000e+05	1.000000000000000000e+02	nan	9.900000000000000000e+02	9.890324454448091718e-01	1.787985685064487629e-01	3.232626015501495476e-02	1.000979771546351316e+00	1.000979771546351174e+02	nan
nan	4.000000000000000000e+05	1.000000000000000000e+02	nan	1.000000000000000000e+03	9.993612235862030513e-01	1.799074201672181683e-01	3.245646606905979586e-02	1.000639548425197978e+00	1.000639548425198200e+02	nan
nan	4.000000000000000000e+05	1.000000000000000000e+02	nan	1.010000000000000000e+03	9.932794799803469354e-01	1.785633758914686731e-01	3.282694658939052518e-02	1.024135435357657498e+00	1.024135435357657400e+02	nan
nan	4.000000000000000000e+05	1.000000000000000000e+02	nan	1.020000000000000000e+03	1.019385426712699383e+00	1.770371866838635067e-01	3.291739729426408634e-02	1.000603175487662755e+00	1.000603175487662497e+02	nan
nan	4.000000000000000000e+05	1.000000000000000000e+02	nan	1.030000000000000000e+03	1.029280346949667635e+00	1.803238856948278512e-01	3.261196510789391573e-02	1.000699533672910979e+00	1.000699533672911201e+02	nan
nan	4.000000000000000000e+05	1.000000000000000000e+02	nan	1.040000000000000000e+03	1.038982051483640090e+00	1.781573237186599989e-01	3.238738334238346062e-02	1.000984086186958333e+00	1.000984086186958564e+02	nan
nan	4.000000000000000000e+05	1.000000000000000000e+02	nan	1.050000000000000000e+03	1.049130169673855972e+00	1.757383984825932888e-01	3.233630981132298160e-02	1.000830146701702450e+00	1.000830146701702432e+02	nan
nan	4.000000000000000000e+05	1.000000000000000000e+02	nan	1.060000000000000000e+03	1.059233114467622361e+00	1.776047742765452520e-01	3.222317198986979214e-02	1.000724371008787417e+00	1.000724371008786875e+02	nan
nan	4.000000000000000000e+05	1.000000000000000000e+02	nan	1.070000000000000000e+03	1.069121290239365862e+00	1.780058642626208831e-01	3.225950478112318831e-02	1.000822954770089313e+00	1.000822954770089268e+02	nan
nan	4.000000000000000000e+05	1.000000000000000000e+02	nan	1.080000000000000000e+03	1.061580001788958061e+00	1.805881524370020474e-01	3.226000582158327495e-02	1.024644138331655574e+00	1.024644138331655796e+02	nan
nan	4.000000000000000000e+05	1.000000000000000000e+02	nan	1.090000000000000000e+03	1.089190073531790315e+00	1.797192409701559024e-01	3.229996743848958379e-02	1.000744118649665948e+00	1.000744118649666063e+02	nan
nan	4.000000000000000000e+05	1.000000000000000000e+02	nan	1.100000000000000000e+03	1.081690404788586690e+00	1.791013492506604576e-01	3.180322961268039483e-02	1.024195651940571494e+00	1.024195651940571281e+02	nan
nan	4.000000000000000000e+05	1.000000000000000000e+02	nan	1.110000000000000000e+03	1.074198032064773045e+00	1.788903030818253248e-01	3.171677539007042995e-02	1.047243987896770978e+00	1.047243987896770960e+02	nan
nan	4.000000000000000000e+05	1.000000000000000000e+02	nan	1.120000000000000000e+03	1.118842109039042132e+00	1.785930313543148962e-01	3.221115435397260002e-02	1.001035423194604146e+00	1.001035423194603879e+02	nan
nan	4.000000000000000000e+05	1.000000000000000000e+02	nan	1.130000000000000000e+03	1.128332948126660629e+00	1.762727491115744227e-01	3.174351828638717621e-02	1.001486796945177060e+00	1.001486796945177105e+02	nan
nan	4.000000000000000000e+05	1.000000000000000000e+02	nan	1.140000000000000000e+03	1.138367982772842790e+00	1.769056104262788920e-01	3.186260803726852220e-02	1.001440407994270920e+00	1.001440407994270601e+02	nan
nan	4.000000000000000000e+05	1.000000000000000000e+02	nan	1.150000000000000000e+03	1.148748678666015710e+00	1.770617143660798143e-01	3.163658088314127981e-02	1.001091132312375898e+00	1.001091132312375862e+02	nan
nan	4.000000000000000000e+05	1.000000000000000000e+02	nan	1.160000000000000000e+03	1.140378460675346650e+00	1.768929033152488173e-01	3.138374609464136128e-02	1.024551712879781196e+00	1.024551712879781462e+02	nan
nan	4.000000000000000000e+05	1.000000000000000000e+02	nan	1.170000000000000000e+03	1.169168526460998780e+00	1.781824258264632643e-01	3.138001265288905411e-02	1.000712370209482893e+00	1.000712370209482742e+02	nan
nan	4.000000000000000000e+05	1.000000000000000000e+02	nan	1.180000000000000000e+03	1.179020928630257092e+00	1.773548739549336839e-01	3.162699672213188651e-02	1.000831217714698074e+00	1.000831217714698056e+02	nan
nan	4.000000000000000000e+05	1.000000000000000000e+02	nan	1.190000000000000000e+03	1.189138653260272349e+00	1.762218579253583828e-01	3.145116806108932267e-02	1.000724990916300738e+00	1.000724990916300783e+02	nan
nan	4.000000000000000000e+05	1.000000000000000000e+02	nan	1.200000000000000000e+03	1.179791776248058088e+00	1.801323878674578050e-01	3.137166009675348283e-02	1.024343018577794862e+00	1.024343018577794737e+02	nan
nan	4.000000000000000000e+05	1.000000000000000000e+02	nan	1.210000000000000000e+03	1.189289891998570825e+00	1.804663870889987309e-01	3.203343151440812830e-02	1.024640327211556734e+00	1.024640327211557178e+02	nan
nan	4.000000000000000000e+05	1.000000000000000000e+02	nan	1.220000000000000000e+03	1.219083410116456934e+00	1.775020378208910787e-01	3.160187725809698867e-02	1.000753319917609518e+00	1.000753319917609332e+02	nan
nan	4.000000000000000000e+05	1.000000000000000000e+02	nan	1.230000000000000000e+03	1.209326431156231729e+00	1.783511255203701906e-01	3.102889418601152000e-02	1.024377758909524427e+00	1.024377758909524516e+02	nan
nan	4.000000000000000000e+05	1.000000000000000000e+02	nan	1.240000000000000000e+03	1.238665409453653776e+00	1.802766602976885735e-01	3.166393140605312795e-02	1.001079911643451226e+00	1.001079911643451226e+02	nan
nan	4.000000000000000000e+05	1.000000000000000000e+02	nan	1.250000000000000000e+03	1.229454971989793588e+00	1.788602705263833970e-01	3.136856640937747687e-02	1.023908725082142590e+00	1.023908725082142439e+02	nan
nan	4.000000000000000000e+05	1.000000000000000000e+02	nan	1.260000000000000000e+03	1.259210317668430390e+00	1.776284539372759430e-01	3.097860557280842503e-02	1.000627464514124432e+00	1.000627464514124512e+02	nan
nan	4.000000000000000000e+05	1.000000000000000000e+02	nan	1.270000000000000000e+03	1.247899838540810435e+00	1.794639899801621641e-01	3.150569944621125357e-02	1.024968057333645266e+00	1.024968057333645390e+02	nan
nan	4.000000000000000000e+05	1.000000000000000000e+02	nan	1.280000000000000000e+03	1.258966603016190788e+00	1.801502441620659589e-01	3.153806483367839475e-02	1.023969266846160409e+00	1.023969266846160338e+02	nan
nan	4.000000000000000000e+05	1.000000000000000000e+02	nan	1.290000000000000000e+03	1.268543470543892493e+00	1.783248261008082147e-01	3.122171128292493616e-02	1.024180657379591519e+00	1.024180657379591537e+02	nan
nan	4.000000000000000000e+05	1.000000000000000000e+02	nan	1.300000000000000000e+03	1.298984071715540312e+00	1.778434658391023770e-01	3.158113285473772291e-02	1.000782707199124655e+00	1.000782707199124388e+02	nan
nan	4.000000000000000000e+05	1.000000000000000000e+02	nan	1.310000000000000000e+03	1.288366787282578141e+00	1.790044620659601571e-01	3.095345813977564559e-02	1.024109882040465269e+00	1.024109882040465038e+02	nan
nan	4.000000000000000000e+05	1.000000000000000000e+02	nan	1.320000000000000000e+03	1.319096398624515221e+00	1.787392076049889034e-01	3.106859255173556253e-02	1.000685557112716229e+00	1.000685557112716282e+02	nan
nan	4.000000000000000000e+05	1.000000000000000000e+02	nan	1.330000000000000000e+03	1.306716553471742426e+00	1.764980241486781287e-01	3.123897829541167487e-02	1.025058246992884614e+00	1.025058246992884534e+02	nan
nan	4.000000000000000000e+05	1.000000000000000000e+02	nan	1.340000000000000000e+03	1.338693219164849735e+00	1.763503211550360161e-01	3.082401075610352592e-02	1.000978218880689274e+00	1.000978218880689354e+02	nan
nan	4.000000000000000000e+05	1.000000000000000000e+02	nan	1.350000000000000000e+03	1.305773525050253570e+00	1.776498679483674015e-01	3.060364969156926379e-02	1.047810279709779913e+00	1.047810279709780161e+02	nan
nan	4.000000000000000000e+05	1.000000000000000000e+02	nan	1.360000000000000000e+03	1.336018111326595648e+00	1.781353154597788424e-01	3.087337539540097736e-02	1.025176495585796044e+00	1.025176495585795919e+02	nan
nan	4.000000000000000000e+05	1.000000000000000000e+02	nan	1.370000000000000000e+03	1.369120759154270672e+00	1.814513459915308713e-01	3.070471576725367080e-02	1.000642597418406776e+00	1.000642597418406865e+02	nan
nan	4.000000000000000000e+05	1.000000000000000000e+02	nan	1.380000000000000000e+03	1.378453983901260838e+00	1.758927418367159379e-01	3.117567082691787700e-02	1.001122501147783339e+00	1.001122501147782913e+02	nan
nan	4.000000000000000000e+05	1.000000000000000000e+02	nan	1.390000000000000000e+03	1.366728318840632062e+00	1.785092100025320039e-01	3.044050562985243374e-02	1.024257604943562994e+00	1.024257604943562683e+02	nan
nan	4.000000000000000000e+05	1.000000000000000000e+02	nan	1.400000000000000000e+03	1.376644306332950762e+00	1.798879346683675273e-01	3.072077900398772349e-02	1.024263653310873989e+00	1.024263653310873963e+02	nan
nan	4.000000000000000000e+05	1.000000000000000000e+02	nan	1.410000000000000000e+03	1.407578636745177025e+00	1.786387663472161491e-01	3.080870214864016993e-02	1.001740879826195751e+00	1.001740879826195680e+02	nan
nan	4.000000000000000000e+05	1.000000000000000000e+02	nan	1.420000000000000000e+03	1.418860831361837382e+00	1.765216218579442609e-01	3.078334426591148795e-02	1.000803530024927834e+00	1.000803530024927852e+02	nan
nan	4.000000000000000000e+05	1.000000000000000000e+02	nan	1.430000000000000000e+03	1.405565220610866195e+00	1.791883989575474845e-01	3.068105398861214334e-02	1.024590428197443170e+00	1.024590428197443117e+02	nan
nan	4.000000000000000000e+05	1.000000000000000000e+02	nan	1.440000000000000000e+03	1.439118700493145386e+00	1.780414852949960824e-01	3.078640574089041432e-02	1.000612662973578981e+00	1.000612662973578892e+02	nan
nan	4.000000000000000000e+05	1.000000000000000000e+02	nan	1.450000000000000000e+03	1.425570822361042378e+00	1.790119665283957662e-01	3.049368082566292909e-02	1.024394045755260496e+00	1.024394045755260265e+02	nan
nan	4.000000000000000000e+05	1.000000000000000000e+02	nan	1.460000000000000000e+03	1.459256234987094558e+00	1.802771599792558355e-01	3.073865406415588614e-02	1.000510057181001278e+00	1.000510057181001287e+02	nan
nan	4.000000000000000000e+05	1.000000000000000000e+02	nan	1.470000000000000000e+03	1.421606847644886207e+00	1.767623503095937798e-01	3.060460911777172430e-02	1.048036511932081138e+00	1.048036511932081396e+02	nan
nan	4.000000000000000000e+05	1.000000000000000000e+02	nan	1.480000000000000000e+03	1.478971670913881598e+00	1.780104381370191113e-01	3.029296137736941022e-02	1.000695911059217291e+00	1.000695911059217167e+02	nan
nan	4.000000000000000000e+05	1.000000000000000000e+02	nan	1.490000000000000000e+03	1.488273543529555765e+00	1.772570718255093714e-01	3.048841318264033234e-02	1.001166499671604093e+00	1.001166499671604271e+02	nan
nan	4.000000000000000000e+05	1.000000000000000000e+02	nan	1.500000000000000000e+03	1.498931684477145199e+00	1.787404076644457940e-01	3.053164358855185376e-02	1.000714943939770230e+00	1.000714943939770478e+02	nan
nan	4.000000000000000000e+05	1.000000000000000000e+02	nan	1.510000000000000000e+03	1.509189445636422988e+00	1.765975318312126563e-01	3.056659741468367719e-02	1.000537785459423512e+00	1.000537785459423930e+02	nan
nan	4.000000000000000000e+05	1.000000000000000000e+02	nan	1.520000000000000000e+03	1.519004980008674011e+00	1.788811563212319433e-01	3.088452659094747046e-02	1.000655393510109681e+00	1.000655393510109405e+02	nan
nan	4.000000000000000000e+05	1.000000000000000000e+02	nan	1.530000000000000000e+03	1.504772523424710018e+00	1.770724215480471986e-01	3.053808947005374336e-02	1.023996824317038534e+00	1.023996824317038374e+02	nan
nan	4.000000000000000000e+05	1.000000000000000000e+02	nan	1.540000000000000000e+03	1.538812591540875019e+00	1.785603545152151528e-01	3.016869963078771047e-02	1.000772401917283005e+00	1.000772401917282934e+02	nan
nan	4.000000000000000000e+05	1.000000000000000000e+02	nan	1.550000000000000000e+03	1.548664089086003059e+00	1.771280140204342102e-01	3.033612498514393768e-02	1.000863894711295332e+00	1.000863894711295217e+02	nan
nan	4.000000000000000000e+05	1.000000000000000000e+02	nan	1.560000000000000000e+03	1.558955578586755930e+00	1.790864523768186112e-01	2.987458367620636837e-02	1.000670512140825696e+00	1.000670512140825394e+02	nan
nan	4.000000000000000000e+05	1.000000000000000000e+02	nan	1.570000000000000000e+03	1.568624457960936525e+00	1.788429302260820530e-01	3.001186760435412687e-02	1.000877371485882295e+00	1.000877371485882463e+02	nan
nan	4.000000000000000000e+05	1.000000000000000000e+02	nan	1.580000000000000000e+03	1.553700522276546980e+00	1.785652069580459522e-01	3.021468240208845940e-02	1.024198947387385150e+00	1.024198947387385061e+02	nan
nan	4.000000000000000000e+05	1.000000000000000000e+02	nan	1.590000000000000000e+03	1.588200957726507934e+00	1.785694886900906775e-01	3.037381909308705177e-02	1.001136522699651810e+00	1.001136522699652147e+02	nan
nan	4.000000000000000000e+05	1.000000000000000000e+02	nan	1.600000000000000000e+03	1.599138053051137875e+00	1.805705295816303624e-01	3.073141573076112326e-02	1.000539429151562798e+00	1.000539429151563127e+02	nan
nan	4.000000000000000000e+05	1.000000000000000000e+02	nan	1.610000000000000000e+03	1.609139112337777622e+00	1.787162507345973483e-01	3.067852873243343687e-02	1.000535196881389588e+00	1.000535196881389481e+02	nan
nan	4.000000000000000000e+05	1.000000000000000000e+02	nan	1.620000000000000000e+03	1.618132160022491828e+00	1.767060796225477515e-01	2.998229851376094102e-02	1.001158288376924332e+00	1.001158288376924190e+02	nan
nan	4.000000000000000000e+05	1.000000000000000000e+02	nan	1.630000000000000000e+03	1.601415636284652777e+00	1.791701598972448850e-01	2.998284189291640714e-02	1.025055455508162350e+00	1.025055455508162083e+02	nan
nan	4.000000000000000000e+05	1.000000000000000000e+02	nan	1.640000000000000000e+03	1.638285700607389206e+00	1.787787362228483445e-01	3.035215462157975913e-02	1.001050515864666091e+00	1.001050515864666011e+02	nan
nan	4.000000000000000000e+05	1.000000000000000000e+02	nan	1.650000000000000000e+03	1.648908898810862000e+00	1.772966345423166445e-01	2.998676676048817047e-02	1.000662349038780707e+00	1.000662349038780974e+02	nan
nan	4.000000000000000000e+05	1.000000000000000000e+02	nan	1.660000000000000000e+03	1.658685189121968051e+00	1.804116115742794013e-01	2.990496999190774691e-02	1.000793909704789542e+00	1.000793909704789257e+02	nan
nan	4.000000000000000000e+05	1.000000000000000000e+02	nan	1.670000000000000000e+03	1.641165331377857584e+00	1.777119799338597317e-01	3.023727982632936143e-02	1.024811097682371441e+00	1.024811097682371610e+02	nan
nan	4.000000000000000000e+05	1.000000000000000000e+02	nan	1.680000000000000000e+03	1.651660858393232179e+00	1.783431111336590269e-01	2.994549992508162978e-02	1.024399380033735429e+00	1.024399380033735270e+02	nan
nan	4.000000000000000000e+05	1.000000000000000000e+02	nan	1.690000000000000000e+03	1.688923449253638909e+00	1.755062660667202623e-01	3.009589923159219221e-02	1.000637848152404308e+00	1.000637848152404388e+02	nan
nan	4.000000000000000000e+05	1.000000000000000000e+02	nan	1.700000000000000000e+03	1.699190245083502804e+00	1.752628592894435733e-01	2.973219589278862721e-02	1.000476766222263558e+00	1.000476766222263336e+02	nan
nan	4.000000000000000000e+05	1.000000000000000000e+02	nan	1.710000000000000000e+03	1.708390584660605782e+00	1.790233099650573867e-01	3.027672227987275935e-02	1.000942733598998213e+00	1.000942733598998018e+02	nan
nan	4.000000000000000000e+05	1.000000000000000000e+02	nan	1.720000000000000000e+03	1.691164671321940149e+00	1.783697207733982437e-01	2.998978876680430394e-02	1.024306371138671068e+00	1.024306371138670784e+02	nan
nan	4.000000000000000000e+05	1.000000000000000000e+02	nan	1.730000000000000000e+03	1.700644605835728296e+00	1.789791480789621192e-01	3.009141761590923905e-02	1.024433812336646765e+00	1.024433812336646952e+02	nan
nan	4.000000000000000000e+05	1.000000000000000000e+02	nan	1.740000000000000000e+03	1.738347515052839798e+00	1.799246169033015263e-01	2.996030725636290165e-02	1.000953507225969208e+00	1.000953507225969190e+02	nan
nan	4.000000000000000000e+05	1.000000000000000000e+02	nan	1.750000000000000000e+03	1.746721019266624264e+00	1.773785568009445257e-01	2.948929412198323524e-02	1.001915955637993516e+00	1.001915955637993676e+02	nan
nan	4.000000000000000000e+05	1.000000000000000000e+02	nan	1.760000000000000000e+03	1.759009035724182102e+00	1.795727354466054027e-01	3.000304107454782043e-02	1.000563845185485912e+00	1.000563845185485832e+02	nan
nan	4.000000000000000000e+05	1.000000000000000000e+02	nan	1.770000000000000000e+03	1.740114721411126109e+00	1.778898948608250707e-01	2.959772572230583501e-02	1.024444213410325100e+00	1.024444213410325091e+02	nan
nan	4.000000000000000000e+05	1.000000000000000000e+02	nan	1.780000000000000000e+03	1.778660254578073863e+00	1.794566238497156963e-01	2.993688560302498747e-02	1.000753795066303020e+00	1.000753795066302985e+02	nan
nan	4.000000000000000000e+05	1.000000000000000000e+02	nan	1.790000000000000000e+03	1.788937764040372302e+00	1.773432010028971606e-01	2.982460351060053222e-02	1.000594133738734959e+00	1.000594133738735110e+02	nan
nan	4.000000000000000000e+05	1.000000000000000000e+02	nan	1.800000000000000000e+03	1.741554237122809878e+00	1.768789026025997246e-01	2.971018121949244722e-02	1.047471850988426212e+00	1.047471850988426212e+02	nan
nan	4.000000000000000000e+05	1.000000000000000000e+02	nan	1.810000000000000000e+03	1.808517277222370101e+00	1.781262653667539386e-01	2.952677827116488227e-02	1.000821657333467174e+00	1.000821657333467130e+02	nan
nan	4.000000000000000000e+05	1.000000000000000000e+02	nan	1.820000000000000000e+03	1.818108519975828674e+00	1.782602365723253146e-01	2.985116967350552250e-02	1.001042583829989674e+00	1.001042583829989780e+02	nan
nan	4.000000000000000000e+05	1.000000000000000000e+02	nan	1.830000000000000000e+03	1.828686043799098160e+00	1.781865036417961401e-01	2.944325824956008433e-02	1.000719181621363196e+00	1.000719181621362992e+02	nan
nan	4.000000000000000000e+05	1.000000000000000000e+02	nan	1.840000000000000000e+03	1.779767356757655294e+00	1.771858864682736567e-01	2.980175927246373618e-02	1.047860436001422313e+00	1.047860436001422642e+02	nan
nan	4.000000000000000000e+05	1.000000000000000000e+02	nan	1.850000000000000000e+03	1.818904482850715043e+00	1.773374897360308067e-01	2.973187717681523984e-02	1.024368370727300359e+00	1.024368370727300146e+02	nan
nan	4.000000000000000000e+05	1.000000000000000000e+02	nan	1.860000000000000000e+03	1.828822860996782484e+00	1.766360387064910831e-01	2.923226822997575941e-02	1.024320881382627446e+00	1.024320881382627704e+02	nan
nan	4.000000000000000000e+05	1.000000000000000000e+02	nan	1.870000000000000000e+03	1.868679166261494995e+00	1.803265035511202596e-01	2.948903926173978424e-02	1.000707647006562784e+00	1.000707647006562695e+02	nan
nan	4.000000000000000000e+05	1.000000000000000000e+02	nan	1.880000000000000000e+03	1.878707381071978988e+00	1.771131748232224745e-01	2.925886634977242773e-02	1.000688330331678699e+00	1.000688330331678770e+02	nan
nan	4.000000000000000000e+05	1.000000000000000000e+02	nan	1.890000000000000000e+03	1.887791128204082680e+00	1.780442100205204548e-01	2.944468209974671763e-02	1.001172007214164106e+00	1.001172007214164523e+02	nan
nan	4.000000000000000000e+05	1.000000000000000000e+02	nan	1.900000000000000000e+03	1.867894842006853739e+00	1.762242055978714694e-01	2.954120538884680985e-02	1.024468012272688355e+00	1.024468012272688213e+02	nan
nan	4.000000000000000000e+05	1.000000000000000000e+02	nan	1.910000000000000000e+03	1.908133922993636045e+00	1.779964790068572777e-01	2.987470238199512601e-02	1.000981177835104763e+00	1.000981177835105171e+02	nan
nan	4.000000000000000000e+05	1.000000000000000000e+02	nan	1.920000000000000000e+03	1.917962241916870925e+00	1.771646209284742368e-01	2.978312054385983190e-02	1.001064414371569233e+00	1.001064414371569171e+02	nan
nan	4.000000000000000000e+05	1.000000000000000000e+02	nan	1.930000000000000000e+03	1.928691542678177440e+00	1.808913973885228343e-01	2.944428588071729830e-02	1.000679106879122315e+00	1.000679106879122315e+02	nan
nan	4.000000000000000000e+05	1.000000000000000000e+02	nan	1.940000000000000000e+03	1.907784705192861807e+00	1.783933447322073595e-01	2.956965400347695908e-02	1.024130387849545354e+00	1.024130387849545514e+02	nan
nan	4.000000000000000000e+05	1.000000000000000000e+02	nan	1.950000000000000000e+03	1.947315924880604232e+00	1.778830563229519546e-01	2.922357669815418141e-02	1.001385427372883052e+00	1.001385427372883044e+02	nan
nan	4.000000000000000000e+05	1.000000000000000000e+02	nan	1.960000000000000000e+03	1.927203608532300994e+00	1.807058570446846979e-01	2.961002503468073213e-02	1.024290651932945106e+00	1.024290651932945195e+02	nan
nan	4.000000000000000000e+05	1.000000000000000000e+02	nan	1.970000000000000000e+03	1.968815603512678036e+00	1.829823736952502777e-01	2.957641052231834225e-02	1.000601938982102812e+00	1.000601938982102865e+02	nan
nan	4.000000000000000000e+05	1.000000000000000000e+02	nan	1.980000000000000000e+03	1.978508445385807502e+00	1.789290837447628790e-01	2.972523877442406065e-02	1.000754332460548124e+00	1.000754332460548284e+02	nan
nan	4.000000000000000000e+05	1.000000000000000000e+02	nan	1.990000000000000000e+03	1.956635725999681386e+00	1.791296950630323626e-01	2.909767534194945132e-02	1.024296625720375831e+00	1.024296625720375715e+02	nan
nan	4.000000000000000000e+05	1.000000000000000000e+02	nan	2.000000000000000000e+03	1.998938135947423644e+00	1.796188332735714488e-01	2.955304503566895044e-02	1.000531653311329983e+00	1.000531653311330160e+02	nan
nan	4.000000000000000000e+05	1.000000000000000000e+02	nan	2.010000000000000000e+03	1.976549254132240918e+00	1.766409099440439667e-01	2.928191655575982516e-02	1.024208273834947835e+00	1.024208273834947676e+02	nan
nan	4.000000000000000000e+05	1.000000000000000000e+02	nan	2.020000000000000000e+03	2.018325813251237832e+00	1.786540944963365407e-01	2.906835747006897286e-02	1.000830343563261504e+00	1.000830343563261806e+02	nan
nan	4.000000000000000000e+05	1.000000000000000000e+02	nan	2.030000000000000000e+03	1.996372167852041857e+00	1.792828604885085275e-01	2.973111366935419358e-02	1.024017172336632919e+00	1.024017172336632484e+02	nan
nan	4.000000000000000000e+05	1.000000000000000000e+02	nan	2.040000000000000000e+03	2.038145352184085546e+00	1.798969924871680892e-01	2.904305373189778466e-02	1.000910608518671197e+00	1.000910608518671694e+02	nan
nan	4.000000000000000000e+05	1.000000000000000000e+02	nan	2.050000000000000000e+03	2.014030672266893252e+00	1.764023981012863007e-01	2.929793101044271889e-02	1.025123066601735911e+00	1.025123066601736070e+02	nan
nan	4.000000000000000000e+05	1.000000000000000000e+02	nan	2.060000000000000000e+03	2.025797364592434313e+00	1.776413183813929375e-01	2.922722991850967844e-02	1.024198011390649032e+00	1.024198011390649299e+02	nan
nan	4.000000000000000000e+05	1.000000000000000000e+02	nan	2.070000000000000000e+03	2.035621582836125931e+00	1.767182546734090975e-01	2.913515575247267037e-02	1.024161149842738538e+00	1.024161149842738325e+02	nan
nan	4.000000000000000000e+05	1.000000000000000000e+02	nan	2.080000000000000000e+03	2.078340791057553538e+00	1.768620634238237121e-01	2.923769731894632073e-02	1.000798869836665661e+00	1.000798869836665688e+02	nan
nan	4.000000000000000000e+05	1.000000000000000000e+02	nan	2.090000000000000000e+03	2.055083683332252331e+00	1.775665585737802865e-01	2.920880238528666267e-02	1.024227837035569522e+00	1.024227837035569308e+02	nan
nan	4.000000000000000000e+05	1.000000000000000000e+02	nan	2.100000000000000000e+03	2.096871926969265498e+00	1.782244677247269982e-01	2.948777464983804580e-02	1.001498107098689028e+00	1.001498107098689019e+02	nan
nan	4.000000000000000000e+05	1.000000000000000000e+02	nan	2.110000000000000000e+03	2.074875610843822660e+00	1.793862660118641650e-01	2.925390558064536184e-02	1.024201693497992949e+00	1.024201693497992949e+02	nan
nan	4.000000000000000000e+05	1.000000000000000000e+02	nan	2.120000000000000000e+03	2.116127848604014705e+00	1.794203375394045341e-01	2.932057844483675763e-02	1.001841353909310284e+00	1.001841353909310612e+02	nan
nan	4.000000000000000000e+05	1.000000000000000000e+02	nan	2.130000000000000000e+03	2.128405214010149482e+00	1.803438591820483161e-01	2.944152122785107656e-02	1.000749694888909858e+00	1.000749694888910000e+02	nan
nan	4.000000000000000000e+05	1.000000000000000000e+02	nan	2.140000000000000000e+03	2.137599179250764703e+00	1.800326851869743783e-01	2.899553758997431424e-02	1.001127697256692040e+00	1.001127697256692102e+02	nan
nan	4.000000000000000000e+05	1.000000000000000000e+02	nan	2.150000000000000000e+03	2.148756348935944693e+00	1.779742292326036424e-01	2.958344011580829602e-02	1.000579102424725253e+00	1.000579102424725448e+02	nan
nan	4.000000000000000000e+05	1.000000000000000000e+02	nan	2.160000000000000000e+03	2.158764149941384769e+00	1.776019429431990038e-01	2.948585669811629867e-02	1.000572828358442523e+00	1.000572828358442194e+02	nan
nan	4.000000000000000000e+05	1.000000000000000000e+02	nan	2.170000000000000000e+03	2.167678386909051458e+00	1.776811733192373843e-01	2.910755993273074840e-02	1.001074315912731105e+00	1.001074315912731123e+02	nan
nan	4.000000000000000000e+05	1.000000000000000000e+02	nan	2.180000000000000000e+03	2.143733262909830906e+00	1.816335389197355210e-01	2.899758786031298927e-02	1.024189876696151025e+00	1.024189876696151202e+02	nan
nan	4.000000000000000000e+05	1.000000000000000000e+02	nan	2.190000000000000000e+03	2.153736861413599435e+00	1.764512475731916663e-01	2.912643560080464128e-02	1.024074831365540117e+00	1.024074831365540206e+02	nan
nan	4.000000000000000000e+05	1.000000000000000000e+02	nan	2.200000000000000000e+03	2.198394751265800640e+00	1.774892100384176941e-01	2.909128934347284326e-02	1.000730969227256129e+00	1.000730969227256111e+02	nan
nan	4.000000000000000000e+05	1.000000000000000000e+02	nan	2.210000000000000000e+03	2.208797026055163037e+00	1.801345997145648581e-01	2.910779089133520153e-02	1.000544979460398221e+00	1.000544979460397883e+02	nan
nan	4.000000000000000000e+05	1.000000000000000000e+02	nan	2.220000000000000000e+03	2.217319089214470296e+00	1.793071077137240454e-01	2.949134646897174500e-02	1.001212927105037176e+00	1.001212927105036812e+02	nan
nan	4.000000000000000000e+05	1.000000000000000000e+02	nan	2.230000000000000000e+03	2.227899844671901608e+00	1.790332030541336716e-01	2.913164463937459314e-02	1.000944142886012411e+00	1.000944142886012145e+02	nan
nan	4.000000000000000000e+05	1.000000000000000000e+02	nan	2.240000000000000000e+03	2.166394221464111869e+00	1.795142597291391751e-01	2.873628047136048136e-02	1.047965959187352469e+00	1.047965959187352354e+02	nan
nan	4.000000000000000000e+05	1.000000000000000000e+02	nan	2.250000000000000000e+03	2.248674641459410761e+00	1.794753062172630975e-01	2.901096036088534127e-02	1.000589886315840005e+00	1.000589886315840147e+02	nan
nan	4.000000000000000000e+05	1.000000000000000000e+02	nan	2.260000000000000000e+03	2.258561965858575604e+00	1.783115578473036811e-01	2.917807662717082293e-02	1.000637101844392030e+00	1.000637101844392163e+02	nan
nan	4.000000000000000000e+05	1.000000000000000000e+02	nan	2.270000000000000000e+03	2.266888199594791153e+00	1.798094596734269301e-01	2.877274743293183751e-02	1.001383204875406996e+00	1.001383204875407245e+02	nan
nan	4.000000000000000000e+05	1.000000000000000000e+02	nan	2.280000000000000000e+03	2.278377238175562702e+00	1.766455646532706647e-01	2.881556989510778571e-02	1.000712689809391431e+00	1.000712689809391662e+02	nan
nan	4.000000000000000000e+05	1.000000000000000000e+02	nan	2.290000000000000000e+03	2.288147217629921126e+00	1.788180747785346192e-01	2.899927503946560584e-02	1.000810362592059688e+00	1.000810362592059306e+02	nan
nan	4.000000000000000000e+05	1.000000000000000000e+02	nan	2.300000000000000000e+03	2.222049465333665985e+00	1.799913525240854628e-01	2.868689407467540226e-02	1.049015944852009552e+00	1.049015944852009881e+02	nan
nan	4.000000000000000000e+05	1.000000000000000000e+02	nan	2.310000000000000000e+03	2.307312057130502581e+00	1.770617251099151634e-01	2.884502493270100359e-02	1.001170838647750472e+00	1.001170838647750543e+02	nan
nan	4.000000000000000000e+05	1.000000000000000000e+02	nan	2.320000000000000000e+03	2.317740663851873162e+00	1.775153058805432615e-01	2.875521128606657248e-02	1.000975598738544914e+00	1.000975598738544647e+02	nan
nan	4.000000000000000000e+05	1.000000000000000000e+02	nan	2.330000000000000000e+03	2.328287198453267592e+00	1.778528271843891895e-01	2.873972019642959813e-02	1.000737240977247033e+00	1.000737240977246927e+02	nan
nan	4.000000000000000000e+05	1.000000000000000000e+02	nan	2.340000000000000000e+03	2.299855211528347709e+00	1.768339113696039688e-01	2.897280496815266698e-02	1.024668692757666255e+00	1.024668692757665838e+02	nan
nan	4.000000000000000000e+05	1.000000000000000000e+02	nan	2.350000000000000000e+03	2.348575202699839881e+00	1.805956490568560446e-01	2.913511599396358814e-02	1.000607163719347215e+00	1.000607163719347454e+02	nan
nan	4.000000000000000000e+05	1.000000000000000000e+02	nan	2.360000000000000000e+03	2.358228392897922188e+00	1.789753534392196366e-01	2.903550602343015624e-02	1.000752140577427340e+00	1.000752140577427127e+02	nan
nan	4.000000000000000000e+05	1.000000000000000000e+02	nan	2.370000000000000000e+03	2.367716513141044921e+00	1.780547933158557750e-01	2.871781068825730518e-02	1.000965907405176880e+00	1.000965907405176978e+02	nan
nan	4.000000000000000000e+05	1.000000000000000000e+02	nan	2.380000000000000000e+03	2.378097472331046625e+00	1.763256282638550609e-01	2.845917070498531903e-02	1.000801684259140956e+00	1.000801684259140814e+02	nan
nan	4.000000000000000000e+05	1.000000000000000000e+02	nan	2.390000000000000000e+03	2.387842262886306521e+00	1.770011170047942062e-01	2.868847143107947778e-02	1.000905417158422850e+00	1.000905417158422495e+02	nan
nan	4.000000000000000000e+05	1.000000000000000000e+02	nan	2.400000000000000000e+03	2.360312125498652325e+00	1.759692686489668645e-01	2.864029833374347883e-02	1.024082248948783747e+00	1.024082248948783871e+02	nan
nan	4.000000000000000000e+05	1.000000000000000000e+02	nan	2.410000000000000000e+03	2.369560785726628982e+00	1.798061365350544227e-01	2.882506306875368823e-02	1.024327308618306898e+00	1.024327308618307200e+02	nan
nan	4.000000000000000000e+05	1.000000000000000000e+02	nan	2.420000000000000000e+03	2.379323738944274069e+00	1.769606056862236265e-01	2.913509268046108810e-02	1.024390654285505686e+00	1.024390654285505917e+02	nan
nan	4.000000000000000000e+05	1.000000000000000000e+02	nan	2.430000000000000000e+03	2.389049458099961054e+00	1.807655979885270103e-01	2.849171684026911150e-02	1.024407312006622828e+00	1.024407312006622703e+02	nan
nan	4.000000000000000000e+05	1.000000000000000000e+02	nan	2.440000000000000000e+03	2.431966991871013395e+00	1.776509868307529216e-01	2.879828476818498822e-02	1.003370787082172644e+00	1.003370787082172484e+02	nan
nan	4.000000000000000000e+05	1.000000000000000000e+02	nan	2.450000000000000000e+03	2.408286183462804875e+00	1.781230544022726348e-01	2.902897344904335070e-02	1.024577024108480394e+00	1.024577024108480430e+02	nan
nan	4.000000000000000000e+05	1.000000000000000000e+02	nan	2.460000000000000000e+03	2.458490409562136936e+00	1.764511689135555006e-01	2.889276489226115865e-02	1.000614318779632139e+00	1.000614318779632441e+02	nan
nan	4.000000000000000000e+05	1.000000000000000000e+02	nan	2.470000000000000000e+03	2.467848716909702311e+00	1.778992111552827882e-01	2.867275319384426924e-02	1.000872452796087497e+00	1.000872452796087231e+02	nan
nan	4.000000000000000000e+05	1.000000000000000000e+02	nan	2.480000000000000000e+03	2.476425042879100147e+00	1.756823538109215654e-01	2.857586540999476621e-02	1.001459644492980194e+00	1.001459644492979919e+02	nan
nan	4.000000000000000000e+05	1.000000000000000000e+02	nan	2.490000000000000000e+03	2.448918778185142919e+00	1.779931286704174442e-01	2.851944258369428636e-02	1.024037919311818090e+00	1.024037919311818143e+02	nan
nan	4.000000000000000000e+05	1.000000000000000000e+02	nan	2.500000000000000000e+03	2.498417504146004831e+00	1.777768820501471059e-01	2.866443049726804040e-02	1.000633683154793729e+00	1.000633683154793658e+02	nan
nan	4.000000000000000000e+05	1.000000000000000000e+02	nan	2.510000000000000000e+03	2.507762883050690839e+00	1.772739374881373842e-01	2.870662969516312238e-02	1.000892657104434091e+00	1.000892657104434278e+02	nan
nan	4.000000000000000000e+05	1.000000000000000000e+02	nan	2.520000000000000000e+03	2.518334471735534041e+00	1.796504572459060589e-01	2.877480985712317293e-02	1.000661963232506668e+00	1.000661963232506935e+02	nan
nan	4.000000000000000000e+05	1.000000000000000000e+02	nan	2.530000000000000000e+03	2.447164051947045227e+00	1.787917463201665613e-01	2.842671205568064047e-02	1.047769202910512343e+00	1.047769202910512405e+02	nan
nan	4.000000000000000000e+05	1.000000000000000000e+02	nan	2.540000000000000000e+03	2.496801493039468856e+00	1.756829389515061346e-01	2.841557437231758201e-02	1.024570357164574785e+00	1.024570357164574546e+02	nan
nan	4.000000000000000000e+05	1.000000000000000000e+02	nan	2.550000000000000000e+03	2.547516184609821543e+00	1.772601078327421253e-01	2.865501137382708147e-02	1.000975443483925531e+00	1.000975443483925176e+02	nan
