# SourcePhotonFlux	NumberRaysSurvived	PercentageRaysSurvived	PhotonFlux	PhotonEnergy	Bandwidth	HorizontalFocusFWHM	VerticalFocusFWHM	EnergyPerMilPerBw	FluxPerMilPerBwPerc	FluxPerMilPerBwAbs
nan	2.000000000000000000e+04	5.000000000000000000e+00	nan	2.500000000000000000e+00	2.452831441977280230e-03	9.943905019391558950e-03	4.664302705119920296e-03	5.132604317848261932e-02	5.132604317848262099e+00	nan
nan	2.000000000000000000e+04	5.000000000000000000e+00	nan	3.000000000000000000e+00	2.996386431234281545e-03	9.742923289633598910e-03	4.298565957154261950e-03	5.006045949835822434e-02	5.006045949835822739e+00	nan
nan	2.000000000000000000e+04	5.000000000000000000e+00	nan	3.500000000000000000e+00	3.441643362793432755e-03	9.557363010462862490e-03	4.063403355874796799e-03	5.121492999847430255e-02	5.121492999847428784e+00	nan
nan	2.000000000000000000e+04	5.000000000000000000e+00	nan	4.000000000000000000e+00	3.994063375115430858e-03	9.460423945463361170e-03	3.805316488939743287e-03	5.007475451018696816e-02	5.007475451018696511e+00	nan
nan	2.000000000000000000e+04	5.000000000000000000e+00	nan	4.500000000000000000e+00	4.497284385479360935e-03	9.506239718474036871e-03	3.661624468885023298e-03	5.003020491226968514e-02	5.003020491226967792e+00	nan
nan	2.000000000000000000e+04	5.000000000000000000e+00	nan	5.000000000000000000e+00	4.996241378079524509e-03	9.383353487208886609e-03	3.449403221061404616e-03	5.003763700201500214e-02	5.003763700201501408e+00	nan
nan	2.000000000000000000e+04	5.000000000000000000e+00	nan	5.500000000000000000e+00	5.496235240493128373e-03	9.432341670620144822e-03	3.363793289766323687e-03	5.003428058068244699e-02	5.003428058068243089e+00	nan
nan	2.000000000000000000e+04	5.000000000000000000e+00	nan	6.000000000000000000e+00	5.898975887376275637e-03	9.537269795851411811e-03	3.161296224296750081e-03	5.121734380288961441e-02	5.121734380288961219e+00	nan
nan	2.000000000000000000e+04	5.000000000000000000e+00	nan	6.500000000000000000e+00	6.495964940097920422e-03	9.354818148985786369e-03	3.094295572633864316e-03	5.003107638159128706e-02	5.003107638159128179e+00	nan
nan	2.000000000000000000e+04	5.000000000000000000e+00	nan	7.000000000000000000e+00	6.993554511598958426e-03	9.275066426360969313e-03	2.981055789977291731e-03	5.004624206847581996e-02	5.004624206847582357e+00	nan
nan	2.000000000000000000e+04	5.000000000000000000e+00	nan	7.500000000000000000e+00	7.372969912004756488e-03	9.196353297557382372e-03	2.933450551549598301e-03	5.122403806336903870e-02	5.122403806336905063e+00	nan
nan	2.000000000000000000e+04	5.000000000000000000e+00	nan	8.000000000000000000e+00	7.993388088105887745e-03	9.108272545672511239e-03	2.867874073015309368e-03	5.004147251350008624e-02	5.004147251350009817e+00	nan
nan	2.000000000000000000e+04	5.000000000000000000e+00	nan	8.500000000000000000e+00	8.357774634415390119e-03	9.186976194066798565e-03	2.761986024779086897e-03	5.121515837680190586e-02	5.121515837680188810e+00	nan
nan	2.000000000000000000e+04	5.000000000000000000e+00	nan	9.000000000000000000e+00	8.689449458198449799e-03	9.255934601185055247e-03	2.687791568485278088e-03	5.248544885153209189e-02	5.248544885153210160e+00	nan
nan	2.000000000000000000e+04	5.000000000000000000e+00	nan	9.500000000000000000e+00	9.192235833445899090e-03	9.254228476919014457e-03	2.679287897041886767e-03	5.236553101369121471e-02	5.236553101369120888e+00	nan
nan	2.000000000000000000e+04	5.000000000000000000e+00	nan	1.000000000000000000e+01	9.991679271486191005e-03	9.089027057724984038e-03	2.626726948619670463e-03	5.004171204234235393e-02	5.004171204234234338e+00	nan
nan	2.000000000000000000e+04	5.000000000000000000e+00	nan	1.050000000000000000e+01	1.047268552524919030e-02	9.174485933834233484e-03	2.567431976929414762e-03	5.013391276360312787e-02	5.013391276360311899e+00	nan
nan	2.000000000000000000e+04	5.000000000000000000e+00	nan	1.100000000000000000e+01	1.081779044065113958e-02	9.057539801331242549e-03	2.528048425060843481e-03	5.120501637488692609e-02	5.120501637488693802e+00	nan
nan	2.000000000000000000e+04	5.000000000000000000e+00	nan	1.150000000000000000e+01	1.149029763601035377e-02	9.113023908142951074e-03	2.486542517208870356e-03	5.004224464901248920e-02	5.004224464901248837e+00	nan
nan	2.000000000000000000e+04	5.000000000000000000e+00	nan	1.200000000000000000e+01	1.198836478767077544e-02	9.117767786612978459e-03	2.429136120694625443e-03	5.004867561715611174e-02	5.004867561715610869e+00	nan
nan	2.000000000000000000e+04	5.000000000000000000e+00	nan	1.250000000000000000e+01	1.249095929669394485e-02	9.130707894080070455e-03	2.394630976587913424e-03	5.003621585267403749e-02	5.003621585267405081e+00	nan
nan	2.000000000000000000e+04	5.000000000000000000e+00	nan	1.300000000000000000e+01	1.298921591731797866e-02	9.170811120884973106e-03	2.356461512771587143e-03	5.004156796309622290e-02	5.004156796309620958e+00	nan
nan	2.000000000000000000e+04	5.000000000000000000e+00	nan	1.350000000000000000e+01	1.348336609357644877e-02	9.192924332424221717e-03	2.338263165863178807e-03	5.006190186393402047e-02	5.006190186393402186e+00	nan
nan	2.000000000000000000e+04	5.000000000000000000e+00	nan	1.400000000000000000e+01	1.376812145855843897e-02	9.082691181815497061e-03	2.314963429574892761e-03	5.120251494155035610e-02	5.120251494155034777e+00	nan
nan	2.000000000000000000e+04	5.000000000000000000e+00	nan	1.450000000000000000e+01	1.449242038102994436e-02	9.060421130487149657e-03	2.278322762718237686e-03	5.002616551035812126e-02	5.002616551035812265e+00	nan
nan	2.000000000000000000e+04	5.000000000000000000e+00	nan	1.500000000000000000e+01	1.474576475647896602e-02	9.042648633455148063e-03	2.251019638790706899e-03	5.122466966277229583e-02	5.122466966277229083e+00	nan
nan	2.000000000000000000e+04	5.000000000000000000e+00	nan	1.550000000000000000e+01	1.548788635931259636e-02	9.145464692013478489e-03	2.228707829206481167e-03	5.003916069956081125e-02	5.003916069956081181e+00	nan
nan	2.000000000000000000e+04	5.000000000000000000e+00	nan	1.600000000000000000e+01	1.599208904488137045e-02	9.030792401244713830e-03	2.208193712646706192e-03	5.002474138862157693e-02	5.002474138862158526e+00	nan
nan	2.000000000000000000e+04	5.000000000000000000e+00	nan	1.650000000000000000e+01	1.648784105238632752e-02	8.941397012870501773e-03	2.179751142612953736e-03	5.003689626442372335e-02	5.003689626442371363e+00	nan
nan	2.000000000000000000e+04	5.000000000000000000e+00	nan	1.700000000000000000e+01	1.697218827770910834e-02	8.921139588192978503e-03	2.180550009150023470e-03	5.008336338952786709e-02	5.008336338952786626e+00	nan
nan	2.000000000000000000e+04	5.000000000000000000e+00	nan	1.750000000000000000e+01	1.748276754387319623e-02	9.070085370977898007e-03	2.135969850277781058e-03	5.004937144102516999e-02	5.004937144102517443e+00	nan
nan	2.000000000000000000e+04	5.000000000000000000e+00	nan	1.800000000000000000e+01	1.798919897576652799e-02	9.058083161708014794e-03	2.129887545117185345e-03	5.003003001080228579e-02	5.003003001080228884e+00	nan
nan	2.000000000000000000e+04	5.000000000000000000e+00	nan	1.850000000000000000e+01	1.818352546565797298e-02	9.194728220942628011e-03	2.100240045421404231e-03	5.123188774657640859e-02	5.123188774657640110e+00	nan
nan	2.000000000000000000e+04	5.000000000000000000e+00	nan	1.900000000000000000e+01	1.899075021396015583e-02	8.992794870848787314e-03	2.078169318239447318e-03	5.002436512331429747e-02	5.002436512331430052e+00	nan
nan	2.000000000000000000e+04	5.000000000000000000e+00	nan	1.950000000000000000e+01	1.947662214805248593e-02	9.008554541469248125e-03	2.057874573231095305e-03	5.006019457953512358e-02	5.006019457953511775e+00	nan
nan	2.000000000000000000e+04	5.000000000000000000e+00	nan	2.000000000000000000e+01	1.998553609723103391e-02	9.087227655121392703e-03	2.066424997313123877e-03	5.003625209069415686e-02	5.003625209069414659e+00	nan
nan	2.000000000000000000e+04	5.000000000000000000e+00	nan	2.050000000000000000e+01	2.047357546355186783e-02	9.000210032505383609e-03	2.041735642412711386e-03	5.006489440391202750e-02	5.006489440391203694e+00	nan
nan	2.000000000000000000e+04	5.000000000000000000e+00	nan	2.100000000000000000e+01	2.097885753724739247e-02	9.045687256643449720e-03	2.039369645737245003e-03	5.005044265092375294e-02	5.005044265092375433e+00	nan
nan	2.000000000000000000e+04	5.000000000000000000e+00	nan	2.150000000000000000e+01	2.147261943703185350e-02	9.010377757979404906e-03	1.983101646474651723e-03	5.006391552551285595e-02	5.006391552551287205e+00	nan
nan	2.000000000000000000e+04	5.000000000000000000e+00	nan	2.200000000000000000e+01	2.198640815894918957e-02	9.087559997737739911e-03	2.012952944330567880e-03	5.003092886061162592e-02	5.003092886061163647e+00	nan
nan	2.000000000000000000e+04	5.000000000000000000e+00	nan	2.250000000000000000e+01	2.248169035184077041e-02	9.095798412326282917e-03	1.975358857028126393e-03	5.004074830710129873e-02	5.004074830710131039e+00	nan
nan	2.000000000000000000e+04	5.000000000000000000e+00	nan	2.300000000000000000e+01	2.298603087396045713e-02	8.931387204941149821e-03	1.953688507311603182e-03	5.003040186903336128e-02	5.003040186903335851e+00	nan
nan	2.000000000000000000e+04	5.000000000000000000e+00	nan	2.350000000000000000e+01	2.348863681235570725e-02	9.004297566177189849e-03	1.973569121899774233e-03	5.002420386303505634e-02	5.002420386303506383e+00	nan
nan	2.000000000000000000e+04	5.000000000000000000e+00	nan	2.400000000000000000e+01	2.358096937896502626e-02	8.981370866172974296e-03	1.923585560035272505e-03	5.124947909723439471e-02	5.124947909723439388e+00	nan
nan	2.000000000000000000e+04	5.000000000000000000e+00	nan	2.450000000000000000e+01	2.448771343362054348e-02	8.970879704388676906e-03	1.933814713360482510e-03	5.002510358081688896e-02	5.002510358081687869e+00	nan
nan	2.000000000000000000e+04	5.000000000000000000e+00	nan	2.500000000000000000e+01	2.498664539435338852e-02	8.943192331540074022e-03	1.928354809335051196e-03	5.002674802166018342e-02	5.002674802166017898e+00	nan
nan	2.000000000000000000e+04	5.000000000000000000e+00	nan	2.550000000000000000e+01	2.466199543893294460e-02	8.991669299024760559e-03	1.886196883796321206e-03	5.239987480655965146e-02	5.239987480655965868e+00	nan
nan	2.000000000000000000e+04	5.000000000000000000e+00	nan	2.600000000000000000e+01	2.597926394792267682e-02	8.955226371116734724e-03	1.903049827105182060e-03	5.003994160780465134e-02	5.003994160780466771e+00	nan
nan	2.000000000000000000e+04	5.000000000000000000e+00	nan	2.650000000000000000e+01	2.647385974540270720e-02	8.892640145539976171e-03	1.869312225606393953e-03	5.004943772714721961e-02	5.004943772714720573e+00	nan
nan	2.000000000000000000e+04	5.000000000000000000e+00	nan	2.700000000000000000e+01	2.698276642622914751e-02	8.976302094060441966e-03	1.861802271277971949e-03	5.003195703446156051e-02	5.003195703446156273e+00	nan
nan	2.000000000000000000e+04	5.000000000000000000e+00	nan	2.750000000000000000e+01	2.747749392683943026e-02	8.958882966900845457e-03	1.859577820455251326e-03	5.004102107225326390e-02	5.004102107225326890e+00	nan
nan	2.000000000000000000e+04	5.000000000000000000e+00	nan	2.800000000000000000e+01	2.794737053281551309e-02	8.964725544977361626e-03	1.864647998682284315e-03	5.009547752869673853e-02	5.009547752869672799e+00	nan
nan	2.000000000000000000e+04	5.000000000000000000e+00	nan	2.850000000000000000e+01	2.847542995699626697e-02	8.919745098962766558e-03	1.874064891114079383e-03	5.004327354321943394e-02	5.004327354321942423e+00	nan
nan	2.000000000000000000e+04	5.000000000000000000e+00	nan	2.900000000000000000e+01	2.895835719771809938e-02	8.997486574678357704e-03	1.841499677301821096e-03	5.007215479732949476e-02	5.007215479732948005e+00	nan
nan	2.000000000000000000e+04	5.000000000000000000e+00	nan	2.950000000000000000e+01	2.945307480114166612e-02	8.966201731110012840e-03	1.838406332611330950e-03	5.008034050259868586e-02	5.008034050259867698e+00	nan
nan	2.000000000000000000e+04	5.000000000000000000e+00	nan	3.000000000000000000e+01	2.949008881832606427e-02	9.085144641596511889e-03	1.842695726800253108e-03	5.122636386269456554e-02	5.122636386269456388e+00	nan
nan	2.000000000000000000e+04	5.000000000000000000e+00	nan	3.050000000000000000e+01	2.997163840547015928e-02	8.912664570389767366e-03	1.815217349530547780e-03	5.124675018912293323e-02	5.124675018912294711e+00	nan
nan	2.000000000000000000e+04	5.000000000000000000e+00	nan	3.100000000000000000e+01	3.097067008114862824e-02	8.995934844177811557e-03	1.821608070152096973e-03	5.004752978788713780e-02	5.004752978788713058e+00	nan
nan	2.000000000000000000e+04	5.000000000000000000e+00	nan	3.150000000000000000e+01	3.044992863405189890e-02	9.016165590018988124e-03	1.785744574078881788e-03	5.242611926138620454e-02	5.242611926138621037e+00	nan
nan	2.000000000000000000e+04	5.000000000000000000e+00	nan	3.200000000000000000e+01	3.144818360884575614e-02	9.078741956168267374e-03	1.791516320358046239e-03	5.123957362978114050e-02	5.123957362978112329e+00	nan
nan	2.000000000000000000e+04	5.000000000000000000e+00	nan	3.250000000000000000e+01	3.246481582978021085e-02	9.061950344449367506e-03	1.810181155787974868e-03	5.005460986967193160e-02	5.005460986967191772e+00	nan
nan	2.000000000000000000e+04	5.000000000000000000e+00	nan	3.300000000000000000e+01	3.295157586502199532e-02	8.958215700083727376e-03	1.797301489475327304e-03	5.007386398737264516e-02	5.007386398737265765e+00	nan
nan	2.000000000000000000e+04	5.000000000000000000e+00	nan	3.350000000000000000e+01	3.347768507371028796e-02	8.937384400675421267e-03	1.787293072859148096e-03	5.003336178987483063e-02	5.003336178987483507e+00	nan
nan	2.000000000000000000e+04	5.000000000000000000e+00	nan	3.400000000000000000e+01	3.396751578849858955e-02	8.831600552899962139e-03	1.772881698844928997e-03	5.004790542925839636e-02	5.004790542925841024e+00	nan
nan	2.000000000000000000e+04	5.000000000000000000e+00	nan	3.450000000000000000e+01	3.447616153518311133e-02	8.919456135019047244e-03	1.752946747812701104e-03	5.003462663217442957e-02	5.003462663217442596e+00	nan
nan	2.000000000000000000e+04	5.000000000000000000e+00	nan	3.500000000000000000e+01	3.496406066845907101e-02	8.915396216352946754e-03	1.736698510388626172e-03	5.005151052684173735e-02	5.005151052684174040e+00	nan
nan	2.000000000000000000e+04	5.000000000000000000e+00	nan	3.550000000000000000e+01	3.547160113986563834e-02	8.985788979647512179e-03	1.747236669956281309e-03	5.004005690737426543e-02	5.004005690737425738e+00	nan
nan	2.000000000000000000e+04	5.000000000000000000e+00	nan	3.600000000000000000e+01	3.538799655047494136e-02	8.949694231206537648e-03	1.755159527094963439e-03	5.122891466213928824e-02	5.122891466213930656e+00	nan
nan	2.000000000000000000e+04	5.000000000000000000e+00	nan	3.650000000000000000e+01	3.647282227101698165e-02	9.122322012484699455e-03	1.749471937287433053e-03	5.003729857626075528e-02	5.003729857626075805e+00	nan
nan	2.000000000000000000e+04	5.000000000000000000e+00	nan	3.700000000000000000e+01	3.697090276062652697e-02	8.961474672493292479e-03	1.743650494593771555e-03	5.003938338711304279e-02	5.003938338711305889e+00	nan
nan	2.000000000000000000e+04	5.000000000000000000e+00	nan	3.750000000000000000e+01	3.747645610689460255e-02	8.953786517750295798e-03	1.726383070578731832e-03	5.003142815663854520e-02	5.003142815663855103e+00	nan
nan	2.000000000000000000e+04	5.000000000000000000e+00	nan	3.800000000000000000e+01	3.732349630989401090e-02	9.043226943652924593e-03	1.735289741676558596e-03	5.126870565313162986e-02	5.126870565313161876e+00	nan
nan	2.000000000000000000e+04	5.000000000000000000e+00	nan	3.850000000000000000e+01	3.846541672967333791e-02	8.867211857265487607e-03	1.729729407096581434e-03	5.004499713146578349e-02	5.004499713146578266e+00	nan
nan	2.000000000000000000e+04	5.000000000000000000e+00	nan	3.900000000000000000e+01	3.895396489354936709e-02	8.907276486756010928e-03	1.705825920970959007e-03	5.005941493370053008e-02	5.005941493370053230e+00	nan
nan	2.000000000000000000e+04	5.000000000000000000e+00	nan	3.950000000000000000e+01	3.945807509089803433e-02	8.921743650492804795e-03	1.711333698050478743e-03	5.005317179448987019e-02	5.005317179448988796e+00	nan
nan	2.000000000000000000e+04	5.000000000000000000e+00	nan	4.000000000000000000e+01	3.995516198740176744e-02	8.955341622961248901e-03	1.696945153403699950e-03	5.005619250342831228e-02	5.005619250342831172e+00	nan
nan	2.000000000000000000e+04	5.000000000000000000e+00	nan	4.050000000000000000e+01	4.045514891353206577e-02	8.940505448828814025e-03	1.732244801125703074e-03	5.005571864995793374e-02	5.005571864995792986e+00	nan
nan	2.000000000000000000e+04	5.000000000000000000e+00	nan	4.100000000000000000e+01	4.096579810850385639e-02	8.961301343743673792e-03	1.698972646511890229e-03	5.004177439599695465e-02	5.004177439599695632e+00	nan
nan	2.000000000000000000e+04	5.000000000000000000e+00	nan	4.150000000000000000e+01	4.146392647265059739e-02	8.946104432503484277e-03	1.707118731862958348e-03	5.004354706644865980e-02	5.004354706644865480e+00	nan
nan	2.000000000000000000e+04	5.000000000000000000e+00	nan	4.200000000000000000e+01	4.196975692741716779e-02	8.882209663700684973e-03	1.696665148311544014e-03	5.003605576043714670e-02	5.003605576043713477e+00	nan
nan	2.000000000000000000e+04	5.000000000000000000e+00	nan	4.250000000000000000e+01	4.246935854997133108e-02	9.039580053481658523e-03	1.691875908174576143e-03	5.003609638400192960e-02	5.003609638400194015e+00	nan
nan	2.000000000000000000e+04	5.000000000000000000e+00	nan	4.300000000000000000e+01	4.294784217087624367e-02	8.881832241865329075e-03	1.668658600191905237e-03	5.006089050604456414e-02	5.006089050604455082e+00	nan
nan	2.000000000000000000e+04	5.000000000000000000e+00	nan	4.350000000000000000e+01	4.345442028755400199e-02	9.033001280134287866e-03	1.665206363958222305e-03	5.005256777576198163e-02	5.005256777576198246e+00	nan
nan	2.000000000000000000e+04	5.000000000000000000e+00	nan	4.400000000000000000e+01	4.397443779779365569e-02	8.947984618592539144e-03	1.672919108024025197e-03	5.002909742364669565e-02	5.002909742364670009e+00	nan
nan	2.000000000000000000e+04	5.000000000000000000e+00	nan	4.450000000000000000e+01	4.445441604592303975e-02	8.906798596841448284e-03	1.657551743823099197e-03	5.005136519725929961e-02	5.005136519725930988e+00	nan
nan	2.000000000000000000e+04	5.000000000000000000e+00	nan	4.500000000000000000e+01	4.425080228586281139e-02	9.035508336502569987e-03	1.651203610687272411e-03	5.120948889674450250e-02	5.120948889674449944e+00	nan
nan	2.000000000000000000e+04	5.000000000000000000e+00	nan	4.550000000000000000e+01	4.545625020257432203e-02	8.841016623000644281e-03	1.669183653851089022e-03	5.004827595380378913e-02	5.004827595380378469e+00	nan
nan	2.000000000000000000e+04	5.000000000000000000e+00	nan	4.600000000000000000e+01	4.523631655582738276e-02	9.056033990877346979e-03	1.689824971707398066e-03	5.120651012401561397e-02	5.120651012401562063e+00	nan
nan	2.000000000000000000e+04	5.000000000000000000e+00	nan	4.650000000000000000e+01	4.644168059006346938e-02	8.861739237953874040e-03	1.648611734375743723e-03	5.006294860307806960e-02	5.006294860307806793e+00	nan
nan	2.000000000000000000e+04	5.000000000000000000e+00	nan	4.700000000000000000e+01	4.546286711615656062e-02	8.924105542139673317e-03	1.650425137546217324e-03	5.238740046192229272e-02	5.238740046192229549e+00	nan
nan	2.000000000000000000e+04	5.000000000000000000e+00	nan	4.750000000000000000e+01	4.670600198711595541e-02	8.937922833505482570e-03	1.658192656538724167e-03	5.121394697235388815e-02	5.121394697235389870e+00	nan
nan	2.000000000000000000e+04	5.000000000000000000e+00	nan	4.800000000000000000e+01	4.718646481866202447e-02	8.930370871000301372e-03	1.627501277826736174e-03	5.122597192265517657e-02	5.122597192265519794e+00	nan
nan	2.000000000000000000e+04	5.000000000000000000e+00	nan	4.850000000000000000e+01	4.845735762949913983e-02	9.005726629622890639e-03	1.631411821476004553e-03	5.004405921391195250e-02	5.004405921391196443e+00	nan
nan	2.000000000000000000e+04	5.000000000000000000e+00	nan	4.900000000000000000e+01	4.818021912955137293e-02	8.907622544830042649e-03	1.633359137969828513e-03	5.121193040307094047e-02	5.121193040307092659e+00	nan
nan	2.000000000000000000e+04	5.000000000000000000e+00	nan	4.950000000000000000e+01	4.945162227224045998e-02	8.939928425322438491e-03	1.616313007750747825e-03	5.004898857731756440e-02	5.004898857731755690e+00	nan
nan	2.000000000000000000e+04	5.000000000000000000e+00	nan	5.000000000000000000e+01	4.996806117931015118e-02	8.995371008360907722e-03	1.622823303452989750e-03	5.003197742125990027e-02	5.003197742125990999e+00	nan
nan	2.000000000000000000e+04	5.000000000000000000e+00	nan	5.050000000000000000e+01	4.966397399901734816e-02	8.928168794573433306e-03	1.641347329469526346e-03	5.120677176788287349e-02	5.120677176788286822e+00	nan
nan	2.000000000000000000e+04	5.000000000000000000e+00	nan	5.100000000000000000e+01	5.096927133563496776e-02	8.851859334193174986e-03	1.645869864713204360e-03	5.003015877438313913e-02	5.003015877438312664e+00	nan
nan	2.000000000000000000e+04	5.000000000000000000e+00	nan	5.150000000000000000e+01	5.146401734748338314e-02	9.016194284741391868e-03	1.630598255394695873e-03	5.003497668364555173e-02	5.003497668364556006e+00	nan
nan	2.000000000000000000e+04	5.000000000000000000e+00	nan	5.200000000000000000e+01	5.194910257418200450e-02	8.907866185933000294e-03	1.619369167119172944e-03	5.004920430934791525e-02	5.004920430934792996e+00	nan
nan	2.000000000000000000e+04	5.000000000000000000e+00	nan	5.250000000000000000e+01	5.245650848369280000e-02	8.786919924129664092e-03	1.616815490566149080e-03	5.004150733508512527e-02	5.004150733508511806e+00	nan
nan	2.000000000000000000e+04	5.000000000000000000e+00	nan	5.300000000000000000e+01	5.296165572338111527e-02	8.880238713827263292e-03	1.611158599493489694e-03	5.003621855043936806e-02	5.003621855043934197e+00	nan
nan	2.000000000000000000e+04	5.000000000000000000e+00	nan	5.350000000000000000e+01	5.345606451196829173e-02	8.900293213131044157e-03	1.612975239056159416e-03	5.004114773850446701e-02	5.004114773850446340e+00	nan
nan	2.000000000000000000e+04	5.000000000000000000e+00	nan	5.400000000000000000e+01	5.307900008944790166e-02	9.029407621850102372e-03	1.613000291079163661e-03	5.123220691658277731e-02	5.123220691658278980e+00	nan
nan	2.000000000000000000e+04	5.000000000000000000e+00	nan	5.450000000000000000e+01	5.445950367658951297e-02	8.985962048507795119e-03	1.614998371924479146e-03	5.003720593248330017e-02	5.003720593248329962e+00	nan
nan	2.000000000000000000e+04	5.000000000000000000e+00	nan	5.500000000000000000e+01	5.408452023942933451e-02	8.955067462533022882e-03	1.590161480634019655e-03	5.120978259702857471e-02	5.120978259702856583e+00	nan
nan	2.000000000000000000e+04	5.000000000000000000e+00	nan	5.550000000000000000e+01	5.370990160323865087e-02	8.944515154091265893e-03	1.585838769503521454e-03	5.236219939483854890e-02	5.236219939483854446e+00	nan
nan	2.000000000000000000e+04	5.000000000000000000e+00	nan	5.600000000000000000e+01	5.594210545195210660e-02	8.929651567715744462e-03	1.610557717698630001e-03	5.005177115973021007e-02	5.005177115973019397e+00	nan
nan	2.000000000000000000e+04	5.000000000000000000e+00	nan	5.650000000000000000e+01	5.641664740633303005e-02	8.813637455578721483e-03	1.587175914319358854e-03	5.007433984725885578e-02	5.007433984725885523e+00	nan
nan	2.000000000000000000e+04	5.000000000000000000e+00	nan	5.700000000000000000e+01	5.691839913864214090e-02	8.845280521313943906e-03	1.593130401863426110e-03	5.007202039971354879e-02	5.007202039971352825e+00	nan
nan	2.000000000000000000e+04	5.000000000000000000e+00	nan	5.750000000000000000e+01	5.743743393330078689e-02	8.853085718303991061e-03	1.581829044157063947e-03	5.005455661561879210e-02	5.005455661561879488e+00	nan
nan	2.000000000000000000e+04	5.000000000000000000e+00	nan	5.800000000000000000e+01	5.701892303376733528e-02	8.844645165762440170e-03	1.569187304732068021e-03	5.122758564398906256e-02	5.122758564398907311e+00	nan
nan	2.000000000000000000e+04	5.000000000000000000e+00	nan	5.850000000000000000e+01	5.845842632304994180e-02	8.909121291323162523e-03	1.569000632644452749e-03	5.003561851047414605e-02	5.003561851047413356e+00	nan
nan	2.000000000000000000e+04	5.000000000000000000e+00	nan	5.900000000000000000e+01	5.895104643151285323e-02	8.867743697746684195e-03	1.581349836106594239e-03	5.004156088573490091e-02	5.004156088573489924e+00	nan
nan	2.000000000000000000e+04	5.000000000000000000e+00	nan	5.950000000000000000e+01	5.945693266301362023e-02	8.811092896267918792e-03	1.572558403054466047e-03	5.003624954581503692e-02	5.003624954581503914e+00	nan
nan	2.000000000000000000e+04	5.000000000000000000e+00	nan	6.000000000000000000e+01	5.898958881240290442e-02	9.006619393372890248e-03	1.568583004837674228e-03	5.121715092888974585e-02	5.121715092888973864e+00	nan
nan	2.000000000000000000e+04	5.000000000000000000e+00	nan	6.050000000000000000e+01	5.946449459992854403e-02	9.023319354449936547e-03	1.601671575720406502e-03	5.123201636057783670e-02	5.123201636057785890e+00	nan
nan	2.000000000000000000e+04	5.000000000000000000e+00	nan	6.100000000000000000e+01	6.095417050582284391e-02	8.875101891044553937e-03	1.580093862904849433e-03	5.003766599588047731e-02	5.003766599588046482e+00	nan
nan	2.000000000000000000e+04	5.000000000000000000e+00	nan	6.150000000000000000e+01	6.046632155781158507e-02	8.917556276018510225e-03	1.551444709300576087e-03	5.121888794547622276e-02	5.121888794547622581e+00	nan
nan	2.000000000000000000e+04	5.000000000000000000e+00	nan	6.200000000000000000e+01	6.193327047268269020e-02	9.013833014884429368e-03	1.583196570302656484e-03	5.005399558217256406e-02	5.005399558217256129e+00	nan
nan	2.000000000000000000e+04	5.000000000000000000e+00	nan	6.250000000000000000e+01	6.147274859948968079e-02	8.943013526319170195e-03	1.568428320468873843e-03	5.119543625410712812e-02	5.119543625410711840e+00	nan
nan	2.000000000000000000e+04	5.000000000000000000e+00	nan	6.300000000000000000e+01	6.296051588342152505e-02	8.881422696863797497e-03	1.548930278640421295e-03	5.003137322570622159e-02	5.003137322570622381e+00	nan
nan	2.000000000000000000e+04	5.000000000000000000e+00	nan	6.350000000000000000e+01	6.239499192704052455e-02	8.973199499008108551e-03	1.575284972310562722e-03	5.124840286668226608e-02	5.124840286668226774e+00	nan
nan	2.000000000000000000e+04	5.000000000000000000e+00	nan	6.400000000000000000e+01	6.294833015080954219e-02	9.007512208103297252e-03	1.576903241683919781e-03	5.119846334230802182e-02	5.119846334230802043e+00	nan
nan	2.000000000000000000e+04	5.000000000000000000e+00	nan	6.450000000000000000e+01	6.342717352719462465e-02	8.916241305040411430e-03	1.561085564146246895e-03	5.120903286897957735e-02	5.120903286897958040e+00	nan
nan	2.000000000000000000e+04	5.000000000000000000e+00	nan	6.500000000000000000e+01	6.494920358577702113e-02	8.892173291955119546e-03	1.579056642736886189e-03	5.003913535995622996e-02	5.003913535995621942e+00	nan
nan	2.000000000000000000e+04	5.000000000000000000e+00	nan	6.550000000000000000e+01	6.441833936412891259e-02	8.950223103298007507e-03	1.547672906988782193e-03	5.120549410202326207e-02	5.120549410202325014e+00	nan
nan	2.000000000000000000e+04	5.000000000000000000e+00	nan	6.600000000000000000e+01	6.595481993122576103e-02	8.936960380249445515e-03	1.553429627586778170e-03	5.003427785563581420e-02	5.003427785563581587e+00	nan
nan	2.000000000000000000e+04	5.000000000000000000e+00	nan	6.650000000000000000e+01	6.533582767358711574e-02	8.824901207433906436e-03	1.561948914770583787e-03	5.125291234964422793e-02	5.125291234964422848e+00	nan
nan	2.000000000000000000e+04	5.000000000000000000e+00	nan	6.700000000000000000e+01	6.693466095824249229e-02	8.817516057751800806e-03	1.541200537805176209e-03	5.004891094403446372e-02	5.004891094403446594e+00	nan
nan	2.000000000000000000e+04	5.000000000000000000e+00	nan	6.750000000000000000e+01	6.528867625251268125e-02	8.882493397418370767e-03	1.530182484578463233e-03	5.239051398548899563e-02	5.239051398548900451e+00	nan
nan	2.000000000000000000e+04	5.000000000000000000e+00	nan	6.800000000000000000e+01	6.680090556632978238e-02	8.906765772988942467e-03	1.543668769770048911e-03	5.125882477928980080e-02	5.125882477928979775e+00	nan
nan	2.000000000000000000e+04	5.000000000000000000e+00	nan	6.850000000000000000e+01	6.845603795771353084e-02	9.072567299576544259e-03	1.535235788362683540e-03	5.003212987092033742e-02	5.003212987092034325e+00	nan
nan	2.000000000000000000e+04	5.000000000000000000e+00	nan	6.900000000000000000e+01	6.892269919506303910e-02	8.794637091835796894e-03	1.558783541345893893e-03	5.005612505738916973e-02	5.005612505738914919e+00	nan
nan	2.000000000000000000e+04	5.000000000000000000e+00	nan	6.950000000000000000e+01	6.833641594203160308e-02	8.925460500126599500e-03	1.522025281492621731e-03	5.121288024717814830e-02	5.121288024717813414e+00	nan
nan	2.000000000000000000e+04	5.000000000000000000e+00	nan	7.000000000000000000e+01	6.883221531664754367e-02	8.994396733418376366e-03	1.536038950199386174e-03	5.121318266554369947e-02	5.121318266554370169e+00	nan
nan	2.000000000000000000e+04	5.000000000000000000e+00	nan	7.050000000000000000e+01	7.037893183725885127e-02	8.931938317360808149e-03	1.540435107432008540e-03	5.008704399130978896e-02	5.008704399130978757e+00	nan
nan	2.000000000000000000e+04	5.000000000000000000e+00	nan	7.100000000000000000e+01	7.094304156809186357e-02	8.826081092897213737e-03	1.539167213295574484e-03	5.004017650124639033e-02	5.004017650124639616e+00	nan
nan	2.000000000000000000e+04	5.000000000000000000e+00	nan	7.150000000000000000e+01	7.027826103054331253e-02	8.959419947877373530e-03	1.534052699430607123e-03	5.122952140987215713e-02	5.122952140987215408e+00	nan
nan	2.000000000000000000e+04	5.000000000000000000e+00	nan	7.200000000000000000e+01	7.195593502465727487e-02	8.902074264749804816e-03	1.539320287044520803e-03	5.003063314867894906e-02	5.003063314867894462e+00	nan
nan	2.000000000000000000e+04	5.000000000000000000e+00	nan	7.250000000000000000e+01	7.127854111805212445e-02	8.950598326419787615e-03	1.524684041283146498e-03	5.121970228776302758e-02	5.121970228776301148e+00	nan
nan	2.000000000000000000e+04	5.000000000000000000e+00	nan	7.300000000000000000e+01	7.296281174935473346e-02	9.013857998962791079e-03	1.536932703207794263e-03	5.002550285905006666e-02	5.002550285905006611e+00	nan
nan	2.000000000000000000e+04	5.000000000000000000e+00	nan	7.350000000000000000e+01	7.108034238224431034e-02	8.838117515479689684e-03	1.530230455888586258e-03	5.240182559660405692e-02	5.240182559660406802e+00	nan
nan	2.000000000000000000e+04	5.000000000000000000e+00	nan	7.400000000000000000e+01	7.394858354569408543e-02	8.900521906850955220e-03	1.514648068868470554e-03	5.003479555296086456e-02	5.003479555296086012e+00	nan
nan	2.000000000000000000e+04	5.000000000000000000e+00	nan	7.450000000000000000e+01	7.441367717647778823e-02	8.862853591275468221e-03	1.524420659132016617e-03	5.005832498358020466e-02	5.005832498358021354e+00	nan
nan	2.000000000000000000e+04	5.000000000000000000e+00	nan	7.500000000000000000e+01	7.494658422385726271e-02	8.937020383222289352e-03	1.526582179427592645e-03	5.003574719698851425e-02	5.003574719698852036e+00	nan
nan	2.000000000000000000e+04	5.000000000000000000e+00	nan	7.550000000000000000e+01	7.545947228182114941e-02	8.829876591560632468e-03	1.528329870734183903e-03	5.002688927297117838e-02	5.002688927297120003e+00	nan
nan	2.000000000000000000e+04	5.000000000000000000e+00	nan	7.600000000000000000e+01	7.595024900043370608e-02	8.944057816061596819e-03	1.544226329547373436e-03	5.003276967550548265e-02	5.003276967550546850e+00	nan
nan	2.000000000000000000e+04	5.000000000000000000e+00	nan	7.650000000000000000e+01	7.523862617123550089e-02	8.853621077402359582e-03	1.526904473502687081e-03	5.119984121585192949e-02	5.119984121585192227e+00	nan
nan	2.000000000000000000e+04	5.000000000000000000e+00	nan	7.700000000000000000e+01	7.694062957704375649e-02	8.928017725760756945e-03	1.508434981539385480e-03	5.003862009586414888e-02	5.003862009586415027e+00	nan
nan	2.000000000000000000e+04	5.000000000000000000e+00	nan	7.750000000000000000e+01	7.743320445430015853e-02	8.856400701021709815e-03	1.516806249257196797e-03	5.004319473556476799e-02	5.004319473556476439e+00	nan
nan	2.000000000000000000e+04	5.000000000000000000e+00	nan	7.800000000000000000e+01	7.794777892933779651e-02	8.954322618840930559e-03	1.493729183810318375e-03	5.003352560704128760e-02	5.003352560704127150e+00	nan
nan	2.000000000000000000e+04	5.000000000000000000e+00	nan	7.850000000000000000e+01	7.843122289804682623e-02	8.942146511304102999e-03	1.500593380217706430e-03	5.004386857429411750e-02	5.004386857429412139e+00	nan
nan	2.000000000000000000e+04	5.000000000000000000e+00	nan	7.900000000000000000e+01	7.768502611382735457e-02	8.928260347902297611e-03	1.510734120104423057e-03	5.120994736936925612e-02	5.120994736936925307e+00	nan
nan	2.000000000000000000e+04	5.000000000000000000e+00	nan	7.950000000000000000e+01	7.941004788632539946e-02	8.928474434504533527e-03	1.518690954654352589e-03	5.005682613498259326e-02	5.005682613498260380e+00	nan
nan	2.000000000000000000e+04	5.000000000000000000e+00	nan	8.000000000000000000e+01	7.995690265255689377e-02	9.028526479081517772e-03	1.536570786538056163e-03	5.002697145757813851e-02	5.002697145757815989e+00	nan
nan	2.000000000000000000e+04	5.000000000000000000e+00	nan	8.050000000000000000e+01	8.045695561688888386e-02	8.935812536729866723e-03	1.533926436621671887e-03	5.002675984406947801e-02	5.002675984406947052e+00	nan
nan	2.000000000000000000e+04	5.000000000000000000e+00	nan	8.100000000000000000e+01	8.090660800112459139e-02	8.835303981127386880e-03	1.499114925688047007e-03	5.005791441884621662e-02	5.005791441884620774e+00	nan
nan	2.000000000000000000e+04	5.000000000000000000e+00	nan	8.150000000000000000e+01	8.007078181423263330e-02	8.958507994862243903e-03	1.499142094645820444e-03	5.125277277540811471e-02	5.125277277540810417e+00	nan
nan	2.000000000000000000e+04	5.000000000000000000e+00	nan	8.200000000000000000e+01	8.191428503036946029e-02	8.938936811142416880e-03	1.517607731078987957e-03	5.005252579323330592e-02	5.005252579323330231e+00	nan
nan	2.000000000000000000e+04	5.000000000000000000e+00	nan	8.250000000000000000e+01	8.244544494054309447e-02	8.864831727115832921e-03	1.499338338024408610e-03	5.003311745193903676e-02	5.003311745193904869e+00	nan
nan	2.000000000000000000e+04	5.000000000000000000e+00	nan	8.300000000000000000e+01	8.293425945609840533e-02	9.020580578713969372e-03	1.495248499595387432e-03	5.003969548523947569e-02	5.003969548523945932e+00	nan
nan	2.000000000000000000e+04	5.000000000000000000e+00	nan	8.350000000000000000e+01	8.205826656889288195e-02	8.885598996692986584e-03	1.511863991316468158e-03	5.124055488411857068e-02	5.124055488411857873e+00	nan
nan	2.000000000000000000e+04	5.000000000000000000e+00	nan	8.400000000000000000e+01	8.258304291966160615e-02	8.917155556682950998e-03	1.497274996254081445e-03	5.121996900168677286e-02	5.121996900168676703e+00	nan
nan	2.000000000000000000e+04	5.000000000000000000e+00	nan	8.450000000000000000e+01	8.444617246268194821e-02	8.775313303336012422e-03	1.504794961579609611e-03	5.003189240762021678e-02	5.003189240762021761e+00	nan
nan	2.000000000000000000e+04	5.000000000000000000e+00	nan	8.500000000000000000e+01	8.495951225417514019e-02	8.763142964472179011e-03	1.486609794639431360e-03	5.002383831111317791e-02	5.002383831111316681e+00	nan
nan	2.000000000000000000e+04	5.000000000000000000e+00	nan	8.550000000000000000e+01	8.541952923303028355e-02	8.951165498252870029e-03	1.513836113993638054e-03	5.004713667994990789e-02	5.004713667994989734e+00	nan
nan	2.000000000000000000e+04	5.000000000000000000e+00	nan	8.600000000000000000e+01	8.455823356609701302e-02	8.918486038669912533e-03	1.499489438340215154e-03	5.121531855693355062e-02	5.121531855693353563e+00	nan
nan	2.000000000000000000e+04	5.000000000000000000e+00	nan	8.650000000000000000e+01	8.503223029178641479e-02	8.948957403948106307e-03	1.504570880795461953e-03	5.122169061683233549e-02	5.122169061683234936e+00	nan
nan	2.000000000000000000e+04	5.000000000000000000e+00	nan	8.700000000000000000e+01	8.691737575264199545e-02	8.996230845165075971e-03	1.498015362818144996e-03	5.004767536129846317e-02	5.004767536129845595e+00	nan
nan	2.000000000000000000e+04	5.000000000000000000e+00	nan	8.750000000000000000e+01	8.733605096333121875e-02	8.868927840047226632e-03	1.474464706099161762e-03	5.009579778189967442e-02	5.009579778189968025e+00	nan
nan	2.000000000000000000e+04	5.000000000000000000e+00	nan	8.800000000000000000e+01	8.795045178620911064e-02	8.978636772330270827e-03	1.500152053727391065e-03	5.002819225927429558e-02	5.002819225927429336e+00	nan
nan	2.000000000000000000e+04	5.000000000000000000e+00	nan	8.850000000000000000e+01	8.700573607055631098e-02	8.894494743041252843e-03	1.479886286115291751e-03	5.122221067051625776e-02	5.122221067051625276e+00	nan
nan	2.000000000000000000e+04	5.000000000000000000e+00	nan	8.900000000000000000e+01	8.893301272890369313e-02	8.972831192485784813e-03	1.496844280151249417e-03	5.003768975331514962e-02	5.003768975331515101e+00	nan
nan	2.000000000000000000e+04	5.000000000000000000e+00	nan	8.950000000000000000e+01	8.944688820201861235e-02	8.867160050144857683e-03	1.491230175530026568e-03	5.002970668693675071e-02	5.002970668693675904e+00	nan
nan	2.000000000000000000e+04	5.000000000000000000e+00	nan	9.000000000000000000e+01	8.707771185614049392e-02	8.843945130129985538e-03	1.485509060974622361e-03	5.237359254942131059e-02	5.237359254942131059e+00	nan
nan	2.000000000000000000e+04	5.000000000000000000e+00	nan	9.050000000000000000e+01	9.042586386111850505e-02	8.906313268337696584e-03	1.476338913558244027e-03	5.004108286667335870e-02	5.004108286667335648e+00	nan
nan	2.000000000000000000e+04	5.000000000000000000e+00	nan	9.100000000000000000e+01	9.090542599879143648e-02	8.913011828616266077e-03	1.492558483675276212e-03	5.005212919149948370e-02	5.005212919149949258e+00	nan
nan	2.000000000000000000e+04	5.000000000000000000e+00	nan	9.150000000000000000e+01	9.143430218995490799e-02	8.909325182089807699e-03	1.472162912478004130e-03	5.003595908106815704e-02	5.003595908106815315e+00	nan
nan	2.000000000000000000e+04	5.000000000000000000e+00	nan	9.200000000000000000e+01	8.898836783788276195e-02	8.859294323413683184e-03	1.490087963623186853e-03	5.239302180007111842e-02	5.239302180007113563e+00	nan
nan	2.000000000000000000e+04	5.000000000000000000e+00	nan	9.250000000000000000e+01	9.094522414253575215e-02	8.866874486801540334e-03	1.486593858840761992e-03	5.121841853636501657e-02	5.121841853636500907e+00	nan
nan	2.000000000000000000e+04	5.000000000000000000e+00	nan	9.300000000000000000e+01	9.144114304983912145e-02	8.831801935324554154e-03	1.461613411498788014e-03	5.121604406913136953e-02	5.121604406913138341e+00	nan
nan	2.000000000000000000e+04	5.000000000000000000e+00	nan	9.350000000000000000e+01	9.343395831307474420e-02	9.016325177556013676e-03	1.474451963086989168e-03	5.003538235032813780e-02	5.003538235032813475e+00	nan
nan	2.000000000000000000e+04	5.000000000000000000e+00	nan	9.400000000000000000e+01	9.393536905359894940e-02	8.855658741161124420e-03	1.462943317488621300e-03	5.003441651658393358e-02	5.003441651658393496e+00	nan
nan	2.000000000000000000e+04	5.000000000000000000e+00	nan	9.450000000000000000e+01	9.438955641020413401e-02	8.902210501026023431e-03	1.472234104987335881e-03	5.005860036070820807e-02	5.005860036070822972e+00	nan
nan	2.000000000000000000e+04	5.000000000000000000e+00	nan	9.500000000000000000e+01	9.339474210034268142e-02	8.811210279893573472e-03	1.477060269442340493e-03	5.122340061363441638e-02	5.122340061363440888e+00	nan
nan	2.000000000000000000e+04	5.000000000000000000e+00	nan	9.550000000000000000e+01	9.540669614968180778e-02	8.899823950342864581e-03	1.493735119099756257e-03	5.004905889175523953e-02	5.004905889175526035e+00	nan
nan	2.000000000000000000e+04	5.000000000000000000e+00	nan	9.600000000000000000e+01	9.589811209584354901e-02	8.858231046423711494e-03	1.489156027192991508e-03	5.005322071857846306e-02	5.005322071857845501e+00	nan
nan	2.000000000000000000e+04	5.000000000000000000e+00	nan	9.650000000000000000e+01	9.643457713390887753e-02	9.044569869426141023e-03	1.472214294035865002e-03	5.003395534395611854e-02	5.003395534395611577e+00	nan
nan	2.000000000000000000e+04	5.000000000000000000e+00	nan	9.700000000000000000e+01	9.538923525964308758e-02	8.919667236610367630e-03	1.478482700173847867e-03	5.120651939247726492e-02	5.120651939247727213e+00	nan
nan	2.000000000000000000e+04	5.000000000000000000e+00	nan	9.750000000000000000e+01	9.736579624403021715e-02	8.894152816147598076e-03	1.461178834907708984e-03	5.006927136864415540e-02	5.006927136864415040e+00	nan
nan	2.000000000000000000e+04	5.000000000000000000e+00	nan	9.800000000000000000e+01	9.636018042661505245e-02	9.035292852234234895e-03	1.480501251734036563e-03	5.121453259664725255e-02	5.121453259664725977e+00	nan
nan	2.000000000000000000e+04	5.000000000000000000e+00	nan	9.850000000000000000e+01	9.844078017563390182e-02	9.149118684762513540e-03	1.478820526115917156e-03	5.003009694910513783e-02	5.003009694910514504e+00	nan
nan	2.000000000000000000e+04	5.000000000000000000e+00	nan	9.900000000000000000e+01	9.892542226929038063e-02	8.946454187238144645e-03	1.486261938721202989e-03	5.003771662302740342e-02	5.003771662302741063e+00	nan
nan	2.000000000000000000e+04	5.000000000000000000e+00	nan	9.950000000000000000e+01	9.783178629998406928e-02	8.956484753151618128e-03	1.454883767097472479e-03	5.121483128601879431e-02	5.121483128601878931e+00	nan
nan	2.000000000000000000e+04	5.000000000000000000e+00	nan	1.000000000000000000e+02	9.994690679737118499e-02	8.980941663678573134e-03	1.477652251783447479e-03	5.002658266556649774e-02	5.002658266556650801e+00	nan
nan	2.000000000000000000e+04	5.000000000000000000e+00	nan	1.005000000000000000e+02	9.882746270661205146e-02	8.832045497202197989e-03	1.464095827787991258e-03	5.121041369174739177e-02	5.121041369174738733e+00	nan
nan	2.000000000000000000e+04	5.000000000000000000e+00	nan	1.010000000000000000e+02	1.009162906625618861e-01	8.932704724816827729e-03	1.453417873503448643e-03	5.004151717816307521e-02	5.004151717816308853e+00	nan
nan	2.000000000000000000e+04	5.000000000000000000e+00	nan	1.015000000000000000e+02	9.981860839260209284e-02	8.964143024425426029e-03	1.486555683467709593e-03	5.120085861683164319e-02	5.120085861683162598e+00	nan
nan	2.000000000000000000e+04	5.000000000000000000e+00	nan	1.020000000000000000e+02	1.019072676092042801e-01	8.994849624358404461e-03	1.452152686594889190e-03	5.004553042593355705e-02	5.004553042593358647e+00	nan
nan	2.000000000000000000e+04	5.000000000000000000e+00	nan	1.025000000000000000e+02	1.007015336133446626e-01	8.820119905064314689e-03	1.464896550522135944e-03	5.125615333008679692e-02	5.125615333008679997e+00	nan
nan	2.000000000000000000e+04	5.000000000000000000e+00	nan	1.030000000000000000e+02	1.012898682296217157e-01	8.882065919069646528e-03	1.461361495925483835e-03	5.120990056953245162e-02	5.120990056953246494e+00	nan
nan	2.000000000000000000e+04	5.000000000000000000e+00	nan	1.035000000000000000e+02	1.017810791418062993e-01	8.835912733670455571e-03	1.456757787623633562e-03	5.120805749213692970e-02	5.120805749213691804e+00	nan
nan	2.000000000000000000e+04	5.000000000000000000e+00	nan	1.040000000000000000e+02	1.039170395528776769e-01	8.843103171191185954e-03	1.461884865947316123e-03	5.003994349183328583e-02	5.003994349183328083e+00	nan
nan	2.000000000000000000e+04	5.000000000000000000e+00	nan	1.045000000000000000e+02	1.027541841666126110e-01	8.878327928689014673e-03	1.460440119264333134e-03	5.121139185177847608e-02	5.121139185177846720e+00	nan
nan	2.000000000000000000e+04	5.000000000000000000e+00	nan	1.050000000000000000e+02	1.048435963484632694e-01	8.911223386236349561e-03	1.474388732491902290e-03	5.007490535493445277e-02	5.007490535493444916e+00	nan
nan	2.000000000000000000e+04	5.000000000000000000e+00	nan	1.055000000000000000e+02	1.037437805421911330e-01	8.969313300593207902e-03	1.462695279032268179e-03	5.121008467489964605e-02	5.121008467489964744e+00	nan
nan	2.000000000000000000e+04	5.000000000000000000e+00	nan	1.060000000000000000e+02	1.058063924302007353e-01	8.971016876970227399e-03	1.466028922241837881e-03	5.009206769546551558e-02	5.009206769546553417e+00	nan
nan	2.000000000000000000e+04	5.000000000000000000e+00	nan	1.065000000000000000e+02	1.064202607005074741e-01	9.017192959102415806e-03	1.472076061392553915e-03	5.003748474444549149e-02	5.003748474444550176e+00	nan
nan	2.000000000000000000e+04	5.000000000000000000e+00	nan	1.070000000000000000e+02	1.068799589625382407e-01	9.001634259348719261e-03	1.449776879498715669e-03	5.005638486283460475e-02	5.005638486283460864e+00	nan
nan	2.000000000000000000e+04	5.000000000000000000e+00	nan	1.075000000000000000e+02	1.074378174467972291e-01	8.898711461630182118e-03	1.479172005790414758e-03	5.002895512123626404e-02	5.002895512123627597e+00	nan
nan	2.000000000000000000e+04	5.000000000000000000e+00	nan	1.080000000000000000e+02	1.079382074970692412e-01	8.880097147159950882e-03	1.474292834905814933e-03	5.002864141792212616e-02	5.002864141792210617e+00	nan
nan	2.000000000000000000e+04	5.000000000000000000e+00	nan	1.085000000000000000e+02	1.083839193454525784e-01	8.884058665961869217e-03	1.455377996636537507e-03	5.005371579563655526e-02	5.005371579563655970e+00	nan
nan	2.000000000000000000e+04	5.000000000000000000e+00	nan	1.090000000000000000e+02	1.071866631454915508e-01	9.081676945986775357e-03	1.449879393015649377e-03	5.120949383480755124e-02	5.120949383480756012e+00	nan
nan	2.000000000000000000e+04	5.000000000000000000e+00	nan	1.095000000000000000e+02	1.076868430706799662e-01	8.822562378659583662e-03	1.456321780040232064e-03	5.120374156827700585e-02	5.120374156827701029e+00	nan
nan	2.000000000000000000e+04	5.000000000000000000e+00	nan	1.100000000000000000e+02	1.099197375632900292e-01	8.874460501920884009e-03	1.454564467173642206e-03	5.003654846136280920e-02	5.003654846136280199e+00	nan
nan	2.000000000000000000e+04	5.000000000000000000e+00	nan	1.105000000000000000e+02	1.104398513027581574e-01	9.006729985728243598e-03	1.455389544566760033e-03	5.002724897301991103e-02	5.002724897301989770e+00	nan
nan	2.000000000000000000e+04	5.000000000000000000e+00	nan	1.110000000000000000e+02	1.108659544607235176e-01	8.965355385686202966e-03	1.474567323448587337e-03	5.006064635525185602e-02	5.006064635525183881e+00	nan
nan	2.000000000000000000e+04	5.000000000000000000e+00	nan	1.115000000000000000e+02	1.113949922335950860e-01	8.951660152706684276e-03	1.456582231968729700e-03	5.004720714430062334e-02	5.004720714430060724e+00	nan
nan	2.000000000000000000e+04	5.000000000000000000e+00	nan	1.120000000000000000e+02	1.083197110732055934e-01	8.975712986456958059e-03	1.436814023568024068e-03	5.239829795936762347e-02	5.239829795936762125e+00	nan
nan	2.000000000000000000e+04	5.000000000000000000e+00	nan	1.125000000000000000e+02	1.124337320729705408e-01	8.973765310863154529e-03	1.450548018044267107e-03	5.002949431579199746e-02	5.002949431579200912e+00	nan
nan	2.000000000000000000e+04	5.000000000000000000e+00	nan	1.130000000000000000e+02	1.129280982929287830e-01	8.915577892365184401e-03	1.458903831358541146e-03	5.003185509221960009e-02	5.003185509221960814e+00	nan
nan	2.000000000000000000e+04	5.000000000000000000e+00	nan	1.135000000000000000e+02	1.133444099797395604e-01	8.990472983671346854e-03	1.438637371646591962e-03	5.006916024377035257e-02	5.006916024377035868e+00	nan
nan	2.000000000000000000e+04	5.000000000000000000e+00	nan	1.140000000000000000e+02	1.139188619087781323e-01	8.832278232663533235e-03	1.440778494755389199e-03	5.003563449046957018e-02	5.003563449046958489e+00	nan
nan	2.000000000000000000e+04	5.000000000000000000e+00	nan	1.145000000000000000e+02	1.144073608814960563e-01	8.940903738926730612e-03	1.449963751973280379e-03	5.004051812960298717e-02	5.004051812960296886e+00	nan
nan	2.000000000000000000e+04	5.000000000000000000e+00	nan	1.150000000000000000e+02	1.111024732666832937e-01	8.999567626204272447e-03	1.434344703733770199e-03	5.245079724260047482e-02	5.245079724260049758e+00	nan
nan	2.000000000000000000e+04	5.000000000000000000e+00	nan	1.155000000000000000e+02	1.153656028565251263e-01	8.853086255495757825e-03	1.442251246635050136e-03	5.005854193238752636e-02	5.005854193238752359e+00	nan
nan	2.000000000000000000e+04	5.000000000000000000e+00	nan	1.160000000000000000e+02	1.158870331925936636e-01	8.875765294027162730e-03	1.437760564303328624e-03	5.004877993692724569e-02	5.004877993692723237e+00	nan
nan	2.000000000000000000e+04	5.000000000000000000e+00	nan	1.165000000000000000e+02	1.164143599226633852e-01	8.892641359219459474e-03	1.436986009821479907e-03	5.003686204886235306e-02	5.003686204886234279e+00	nan
nan	2.000000000000000000e+04	5.000000000000000000e+00	nan	1.170000000000000000e+02	1.149927605764173855e-01	8.841695568480198789e-03	1.448640248407633392e-03	5.123343463788330998e-02	5.123343463788328833e+00	nan
nan	2.000000000000000000e+04	5.000000000000000000e+00	nan	1.175000000000000000e+02	1.174287601349919968e-01	9.029782452842801538e-03	1.456755799698179320e-03	5.003035818596736350e-02	5.003035818596737627e+00	nan
nan	2.000000000000000000e+04	5.000000000000000000e+00	nan	1.180000000000000000e+02	1.179114196448961122e-01	8.948767671960981482e-03	1.451775301171507855e-03	5.003760702887136841e-02	5.003760702887135814e+00	nan
nan	2.000000000000000000e+04	5.000000000000000000e+00	nan	1.185000000000000000e+02	1.183858256570522460e-01	8.902739665792788748e-03	1.435890534412865302e-03	5.004829537025884401e-02	5.004829537025885067e+00	nan
nan	2.000000000000000000e+04	5.000000000000000000e+00	nan	1.190000000000000000e+02	1.189048736165523312e-01	8.816281413192753047e-03	1.422958535249265908e-03	5.004008421295704639e-02	5.004008421295703890e+00	nan
nan	2.000000000000000000e+04	5.000000000000000000e+00	nan	1.195000000000000000e+02	1.193921131443153316e-01	8.850055850239711003e-03	1.434423571553973846e-03	5.004527085792113972e-02	5.004527085792112473e+00	nan
nan	2.000000000000000000e+04	5.000000000000000000e+00	nan	1.200000000000000000e+02	1.180156062749326135e-01	8.798463432448343918e-03	1.432014916687173985e-03	5.120411244743918594e-02	5.120411244743919177e+00	nan
nan	2.000000000000000000e+04	5.000000000000000000e+00	nan	1.205000000000000000e+02	1.184780392863314519e-01	8.990306826752721830e-03	1.441253153437684412e-03	5.121636543091534488e-02	5.121636543091535820e+00	nan
nan	2.000000000000000000e+04	5.000000000000000000e+00	nan	1.210000000000000000e+02	1.189661869472136979e-01	8.848030284311182020e-03	1.456754634023054319e-03	5.121953271427528293e-02	5.121953271427529764e+00	nan
nan	2.000000000000000000e+04	5.000000000000000000e+00	nan	1.215000000000000000e+02	1.194524729049980527e-01	9.038279899426350864e-03	1.424585842013455618e-03	5.122036560033114277e-02	5.122036560033113695e+00	nan
nan	2.000000000000000000e+04	5.000000000000000000e+00	nan	1.220000000000000000e+02	1.215983495935506753e-01	8.882549341537645388e-03	1.439914238409249411e-03	5.016853935410862941e-02	5.016853935410862775e+00	nan
nan	2.000000000000000000e+04	5.000000000000000000e+00	nan	1.225000000000000000e+02	1.204143091731402493e-01	8.906152720113632432e-03	1.451448672452167448e-03	5.122885120542401693e-02	5.122885120542401971e+00	nan
nan	2.000000000000000000e+04	5.000000000000000000e+00	nan	1.230000000000000000e+02	1.229245204781068412e-01	8.822558445677775377e-03	1.444638244613057933e-03	5.003071593898160419e-02	5.003071593898162028e+00	nan
nan	2.000000000000000000e+04	5.000000000000000000e+00	nan	1.235000000000000000e+02	1.233924358454851211e-01	8.894960557764139061e-03	1.433637659692213375e-03	5.004362263980437209e-02	5.004362263980436154e+00	nan
nan	2.000000000000000000e+04	5.000000000000000000e+00	nan	1.240000000000000000e+02	1.238212521439550073e-01	8.784117690546077925e-03	1.428793270499738310e-03	5.007298222464900972e-02	5.007298222464899418e+00	nan
nan	2.000000000000000000e+04	5.000000000000000000e+00	nan	1.245000000000000000e+02	1.224459389092571460e-01	8.899656433520872559e-03	1.425972129184714318e-03	5.120189596559090311e-02	5.120189596559090894e+00	nan
nan	2.000000000000000000e+04	5.000000000000000000e+00	nan	1.250000000000000000e+02	1.249208752073002471e-01	8.888844102507354947e-03	1.433221524863402020e-03	5.003168415773968924e-02	5.003168415773968647e+00	nan
nan	2.000000000000000000e+04	5.000000000000000000e+00	nan	1.255000000000000000e+02	1.253881441525345475e-01	8.863696874406868861e-03	1.435331484758156119e-03	5.004463285522170457e-02	5.004463285522171567e+00	nan
nan	2.000000000000000000e+04	5.000000000000000000e+00	nan	1.260000000000000000e+02	1.259167235867766910e-01	8.982522862295302599e-03	1.438740492856158647e-03	5.003309816162533619e-02	5.003309816162534673e+00	nan
nan	2.000000000000000000e+04	5.000000000000000000e+00	nan	1.265000000000000000e+02	1.223582025973522641e-01	8.939587316008327719e-03	1.421335602784032023e-03	5.238846014552561714e-02	5.238846014552562380e+00	nan
nan	2.000000000000000000e+04	5.000000000000000000e+00	nan	1.270000000000000000e+02	1.248400746519734428e-01	8.784146947575306036e-03	1.420778718615879187e-03	5.122851785822873927e-02	5.122851785822872372e+00	nan
nan	2.000000000000000000e+04	5.000000000000000000e+00	nan	1.275000000000000000e+02	1.273758092304910772e-01	8.863005391637106614e-03	1.432750568691353987e-03	5.004877217419627378e-02	5.004877217419625879e+00	nan
