Simulation Number ExitSlit.openingHeight CPMU20.photonEnergy PG.cFactor PG.orderDiffraction CPMU20.numberRays M1.slopeErrorMer M1.slopeErrorSag PremirrorM2.slopeErrorMer PremirrorM2.slopeErrorSag PG.slopeErrorMer PG.slopeErrorSag M3.slopeErrorSag M3.slopeErrorMer KB_ver.slopeErrorMer KB_ver.slopeErrorSag KB_hor.slopeErrorMer KB_hor.slopeErrorSag
0                 0.03                   500.0               2.25       1                   200000.0          1                2                0.2                       1                         0.2              1                2                0.6              0.2                  0.3                  0.2                  0.3                 
1                 0.03                   500.0               2.25       1                   200000.0          1                2                0.2                       1                         0.2              1                2                0.6              0.2                  0.3                  0.2                  0.1                 
2                 0.03                   500.0               2.25       1                   200000.0          1                2                0.2                       1                         0.2              1                2                0.6              0.2                  0.3                  0.2                  0                   
3                 0.03                   500.0               2.25       1                   200000.0          1                2                0.2                       1                         0.2              1                2                0.6              0.2                  0.3                  0.05                 0.3                 
4                 0.03                   500.0               2.25       1                   200000.0          1                2                0.2                       1                         0.2              1                2                0.6              0.2                  0.3                  0.05                 0.1                 
5                 0.03                   500.0               2.25       1                   200000.0          1                2                0.2                       1                         0.2              1                2                0.6              0.2                  0.3                  0.05                 0                   
6                 0.03                   500.0               2.25       1                   200000.0          1                2                0.2                       1                         0.2              1                2                0.6              0.2                  0.3                  0                    0.3                 
7                 0.03                   500.0               2.25       1                   200000.0          1                2                0.2                       1                         0.2              1                2                0.6              0.2                  0.3                  0                    0.1                 
8                 0.03                   500.0               2.25       1                   200000.0          1                2                0.2                       1                         0.2              1                2                0.6              0.2                  0.3                  0                    0                   
9                 0.03                   500.0               2.25       1                   200000.0          1                2                0.2                       1                         0.2              1                2                0.6              0.2                  0.1                  0.2                  0.3                 
10                0.03                   500.0               2.25       1                   200000.0          1                2                0.2                       1                         0.2              1                2                0.6              0.2                  0.1                  0.2                  0.1                 
11                0.03                   500.0               2.25       1                   200000.0          1                2                0.2                       1                         0.2              1                2                0.6              0.2                  0.1                  0.2                  0                   
12                0.03                   500.0               2.25       1                   200000.0          1                2                0.2                       1                         0.2              1                2                0.6              0.2                  0.1                  0.05                 0.3                 
13                0.03                   500.0               2.25       1                   200000.0          1                2                0.2                       1                         0.2              1                2                0.6              0.2                  0.1                  0.05                 0.1                 
14                0.03                   500.0               2.25       1                   200000.0          1                2                0.2                       1                         0.2              1                2                0.6              0.2                  0.1                  0.05                 0                   
15                0.03                   500.0               2.25       1                   200000.0          1                2                0.2                       1                         0.2              1                2                0.6              0.2                  0.1                  0                    0.3                 
16                0.03                   500.0               2.25       1                   200000.0          1                2                0.2                       1                         0.2              1                2                0.6              0.2                  0.1                  0                    0.1                 
17                0.03                   500.0               2.25       1                   200000.0          1                2                0.2                       1                         0.2              1                2                0.6              0.2                  0.1                  0                    0                   
18                0.03                   500.0               2.25       1                   200000.0          1                2                0.2                       1                         0.2              1                2                0.6              0.2                  0                    0.2                  0.3                 
19                0.03                   500.0               2.25       1                   200000.0          1                2                0.2                       1                         0.2              1                2                0.6              0.2                  0                    0.2                  0.1                 
20                0.03                   500.0               2.25       1                   200000.0          1                2                0.2                       1                         0.2              1                2                0.6              0.2                  0                    0.2                  0                   
21                0.03                   500.0               2.25       1                   200000.0          1                2                0.2                       1                         0.2              1                2                0.6              0.2                  0                    0.05                 0.3                 
22                0.03                   500.0               2.25       1                   200000.0          1                2                0.2                       1                         0.2              1                2                0.6              0.2                  0                    0.05                 0.1                 
23                0.03                   500.0               2.25       1                   200000.0          1                2                0.2                       1                         0.2              1                2                0.6              0.2                  0                    0.05                 0                   
24                0.03                   500.0               2.25       1                   200000.0          1                2                0.2                       1                         0.2              1                2                0.6              0.2                  0                    0                    0.3                 
25                0.03                   500.0               2.25       1                   200000.0          1                2                0.2                       1                         0.2              1                2                0.6              0.2                  0                    0                    0.1                 
26                0.03                   500.0               2.25       1                   200000.0          1                2                0.2                       1                         0.2              1                2                0.6              0.2                  0                    0                    0                   
27                0.03                   500.0               2.25       1                   200000.0          1                2                0.2                       1                         0.2              1                2                0.6              0.05                 0.3                  0.2                  0.3                 
28                0.03                   500.0               2.25       1                   200000.0          1                2                0.2                       1                         0.2              1                2                0.6              0.05                 0.3                  0.2                  0.1                 
29                0.03                   500.0               2.25       1                   200000.0          1                2                0.2                       1                         0.2              1                2                0.6              0.05                 0.3                  0.2                  0                   
30                0.03                   500.0               2.25       1                   200000.0          1                2                0.2                       1                         0.2              1                2                0.6              0.05                 0.3                  0.05                 0.3                 
31                0.03                   500.0               2.25       1                   200000.0          1                2                0.2                       1                         0.2              1                2                0.6              0.05                 0.3                  0.05                 0.1                 
32                0.03                   500.0               2.25       1                   200000.0          1                2                0.2                       1                         0.2              1                2                0.6              0.05                 0.3                  0.05                 0                   
33                0.03                   500.0               2.25       1                   200000.0          1                2                0.2                       1                         0.2              1                2                0.6              0.05                 0.3                  0                    0.3                 
34                0.03                   500.0               2.25       1                   200000.0          1                2                0.2                       1                         0.2              1                2                0.6              0.05                 0.3                  0                    0.1                 
35                0.03                   500.0               2.25       1                   200000.0          1                2                0.2                       1                         0.2              1                2                0.6              0.05                 0.3                  0                    0                   
36                0.03                   500.0               2.25       1                   200000.0          1                2                0.2                       1                         0.2              1                2                0.6              0.05                 0.1                  0.2                  0.3                 
37                0.03                   500.0               2.25       1                   200000.0          1                2                0.2                       1                         0.2              1                2                0.6              0.05                 0.1                  0.2                  0.1                 
38                0.03                   500.0               2.25       1                   200000.0          1                2                0.2                       1                         0.2              1                2                0.6              0.05                 0.1                  0.2                  0                   
39                0.03                   500.0               2.25       1                   200000.0          1                2                0.2                       1                         0.2              1                2                0.6              0.05                 0.1                  0.05                 0.3                 
40                0.03                   500.0               2.25       1                   200000.0          1                2                0.2                       1                         0.2              1                2                0.6              0.05                 0.1                  0.05                 0.1                 
41                0.03                   500.0               2.25       1                   200000.0          1                2                0.2                       1                         0.2              1                2                0.6              0.05                 0.1                  0.05                 0                   
42                0.03                   500.0               2.25       1                   200000.0          1                2                0.2                       1                         0.2              1                2                0.6              0.05                 0.1                  0                    0.3                 
43                0.03                   500.0               2.25       1                   200000.0          1                2                0.2                       1                         0.2              1                2                0.6              0.05                 0.1                  0                    0.1                 
44                0.03                   500.0               2.25       1                   200000.0          1                2                0.2                       1                         0.2              1                2                0.6              0.05                 0.1                  0                    0                   
45                0.03                   500.0               2.25       1                   200000.0          1                2                0.2                       1                         0.2              1                2                0.6              0.05                 0                    0.2                  0.3                 
46                0.03                   500.0               2.25       1                   200000.0          1                2                0.2                       1                         0.2              1                2                0.6              0.05                 0                    0.2                  0.1                 
47                0.03                   500.0               2.25       1                   200000.0          1                2                0.2                       1                         0.2              1                2                0.6              0.05                 0                    0.2                  0                   
48                0.03                   500.0               2.25       1                   200000.0          1                2                0.2                       1                         0.2              1                2                0.6              0.05                 0                    0.05                 0.3                 
49                0.03                   500.0               2.25       1                   200000.0          1                2                0.2                       1                         0.2              1                2                0.6              0.05                 0                    0.05                 0.1                 
50                0.03                   500.0               2.25       1                   200000.0          1                2                0.2                       1                         0.2              1                2                0.6              0.05                 0                    0.05                 0                   
51                0.03                   500.0               2.25       1                   200000.0          1                2                0.2                       1                         0.2              1                2                0.6              0.05                 0                    0                    0.3                 
52                0.03                   500.0               2.25       1                   200000.0          1                2                0.2                       1                         0.2              1                2                0.6              0.05                 0                    0                    0.1                 
53                0.03                   500.0               2.25       1                   200000.0          1                2                0.2                       1                         0.2              1                2                0.6              0.05                 0                    0                    0                   
54                0.03                   500.0               2.25       1                   200000.0          1                2                0.2                       1                         0.2              1                2                0.6              0                    0.3                  0.2                  0.3                 
55                0.03                   500.0               2.25       1                   200000.0          1                2                0.2                       1                         0.2              1                2                0.6              0                    0.3                  0.2                  0.1                 
56                0.03                   500.0               2.25       1                   200000.0          1                2                0.2                       1                         0.2              1                2                0.6              0                    0.3                  0.2                  0                   
57                0.03                   500.0               2.25       1                   200000.0          1                2                0.2                       1                         0.2              1                2                0.6              0                    0.3                  0.05                 0.3                 
58                0.03                   500.0               2.25       1                   200000.0          1                2                0.2                       1                         0.2              1                2                0.6              0                    0.3                  0.05                 0.1                 
59                0.03                   500.0               2.25       1                   200000.0          1                2                0.2                       1                         0.2              1                2                0.6              0                    0.3                  0.05                 0                   
60                0.03                   500.0               2.25       1                   200000.0          1                2                0.2                       1                         0.2              1                2                0.6              0                    0.3                  0                    0.3                 
61                0.03                   500.0               2.25       1                   200000.0          1                2                0.2                       1                         0.2              1                2                0.6              0                    0.3                  0                    0.1                 
62                0.03                   500.0               2.25       1                   200000.0          1                2                0.2                       1                         0.2              1                2                0.6              0                    0.3                  0                    0                   
63                0.03                   500.0               2.25       1                   200000.0          1                2                0.2                       1                         0.2              1                2                0.6              0                    0.1                  0.2                  0.3                 
64                0.03                   500.0               2.25       1                   200000.0          1                2                0.2                       1                         0.2              1                2                0.6              0                    0.1                  0.2                  0.1                 
65                0.03                   500.0               2.25       1                   200000.0          1                2                0.2                       1                         0.2              1                2                0.6              0                    0.1                  0.2                  0                   
66                0.03                   500.0               2.25       1                   200000.0          1                2                0.2                       1                         0.2              1                2                0.6              0                    0.1                  0.05                 0.3                 
67                0.03                   500.0               2.25       1                   200000.0          1                2                0.2                       1                         0.2              1                2                0.6              0                    0.1                  0.05                 0.1                 
68                0.03                   500.0               2.25       1                   200000.0          1                2                0.2                       1                         0.2              1                2                0.6              0                    0.1                  0.05                 0                   
69                0.03                   500.0               2.25       1                   200000.0          1                2                0.2                       1                         0.2              1                2                0.6              0                    0.1                  0                    0.3                 
70                0.03                   500.0               2.25       1                   200000.0          1                2                0.2                       1                         0.2              1                2                0.6              0                    0.1                  0                    0.1                 
71                0.03                   500.0               2.25       1                   200000.0          1                2                0.2                       1                         0.2              1                2                0.6              0                    0.1                  0                    0                   
72                0.03                   500.0               2.25       1                   200000.0          1                2                0.2                       1                         0.2              1                2                0.6              0                    0                    0.2                  0.3                 
73                0.03                   500.0               2.25       1                   200000.0          1                2                0.2                       1                         0.2              1                2                0.6              0                    0                    0.2                  0.1                 
74                0.03                   500.0               2.25       1                   200000.0          1                2                0.2                       1                         0.2              1                2                0.6              0                    0                    0.2                  0                   
75                0.03                   500.0               2.25       1                   200000.0          1                2                0.2                       1                         0.2              1                2                0.6              0                    0                    0.05                 0.3                 
76                0.03                   500.0               2.25       1                   200000.0          1                2                0.2                       1                         0.2              1                2                0.6              0                    0                    0.05                 0.1                 
77                0.03                   500.0               2.25       1                   200000.0          1                2                0.2                       1                         0.2              1                2                0.6              0                    0                    0.05                 0                   
78                0.03                   500.0               2.25       1                   200000.0          1                2                0.2                       1                         0.2              1                2                0.6              0                    0                    0                    0.3                 
79                0.03                   500.0               2.25       1                   200000.0          1                2                0.2                       1                         0.2              1                2                0.6              0                    0                    0                    0.1                 
80                0.03                   500.0               2.25       1                   200000.0          1                2                0.2                       1                         0.2              1                2                0.6              0                    0                    0                    0                   
81                0.03                   500.0               2.25       1                   200000.0          1                2                0.2                       1                         0.2              1                2                0.3              0.2                  0.3                  0.2                  0.3                 
82                0.03                   500.0               2.25       1                   200000.0          1                2                0.2                       1                         0.2              1                2                0.3              0.2                  0.3                  0.2                  0.1                 
83                0.03                   500.0               2.25       1                   200000.0          1                2                0.2                       1                         0.2              1                2                0.3              0.2                  0.3                  0.2                  0                   
84                0.03                   500.0               2.25       1                   200000.0          1                2                0.2                       1                         0.2              1                2                0.3              0.2                  0.3                  0.05                 0.3                 
85                0.03                   500.0               2.25       1                   200000.0          1                2                0.2                       1                         0.2              1                2                0.3              0.2                  0.3                  0.05                 0.1                 
86                0.03                   500.0               2.25       1                   200000.0          1                2                0.2                       1                         0.2              1                2                0.3              0.2                  0.3                  0.05                 0                   
87                0.03                   500.0               2.25       1                   200000.0          1                2                0.2                       1                         0.2              1                2                0.3              0.2                  0.3                  0                    0.3                 
88                0.03                   500.0               2.25       1                   200000.0          1                2                0.2                       1                         0.2              1                2                0.3              0.2                  0.3                  0                    0.1                 
89                0.03                   500.0               2.25       1                   200000.0          1                2                0.2                       1                         0.2              1                2                0.3              0.2                  0.3                  0                    0                   
90                0.03                   500.0               2.25       1                   200000.0          1                2                0.2                       1                         0.2              1                2                0.3              0.2                  0.1                  0.2                  0.3                 
91                0.03                   500.0               2.25       1                   200000.0          1                2                0.2                       1                         0.2              1                2                0.3              0.2                  0.1                  0.2                  0.1                 
92                0.03                   500.0               2.25       1                   200000.0          1                2                0.2                       1                         0.2              1                2                0.3              0.2                  0.1                  0.2                  0                   
93                0.03                   500.0               2.25       1                   200000.0          1                2                0.2                       1                         0.2              1                2                0.3              0.2                  0.1                  0.05                 0.3                 
94                0.03                   500.0               2.25       1                   200000.0          1                2                0.2                       1                         0.2              1                2                0.3              0.2                  0.1                  0.05                 0.1                 
95                0.03                   500.0               2.25       1                   200000.0          1                2                0.2                       1                         0.2              1                2                0.3              0.2                  0.1                  0.05                 0                   
96                0.03                   500.0               2.25       1                   200000.0          1                2                0.2                       1                         0.2              1                2                0.3              0.2                  0.1                  0                    0.3                 
97                0.03                   500.0               2.25       1                   200000.0          1                2                0.2                       1                         0.2              1                2                0.3              0.2                  0.1                  0                    0.1                 
98                0.03                   500.0               2.25       1                   200000.0          1                2                0.2                       1                         0.2              1                2                0.3              0.2                  0.1                  0                    0                   
99                0.03                   500.0               2.25       1                   200000.0          1                2                0.2                       1                         0.2              1                2                0.3              0.2                  0                    0.2                  0.3                 
100               0.03                   500.0               2.25       1                   200000.0          1                2                0.2                       1                         0.2              1                2                0.3              0.2                  0                    0.2                  0.1                 
101               0.03                   500.0               2.25       1                   200000.0          1                2                0.2                       1                         0.2              1                2                0.3              0.2                  0                    0.2                  0                   
102               0.03                   500.0               2.25       1                   200000.0          1                2                0.2                       1                         0.2              1                2                0.3              0.2                  0                    0.05                 0.3                 
103               0.03                   500.0               2.25       1                   200000.0          1                2                0.2                       1                         0.2              1                2                0.3              0.2                  0                    0.05                 0.1                 
104               0.03                   500.0               2.25       1                   200000.0          1                2                0.2                       1                         0.2              1                2                0.3              0.2                  0                    0.05                 0                   
105               0.03                   500.0               2.25       1                   200000.0          1                2                0.2                       1                         0.2              1                2                0.3              0.2                  0                    0                    0.3                 
106               0.03                   500.0               2.25       1                   200000.0          1                2                0.2                       1                         0.2              1                2                0.3              0.2                  0                    0                    0.1                 
107               0.03                   500.0               2.25       1                   200000.0          1                2                0.2                       1                         0.2              1                2                0.3              0.2                  0                    0                    0                   
108               0.03                   500.0               2.25       1                   200000.0          1                2                0.2                       1                         0.2              1                2                0.3              0.05                 0.3                  0.2                  0.3                 
109               0.03                   500.0               2.25       1                   200000.0          1                2                0.2                       1                         0.2              1                2                0.3              0.05                 0.3                  0.2                  0.1                 
110               0.03                   500.0               2.25       1                   200000.0          1                2                0.2                       1                         0.2              1                2                0.3              0.05                 0.3                  0.2                  0                   
111               0.03                   500.0               2.25       1                   200000.0          1                2                0.2                       1                         0.2              1                2                0.3              0.05                 0.3                  0.05                 0.3                 
112               0.03                   500.0               2.25       1                   200000.0          1                2                0.2                       1                         0.2              1                2                0.3              0.05                 0.3                  0.05                 0.1                 
113               0.03                   500.0               2.25       1                   200000.0          1                2                0.2                       1                         0.2              1                2                0.3              0.05                 0.3                  0.05                 0                   
114               0.03                   500.0               2.25       1                   200000.0          1                2                0.2                       1                         0.2              1                2                0.3              0.05                 0.3                  0                    0.3                 
115               0.03                   500.0               2.25       1                   200000.0          1                2                0.2                       1                         0.2              1                2                0.3              0.05                 0.3                  0                    0.1                 
116               0.03                   500.0               2.25       1                   200000.0          1                2                0.2                       1                         0.2              1                2                0.3              0.05                 0.3                  0                    0                   
117               0.03                   500.0               2.25       1                   200000.0          1                2                0.2                       1                         0.2              1                2                0.3              0.05                 0.1                  0.2                  0.3                 
118               0.03                   500.0               2.25       1                   200000.0          1                2                0.2                       1                         0.2              1                2                0.3              0.05                 0.1                  0.2                  0.1                 
119               0.03                   500.0               2.25       1                   200000.0          1                2                0.2                       1                         0.2              1                2                0.3              0.05                 0.1                  0.2                  0                   
120               0.03                   500.0               2.25       1                   200000.0          1                2                0.2                       1                         0.2              1                2                0.3              0.05                 0.1                  0.05                 0.3                 
121               0.03                   500.0               2.25       1                   200000.0          1                2                0.2                       1                         0.2              1                2                0.3              0.05                 0.1                  0.05                 0.1                 
122               0.03                   500.0               2.25       1                   200000.0          1                2                0.2                       1                         0.2              1                2                0.3              0.05                 0.1                  0.05                 0                   
123               0.03                   500.0               2.25       1                   200000.0          1                2                0.2                       1                         0.2              1                2                0.3              0.05                 0.1                  0                    0.3                 
124               0.03                   500.0               2.25       1                   200000.0          1                2                0.2                       1                         0.2              1                2                0.3              0.05                 0.1                  0                    0.1                 
125               0.03                   500.0               2.25       1                   200000.0          1                2                0.2                       1                         0.2              1                2                0.3              0.05                 0.1                  0                    0                   
126               0.03                   500.0               2.25       1                   200000.0          1                2                0.2                       1                         0.2              1                2                0.3              0.05                 0                    0.2                  0.3                 
127               0.03                   500.0               2.25       1                   200000.0          1                2                0.2                       1                         0.2              1                2                0.3              0.05                 0                    0.2                  0.1                 
128               0.03                   500.0               2.25       1                   200000.0          1                2                0.2                       1                         0.2              1                2                0.3              0.05                 0                    0.2                  0                   
129               0.03                   500.0               2.25       1                   200000.0          1                2                0.2                       1                         0.2              1                2                0.3              0.05                 0                    0.05                 0.3                 
130               0.03                   500.0               2.25       1                   200000.0          1                2                0.2                       1                         0.2              1                2                0.3              0.05                 0                    0.05                 0.1                 
131               0.03                   500.0               2.25       1                   200000.0          1                2                0.2                       1                         0.2              1                2                0.3              0.05                 0                    0.05                 0                   
132               0.03                   500.0               2.25       1                   200000.0          1                2                0.2                       1                         0.2              1                2                0.3              0.05                 0                    0                    0.3                 
133               0.03                   500.0               2.25       1                   200000.0          1                2                0.2                       1                         0.2              1                2                0.3              0.05                 0                    0                    0.1                 
134               0.03                   500.0               2.25       1                   200000.0          1                2                0.2                       1                         0.2              1                2                0.3              0.05                 0                    0                    0                   
135               0.03                   500.0               2.25       1                   200000.0          1                2                0.2                       1                         0.2              1                2                0.3              0                    0.3                  0.2                  0.3                 
136               0.03                   500.0               2.25       1                   200000.0          1                2                0.2                       1                         0.2              1                2                0.3              0                    0.3                  0.2                  0.1                 
137               0.03                   500.0               2.25       1                   200000.0          1                2                0.2                       1                         0.2              1                2                0.3              0                    0.3                  0.2                  0                   
138               0.03                   500.0               2.25       1                   200000.0          1                2                0.2                       1                         0.2              1                2                0.3              0                    0.3                  0.05                 0.3                 
139               0.03                   500.0               2.25       1                   200000.0          1                2                0.2                       1                         0.2              1                2                0.3              0                    0.3                  0.05                 0.1                 
140               0.03                   500.0               2.25       1                   200000.0          1                2                0.2                       1                         0.2              1                2                0.3              0                    0.3                  0.05                 0                   
141               0.03                   500.0               2.25       1                   200000.0          1                2                0.2                       1                         0.2              1                2                0.3              0                    0.3                  0                    0.3                 
142               0.03                   500.0               2.25       1                   200000.0          1                2                0.2                       1                         0.2              1                2                0.3              0                    0.3                  0                    0.1                 
143               0.03                   500.0               2.25       1                   200000.0          1                2                0.2                       1                         0.2              1                2                0.3              0                    0.3                  0                    0                   
144               0.03                   500.0               2.25       1                   200000.0          1                2                0.2                       1                         0.2              1                2                0.3              0                    0.1                  0.2                  0.3                 
145               0.03                   500.0               2.25       1                   200000.0          1                2                0.2                       1                         0.2              1                2                0.3              0                    0.1                  0.2                  0.1                 
146               0.03                   500.0               2.25       1                   200000.0          1                2                0.2                       1                         0.2              1                2                0.3              0                    0.1                  0.2                  0                   
147               0.03                   500.0               2.25       1                   200000.0          1                2                0.2                       1                         0.2              1                2                0.3              0                    0.1                  0.05                 0.3                 
148               0.03                   500.0               2.25       1                   200000.0          1                2                0.2                       1                         0.2              1                2                0.3              0                    0.1                  0.05                 0.1                 
149               0.03                   500.0               2.25       1                   200000.0          1                2                0.2                       1                         0.2              1                2                0.3              0                    0.1                  0.05                 0                   
