Simulation Number ExitSlit.openingHeight CPMU20.photonEnergy PG.cFactor PG.orderDiffraction CPMU20.numberRays
0                 0.03                   500                 1.5        1                   300000.0         
1                 0.03                   500                 2.25       1                   300000.0         
2                 0.03                   500                 3.0        1                   300000.0         
3                 0.03                   500                 5.0        1                   300000.0         
4                 0.03                   510                 1.5        1                   300000.0         
5                 0.03                   510                 2.25       1                   300000.0         
6                 0.03                   510                 3.0        1                   300000.0         
7                 0.03                   510                 5.0        1                   300000.0         
8                 0.03                   520                 1.5        1                   300000.0         
9                 0.03                   520                 2.25       1                   300000.0         
10                0.03                   520                 3.0        1                   300000.0         
11                0.03                   520                 5.0        1                   300000.0         
12                0.03                   530                 1.5        1                   300000.0         
13                0.03                   530                 2.25       1                   300000.0         
14                0.03                   530                 3.0        1                   300000.0         
15                0.03                   530                 5.0        1                   300000.0         
16                0.03                   540                 1.5        1                   300000.0         
17                0.03                   540                 2.25       1                   300000.0         
18                0.03                   540                 3.0        1                   300000.0         
19                0.03                   540                 5.0        1                   300000.0         
20                0.03                   550                 1.5        1                   300000.0         
21                0.03                   550                 2.25       1                   300000.0         
22                0.03                   550                 3.0        1                   300000.0         
23                0.03                   550                 5.0        1                   300000.0         
24                0.03                   560                 1.5        1                   300000.0         
25                0.03                   560                 2.25       1                   300000.0         
26                0.03                   560                 3.0        1                   300000.0         
27                0.03                   560                 5.0        1                   300000.0         
28                0.03                   570                 1.5        1                   300000.0         
29                0.03                   570                 2.25       1                   300000.0         
30                0.03                   570                 3.0        1                   300000.0         
31                0.03                   570                 5.0        1                   300000.0         
32                0.03                   580                 1.5        1                   300000.0         
33                0.03                   580                 2.25       1                   300000.0         
34                0.03                   580                 3.0        1                   300000.0         
35                0.03                   580                 5.0        1                   300000.0         
36                0.03                   590                 1.5        1                   300000.0         
37                0.03                   590                 2.25       1                   300000.0         
38                0.03                   590                 3.0        1                   300000.0         
39                0.03                   590                 5.0        1                   300000.0         
40                0.03                   600                 1.5        1                   300000.0         
41                0.03                   600                 2.25       1                   300000.0         
42                0.03                   600                 3.0        1                   300000.0         
43                0.03                   600                 5.0        1                   300000.0         
44                0.03                   610                 1.5        1                   300000.0         
45                0.03                   610                 2.25       1                   300000.0         
46                0.03                   610                 3.0        1                   300000.0         
47                0.03                   610                 5.0        1                   300000.0         
48                0.03                   620                 1.5        1                   300000.0         
49                0.03                   620                 2.25       1                   300000.0         
50                0.03                   620                 3.0        1                   300000.0         
51                0.03                   620                 5.0        1                   300000.0         
52                0.03                   630                 1.5        1                   300000.0         
53                0.03                   630                 2.25       1                   300000.0         
54                0.03                   630                 3.0        1                   300000.0         
55                0.03                   630                 5.0        1                   300000.0         
56                0.03                   640                 1.5        1                   300000.0         
57                0.03                   640                 2.25       1                   300000.0         
58                0.03                   640                 3.0        1                   300000.0         
59                0.03                   640                 5.0        1                   300000.0         
60                0.03                   650                 1.5        1                   300000.0         
61                0.03                   650                 2.25       1                   300000.0         
62                0.03                   650                 3.0        1                   300000.0         
63                0.03                   650                 5.0        1                   300000.0         
64                0.03                   660                 1.5        1                   300000.0         
65                0.03                   660                 2.25       1                   300000.0         
66                0.03                   660                 3.0        1                   300000.0         
67                0.03                   660                 5.0        1                   300000.0         
68                0.03                   670                 1.5        1                   300000.0         
69                0.03                   670                 2.25       1                   300000.0         
70                0.03                   670                 3.0        1                   300000.0         
71                0.03                   670                 5.0        1                   300000.0         
72                0.03                   680                 1.5        1                   300000.0         
73                0.03                   680                 2.25       1                   300000.0         
74                0.03                   680                 3.0        1                   300000.0         
75                0.03                   680                 5.0        1                   300000.0         
76                0.03                   690                 1.5        1                   300000.0         
77                0.03                   690                 2.25       1                   300000.0         
78                0.03                   690                 3.0        1                   300000.0         
79                0.03                   690                 5.0        1                   300000.0         
80                0.03                   700                 1.5        1                   300000.0         
81                0.03                   700                 2.25       1                   300000.0         
82                0.03                   700                 3.0        1                   300000.0         
83                0.03                   700                 5.0        1                   300000.0         
84                0.03                   710                 1.5        1                   300000.0         
85                0.03                   710                 2.25       1                   300000.0         
86                0.03                   710                 3.0        1                   300000.0         
87                0.03                   710                 5.0        1                   300000.0         
88                0.03                   720                 1.5        1                   300000.0         
89                0.03                   720                 2.25       1                   300000.0         
90                0.03                   720                 3.0        1                   300000.0         
91                0.03                   720                 5.0        1                   300000.0         
92                0.03                   730                 1.5        1                   300000.0         
93                0.03                   730                 2.25       1                   300000.0         
94                0.03                   730                 3.0        1                   300000.0         
95                0.03                   730                 5.0        1                   300000.0         
96                0.03                   740                 1.5        1                   300000.0         
97                0.03                   740                 2.25       1                   300000.0         
98                0.03                   740                 3.0        1                   300000.0         
99                0.03                   740                 5.0        1                   300000.0         
100               0.03                   750                 1.5        1                   300000.0         
101               0.03                   750                 2.25       1                   300000.0         
102               0.03                   750                 3.0        1                   300000.0         
103               0.03                   750                 5.0        1                   300000.0         
104               0.03                   760                 1.5        1                   300000.0         
105               0.03                   760                 2.25       1                   300000.0         
106               0.03                   760                 3.0        1                   300000.0         
107               0.03                   760                 5.0        1                   300000.0         
108               0.03                   770                 1.5        1                   300000.0         
109               0.03                   770                 2.25       1                   300000.0         
110               0.03                   770                 3.0        1                   300000.0         
111               0.03                   770                 5.0        1                   300000.0         
112               0.03                   780                 1.5        1                   300000.0         
113               0.03                   780                 2.25       1                   300000.0         
114               0.03                   780                 3.0        1                   300000.0         
115               0.03                   780                 5.0        1                   300000.0         
116               0.03                   790                 1.5        1                   300000.0         
117               0.03                   790                 2.25       1                   300000.0         
118               0.03                   790                 3.0        1                   300000.0         
119               0.03                   790                 5.0        1                   300000.0         
120               0.03                   800                 1.5        1                   300000.0         
121               0.03                   800                 2.25       1                   300000.0         
122               0.03                   800                 3.0        1                   300000.0         
123               0.03                   800                 5.0        1                   300000.0         
124               0.03                   810                 1.5        1                   300000.0         
125               0.03                   810                 2.25       1                   300000.0         
126               0.03                   810                 3.0        1                   300000.0         
127               0.03                   810                 5.0        1                   300000.0         
128               0.03                   820                 1.5        1                   300000.0         
129               0.03                   820                 2.25       1                   300000.0         
130               0.03                   820                 3.0        1                   300000.0         
131               0.03                   820                 5.0        1                   300000.0         
132               0.03                   830                 1.5        1                   300000.0         
133               0.03                   830                 2.25       1                   300000.0         
134               0.03                   830                 3.0        1                   300000.0         
135               0.03                   830                 5.0        1                   300000.0         
136               0.03                   840                 1.5        1                   300000.0         
137               0.03                   840                 2.25       1                   300000.0         
138               0.03                   840                 3.0        1                   300000.0         
139               0.03                   840                 5.0        1                   300000.0         
140               0.03                   850                 1.5        1                   300000.0         
141               0.03                   850                 2.25       1                   300000.0         
142               0.03                   850                 3.0        1                   300000.0         
143               0.03                   850                 5.0        1                   300000.0         
144               0.03                   860                 1.5        1                   300000.0         
145               0.03                   860                 2.25       1                   300000.0         
146               0.03                   860                 3.0        1                   300000.0         
147               0.03                   860                 5.0        1                   300000.0         
148               0.03                   870                 1.5        1                   300000.0         
149               0.03                   870                 2.25       1                   300000.0         
150               0.03                   870                 3.0        1                   300000.0         
151               0.03                   870                 5.0        1                   300000.0         
152               0.03                   880                 1.5        1                   300000.0         
153               0.03                   880                 2.25       1                   300000.0         
154               0.03                   880                 3.0        1                   300000.0         
155               0.03                   880                 5.0        1                   300000.0         
156               0.03                   890                 1.5        1                   300000.0         
157               0.03                   890                 2.25       1                   300000.0         
158               0.03                   890                 3.0        1                   300000.0         
159               0.03                   890                 5.0        1                   300000.0         
160               0.03                   900                 1.5        1                   300000.0         
161               0.03                   900                 2.25       1                   300000.0         
162               0.03                   900                 3.0        1                   300000.0         
163               0.03                   900                 5.0        1                   300000.0         
164               0.03                   910                 1.5        1                   300000.0         
165               0.03                   910                 2.25       1                   300000.0         
166               0.03                   910                 3.0        1                   300000.0         
167               0.03                   910                 5.0        1                   300000.0         
168               0.03                   920                 1.5        1                   300000.0         
169               0.03                   920                 2.25       1                   300000.0         
170               0.03                   920                 3.0        1                   300000.0         
171               0.03                   920                 5.0        1                   300000.0         
172               0.03                   930                 1.5        1                   300000.0         
173               0.03                   930                 2.25       1                   300000.0         
174               0.03                   930                 3.0        1                   300000.0         
175               0.03                   930                 5.0        1                   300000.0         
176               0.03                   940                 1.5        1                   300000.0         
177               0.03                   940                 2.25       1                   300000.0         
178               0.03                   940                 3.0        1                   300000.0         
179               0.03                   940                 5.0        1                   300000.0         
180               0.03                   950                 1.5        1                   300000.0         
181               0.03                   950                 2.25       1                   300000.0         
182               0.03                   950                 3.0        1                   300000.0         
183               0.03                   950                 5.0        1                   300000.0         
184               0.03                   960                 1.5        1                   300000.0         
185               0.03                   960                 2.25       1                   300000.0         
186               0.03                   960                 3.0        1                   300000.0         
187               0.03                   960                 5.0        1                   300000.0         
188               0.03                   970                 1.5        1                   300000.0         
189               0.03                   970                 2.25       1                   300000.0         
190               0.03                   970                 3.0        1                   300000.0         
191               0.03                   970                 5.0        1                   300000.0         
192               0.03                   980                 1.5        1                   300000.0         
193               0.03                   980                 2.25       1                   300000.0         
194               0.03                   980                 3.0        1                   300000.0         
195               0.03                   980                 5.0        1                   300000.0         
196               0.03                   990                 1.5        1                   300000.0         
197               0.03                   990                 2.25       1                   300000.0         
198               0.03                   990                 3.0        1                   300000.0         
199               0.03                   990                 5.0        1                   300000.0         
200               0.03                   1000                1.5        1                   300000.0         
201               0.03                   1000                2.25       1                   300000.0         
202               0.03                   1000                3.0        1                   300000.0         
203               0.03                   1000                5.0        1                   300000.0         
204               0.03                   1010                1.5        1                   300000.0         
205               0.03                   1010                2.25       1                   300000.0         
206               0.03                   1010                3.0        1                   300000.0         
207               0.03                   1010                5.0        1                   300000.0         
208               0.03                   1020                1.5        1                   300000.0         
209               0.03                   1020                2.25       1                   300000.0         
210               0.03                   1020                3.0        1                   300000.0         
211               0.03                   1020                5.0        1                   300000.0         
212               0.03                   1030                1.5        1                   300000.0         
213               0.03                   1030                2.25       1                   300000.0         
214               0.03                   1030                3.0        1                   300000.0         
215               0.03                   1030                5.0        1                   300000.0         
216               0.03                   1040                1.5        1                   300000.0         
217               0.03                   1040                2.25       1                   300000.0         
218               0.03                   1040                3.0        1                   300000.0         
219               0.03                   1040                5.0        1                   300000.0         
220               0.03                   1050                1.5        1                   300000.0         
221               0.03                   1050                2.25       1                   300000.0         
222               0.03                   1050                3.0        1                   300000.0         
223               0.03                   1050                5.0        1                   300000.0         
224               0.03                   1060                1.5        1                   300000.0         
225               0.03                   1060                2.25       1                   300000.0         
226               0.03                   1060                3.0        1                   300000.0         
227               0.03                   1060                5.0        1                   300000.0         
228               0.03                   1070                1.5        1                   300000.0         
229               0.03                   1070                2.25       1                   300000.0         
230               0.03                   1070                3.0        1                   300000.0         
231               0.03                   1070                5.0        1                   300000.0         
232               0.03                   1080                1.5        1                   300000.0         
233               0.03                   1080                2.25       1                   300000.0         
234               0.03                   1080                3.0        1                   300000.0         
235               0.03                   1080                5.0        1                   300000.0         
236               0.03                   1090                1.5        1                   300000.0         
237               0.03                   1090                2.25       1                   300000.0         
238               0.03                   1090                3.0        1                   300000.0         
239               0.03                   1090                5.0        1                   300000.0         
240               0.03                   1100                1.5        1                   300000.0         
241               0.03                   1100                2.25       1                   300000.0         
242               0.03                   1100                3.0        1                   300000.0         
243               0.03                   1100                5.0        1                   300000.0         
244               0.03                   1110                1.5        1                   300000.0         
245               0.03                   1110                2.25       1                   300000.0         
246               0.03                   1110                3.0        1                   300000.0         
247               0.03                   1110                5.0        1                   300000.0         
248               0.03                   1120                1.5        1                   300000.0         
249               0.03                   1120                2.25       1                   300000.0         
250               0.03                   1120                3.0        1                   300000.0         
251               0.03                   1120                5.0        1                   300000.0         
252               0.03                   1130                1.5        1                   300000.0         
253               0.03                   1130                2.25       1                   300000.0         
254               0.03                   1130                3.0        1                   300000.0         
255               0.03                   1130                5.0        1                   300000.0         
256               0.03                   1140                1.5        1                   300000.0         
257               0.03                   1140                2.25       1                   300000.0         
258               0.03                   1140                3.0        1                   300000.0         
259               0.03                   1140                5.0        1                   300000.0         
260               0.03                   1150                1.5        1                   300000.0         
261               0.03                   1150                2.25       1                   300000.0         
262               0.03                   1150                3.0        1                   300000.0         
263               0.03                   1150                5.0        1                   300000.0         
264               0.03                   1160                1.5        1                   300000.0         
265               0.03                   1160                2.25       1                   300000.0         
266               0.03                   1160                3.0        1                   300000.0         
267               0.03                   1160                5.0        1                   300000.0         
268               0.03                   1170                1.5        1                   300000.0         
269               0.03                   1170                2.25       1                   300000.0         
270               0.03                   1170                3.0        1                   300000.0         
271               0.03                   1170                5.0        1                   300000.0         
272               0.03                   1180                1.5        1                   300000.0         
273               0.03                   1180                2.25       1                   300000.0         
274               0.03                   1180                3.0        1                   300000.0         
275               0.03                   1180                5.0        1                   300000.0         
276               0.03                   1190                1.5        1                   300000.0         
277               0.03                   1190                2.25       1                   300000.0         
278               0.03                   1190                3.0        1                   300000.0         
279               0.03                   1190                5.0        1                   300000.0         
280               0.03                   1200                1.5        1                   300000.0         
281               0.03                   1200                2.25       1                   300000.0         
282               0.03                   1200                3.0        1                   300000.0         
283               0.03                   1200                5.0        1                   300000.0         
284               0.03                   1210                1.5        1                   300000.0         
285               0.03                   1210                2.25       1                   300000.0         
286               0.03                   1210                3.0        1                   300000.0         
287               0.03                   1210                5.0        1                   300000.0         
288               0.03                   1220                1.5        1                   300000.0         
289               0.03                   1220                2.25       1                   300000.0         
290               0.03                   1220                3.0        1                   300000.0         
291               0.03                   1220                5.0        1                   300000.0         
292               0.03                   1230                1.5        1                   300000.0         
293               0.03                   1230                2.25       1                   300000.0         
294               0.03                   1230                3.0        1                   300000.0         
295               0.03                   1230                5.0        1                   300000.0         
296               0.03                   1240                1.5        1                   300000.0         
297               0.03                   1240                2.25       1                   300000.0         
298               0.03                   1240                3.0        1                   300000.0         
299               0.03                   1240                5.0        1                   300000.0         
300               0.03                   1250                1.5        1                   300000.0         
301               0.03                   1250                2.25       1                   300000.0         
302               0.03                   1250                3.0        1                   300000.0         
303               0.03                   1250                5.0        1                   300000.0         
304               0.03                   1260                1.5        1                   300000.0         
305               0.03                   1260                2.25       1                   300000.0         
306               0.03                   1260                3.0        1                   300000.0         
307               0.03                   1260                5.0        1                   300000.0         
308               0.03                   1270                1.5        1                   300000.0         
309               0.03                   1270                2.25       1                   300000.0         
310               0.03                   1270                3.0        1                   300000.0         
311               0.03                   1270                5.0        1                   300000.0         
312               0.03                   1280                1.5        1                   300000.0         
313               0.03                   1280                2.25       1                   300000.0         
314               0.03                   1280                3.0        1                   300000.0         
315               0.03                   1280                5.0        1                   300000.0         
316               0.03                   1290                1.5        1                   300000.0         
317               0.03                   1290                2.25       1                   300000.0         
318               0.03                   1290                3.0        1                   300000.0         
319               0.03                   1290                5.0        1                   300000.0         
320               0.03                   1300                1.5        1                   300000.0         
321               0.03                   1300                2.25       1                   300000.0         
322               0.03                   1300                3.0        1                   300000.0         
323               0.03                   1300                5.0        1                   300000.0         
324               0.03                   1310                1.5        1                   300000.0         
325               0.03                   1310                2.25       1                   300000.0         
326               0.03                   1310                3.0        1                   300000.0         
327               0.03                   1310                5.0        1                   300000.0         
328               0.03                   1320                1.5        1                   300000.0         
329               0.03                   1320                2.25       1                   300000.0         
330               0.03                   1320                3.0        1                   300000.0         
331               0.03                   1320                5.0        1                   300000.0         
332               0.03                   1330                1.5        1                   300000.0         
333               0.03                   1330                2.25       1                   300000.0         
334               0.03                   1330                3.0        1                   300000.0         
335               0.03                   1330                5.0        1                   300000.0         
336               0.03                   1340                1.5        1                   300000.0         
337               0.03                   1340                2.25       1                   300000.0         
338               0.03                   1340                3.0        1                   300000.0         
339               0.03                   1340                5.0        1                   300000.0         
340               0.03                   1350                1.5        1                   300000.0         
341               0.03                   1350                2.25       1                   300000.0         
342               0.03                   1350                3.0        1                   300000.0         
343               0.03                   1350                5.0        1                   300000.0         
344               0.03                   1360                1.5        1                   300000.0         
345               0.03                   1360                2.25       1                   300000.0         
346               0.03                   1360                3.0        1                   300000.0         
347               0.03                   1360                5.0        1                   300000.0         
348               0.03                   1370                1.5        1                   300000.0         
349               0.03                   1370                2.25       1                   300000.0         
350               0.03                   1370                3.0        1                   300000.0         
351               0.03                   1370                5.0        1                   300000.0         
352               0.03                   1380                1.5        1                   300000.0         
353               0.03                   1380                2.25       1                   300000.0         
354               0.03                   1380                3.0        1                   300000.0         
355               0.03                   1380                5.0        1                   300000.0         
356               0.03                   1390                1.5        1                   300000.0         
357               0.03                   1390                2.25       1                   300000.0         
358               0.03                   1390                3.0        1                   300000.0         
359               0.03                   1390                5.0        1                   300000.0         
360               0.03                   1400                1.5        1                   300000.0         
361               0.03                   1400                2.25       1                   300000.0         
362               0.03                   1400                3.0        1                   300000.0         
363               0.03                   1400                5.0        1                   300000.0         
364               0.03                   1410                1.5        1                   300000.0         
365               0.03                   1410                2.25       1                   300000.0         
366               0.03                   1410                3.0        1                   300000.0         
367               0.03                   1410                5.0        1                   300000.0         
368               0.03                   1420                1.5        1                   300000.0         
369               0.03                   1420                2.25       1                   300000.0         
370               0.03                   1420                3.0        1                   300000.0         
371               0.03                   1420                5.0        1                   300000.0         
372               0.03                   1430                1.5        1                   300000.0         
373               0.03                   1430                2.25       1                   300000.0         
374               0.03                   1430                3.0        1                   300000.0         
375               0.03                   1430                5.0        1                   300000.0         
376               0.03                   1440                1.5        1                   300000.0         
377               0.03                   1440                2.25       1                   300000.0         
378               0.03                   1440                3.0        1                   300000.0         
379               0.03                   1440                5.0        1                   300000.0         
380               0.03                   1450                1.5        1                   300000.0         
381               0.03                   1450                2.25       1                   300000.0         
382               0.03                   1450                3.0        1                   300000.0         
383               0.03                   1450                5.0        1                   300000.0         
384               0.03                   1460                1.5        1                   300000.0         
385               0.03                   1460                2.25       1                   300000.0         
386               0.03                   1460                3.0        1                   300000.0         
387               0.03                   1460                5.0        1                   300000.0         
388               0.03                   1470                1.5        1                   300000.0         
389               0.03                   1470                2.25       1                   300000.0         
390               0.03                   1470                3.0        1                   300000.0         
391               0.03                   1470                5.0        1                   300000.0         
392               0.03                   1480                1.5        1                   300000.0         
393               0.03                   1480                2.25       1                   300000.0         
394               0.03                   1480                3.0        1                   300000.0         
395               0.03                   1480                5.0        1                   300000.0         
396               0.03                   1490                1.5        1                   300000.0         
397               0.03                   1490                2.25       1                   300000.0         
398               0.03                   1490                3.0        1                   300000.0         
399               0.03                   1490                5.0        1                   300000.0         
400               0.03                   1500                1.5        1                   300000.0         
401               0.03                   1500                2.25       1                   300000.0         
402               0.03                   1500                3.0        1                   300000.0         
403               0.03                   1500                5.0        1                   300000.0         
404               0.03                   1510                1.5        1                   300000.0         
405               0.03                   1510                2.25       1                   300000.0         
406               0.03                   1510                3.0        1                   300000.0         
407               0.03                   1510                5.0        1                   300000.0         
408               0.03                   1520                1.5        1                   300000.0         
409               0.03                   1520                2.25       1                   300000.0         
410               0.03                   1520                3.0        1                   300000.0         
411               0.03                   1520                5.0        1                   300000.0         
412               0.03                   1530                1.5        1                   300000.0         
413               0.03                   1530                2.25       1                   300000.0         
414               0.03                   1530                3.0        1                   300000.0         
415               0.03                   1530                5.0        1                   300000.0         
416               0.03                   1540                1.5        1                   300000.0         
417               0.03                   1540                2.25       1                   300000.0         
418               0.03                   1540                3.0        1                   300000.0         
419               0.03                   1540                5.0        1                   300000.0         
420               0.03                   1550                1.5        1                   300000.0         
421               0.03                   1550                2.25       1                   300000.0         
422               0.03                   1550                3.0        1                   300000.0         
423               0.03                   1550                5.0        1                   300000.0         
424               0.03                   1560                1.5        1                   300000.0         
425               0.03                   1560                2.25       1                   300000.0         
426               0.03                   1560                3.0        1                   300000.0         
427               0.03                   1560                5.0        1                   300000.0         
428               0.03                   1570                1.5        1                   300000.0         
429               0.03                   1570                2.25       1                   300000.0         
430               0.03                   1570                3.0        1                   300000.0         
431               0.03                   1570                5.0        1                   300000.0         
432               0.03                   1580                1.5        1                   300000.0         
433               0.03                   1580                2.25       1                   300000.0         
434               0.03                   1580                3.0        1                   300000.0         
435               0.03                   1580                5.0        1                   300000.0         
436               0.03                   1590                1.5        1                   300000.0         
437               0.03                   1590                2.25       1                   300000.0         
438               0.03                   1590                3.0        1                   300000.0         
439               0.03                   1590                5.0        1                   300000.0         
440               0.03                   1600                1.5        1                   300000.0         
441               0.03                   1600                2.25       1                   300000.0         
442               0.03                   1600                3.0        1                   300000.0         
443               0.03                   1600                5.0        1                   300000.0         
444               0.03                   1610                1.5        1                   300000.0         
445               0.03                   1610                2.25       1                   300000.0         
446               0.03                   1610                3.0        1                   300000.0         
447               0.03                   1610                5.0        1                   300000.0         
448               0.03                   1620                1.5        1                   300000.0         
449               0.03                   1620                2.25       1                   300000.0         
450               0.03                   1620                3.0        1                   300000.0         
451               0.03                   1620                5.0        1                   300000.0         
452               0.03                   1630                1.5        1                   300000.0         
453               0.03                   1630                2.25       1                   300000.0         
454               0.03                   1630                3.0        1                   300000.0         
455               0.03                   1630                5.0        1                   300000.0         
456               0.03                   1640                1.5        1                   300000.0         
457               0.03                   1640                2.25       1                   300000.0         
458               0.03                   1640                3.0        1                   300000.0         
459               0.03                   1640                5.0        1                   300000.0         
460               0.03                   1650                1.5        1                   300000.0         
461               0.03                   1650                2.25       1                   300000.0         
462               0.03                   1650                3.0        1                   300000.0         
463               0.03                   1650                5.0        1                   300000.0         
464               0.03                   1660                1.5        1                   300000.0         
465               0.03                   1660                2.25       1                   300000.0         
466               0.03                   1660                3.0        1                   300000.0         
467               0.03                   1660                5.0        1                   300000.0         
468               0.03                   1670                1.5        1                   300000.0         
469               0.03                   1670                2.25       1                   300000.0         
470               0.03                   1670                3.0        1                   300000.0         
471               0.03                   1670                5.0        1                   300000.0         
472               0.03                   1680                1.5        1                   300000.0         
473               0.03                   1680                2.25       1                   300000.0         
474               0.03                   1680                3.0        1                   300000.0         
475               0.03                   1680                5.0        1                   300000.0         
476               0.03                   1690                1.5        1                   300000.0         
477               0.03                   1690                2.25       1                   300000.0         
478               0.03                   1690                3.0        1                   300000.0         
479               0.03                   1690                5.0        1                   300000.0         
480               0.03                   1700                1.5        1                   300000.0         
481               0.03                   1700                2.25       1                   300000.0         
482               0.03                   1700                3.0        1                   300000.0         
483               0.03                   1700                5.0        1                   300000.0         
484               0.03                   1710                1.5        1                   300000.0         
485               0.03                   1710                2.25       1                   300000.0         
486               0.03                   1710                3.0        1                   300000.0         
487               0.03                   1710                5.0        1                   300000.0         
488               0.03                   1720                1.5        1                   300000.0         
489               0.03                   1720                2.25       1                   300000.0         
490               0.03                   1720                3.0        1                   300000.0         
491               0.03                   1720                5.0        1                   300000.0         
492               0.03                   1730                1.5        1                   300000.0         
493               0.03                   1730                2.25       1                   300000.0         
494               0.03                   1730                3.0        1                   300000.0         
495               0.03                   1730                5.0        1                   300000.0         
496               0.03                   1740                1.5        1                   300000.0         
497               0.03                   1740                2.25       1                   300000.0         
498               0.03                   1740                3.0        1                   300000.0         
499               0.03                   1740                5.0        1                   300000.0         
500               0.03                   1750                1.5        1                   300000.0         
501               0.03                   1750                2.25       1                   300000.0         
502               0.03                   1750                3.0        1                   300000.0         
503               0.03                   1750                5.0        1                   300000.0         
504               0.03                   1760                1.5        1                   300000.0         
505               0.03                   1760                2.25       1                   300000.0         
506               0.03                   1760                3.0        1                   300000.0         
507               0.03                   1760                5.0        1                   300000.0         
508               0.03                   1770                1.5        1                   300000.0         
509               0.03                   1770                2.25       1                   300000.0         
510               0.03                   1770                3.0        1                   300000.0         
511               0.03                   1770                5.0        1                   300000.0         
512               0.03                   1780                1.5        1                   300000.0         
513               0.03                   1780                2.25       1                   300000.0         
514               0.03                   1780                3.0        1                   300000.0         
515               0.03                   1780                5.0        1                   300000.0         
516               0.03                   1790                1.5        1                   300000.0         
517               0.03                   1790                2.25       1                   300000.0         
518               0.03                   1790                3.0        1                   300000.0         
519               0.03                   1790                5.0        1                   300000.0         
520               0.03                   1800                1.5        1                   300000.0         
521               0.03                   1800                2.25       1                   300000.0         
522               0.03                   1800                3.0        1                   300000.0         
523               0.03                   1800                5.0        1                   300000.0         
524               0.03                   1810                1.5        1                   300000.0         
525               0.03                   1810                2.25       1                   300000.0         
526               0.03                   1810                3.0        1                   300000.0         
527               0.03                   1810                5.0        1                   300000.0         
528               0.03                   1820                1.5        1                   300000.0         
529               0.03                   1820                2.25       1                   300000.0         
530               0.03                   1820                3.0        1                   300000.0         
531               0.03                   1820                5.0        1                   300000.0         
532               0.03                   1830                1.5        1                   300000.0         
533               0.03                   1830                2.25       1                   300000.0         
534               0.03                   1830                3.0        1                   300000.0         
535               0.03                   1830                5.0        1                   300000.0         
536               0.03                   1840                1.5        1                   300000.0         
537               0.03                   1840                2.25       1                   300000.0         
538               0.03                   1840                3.0        1                   300000.0         
539               0.03                   1840                5.0        1                   300000.0         
540               0.03                   1850                1.5        1                   300000.0         
541               0.03                   1850                2.25       1                   300000.0         
542               0.03                   1850                3.0        1                   300000.0         
543               0.03                   1850                5.0        1                   300000.0         
544               0.03                   1860                1.5        1                   300000.0         
545               0.03                   1860                2.25       1                   300000.0         
546               0.03                   1860                3.0        1                   300000.0         
547               0.03                   1860                5.0        1                   300000.0         
548               0.03                   1870                1.5        1                   300000.0         
549               0.03                   1870                2.25       1                   300000.0         
550               0.03                   1870                3.0        1                   300000.0         
551               0.03                   1870                5.0        1                   300000.0         
552               0.03                   1880                1.5        1                   300000.0         
553               0.03                   1880                2.25       1                   300000.0         
554               0.03                   1880                3.0        1                   300000.0         
555               0.03                   1880                5.0        1                   300000.0         
556               0.03                   1890                1.5        1                   300000.0         
557               0.03                   1890                2.25       1                   300000.0         
558               0.03                   1890                3.0        1                   300000.0         
559               0.03                   1890                5.0        1                   300000.0         
560               0.03                   1900                1.5        1                   300000.0         
561               0.03                   1900                2.25       1                   300000.0         
562               0.03                   1900                3.0        1                   300000.0         
563               0.03                   1900                5.0        1                   300000.0         
564               0.03                   1910                1.5        1                   300000.0         
565               0.03                   1910                2.25       1                   300000.0         
566               0.03                   1910                3.0        1                   300000.0         
567               0.03                   1910                5.0        1                   300000.0         
568               0.03                   1920                1.5        1                   300000.0         
569               0.03                   1920                2.25       1                   300000.0         
570               0.03                   1920                3.0        1                   300000.0         
571               0.03                   1920                5.0        1                   300000.0         
572               0.03                   1930                1.5        1                   300000.0         
573               0.03                   1930                2.25       1                   300000.0         
574               0.03                   1930                3.0        1                   300000.0         
575               0.03                   1930                5.0        1                   300000.0         
576               0.03                   1940                1.5        1                   300000.0         
577               0.03                   1940                2.25       1                   300000.0         
578               0.03                   1940                3.0        1                   300000.0         
579               0.03                   1940                5.0        1                   300000.0         
580               0.03                   1950                1.5        1                   300000.0         
581               0.03                   1950                2.25       1                   300000.0         
582               0.03                   1950                3.0        1                   300000.0         
583               0.03                   1950                5.0        1                   300000.0         
584               0.03                   1960                1.5        1                   300000.0         
585               0.03                   1960                2.25       1                   300000.0         
586               0.03                   1960                3.0        1                   300000.0         
587               0.03                   1960                5.0        1                   300000.0         
588               0.03                   1970                1.5        1                   300000.0         
589               0.03                   1970                2.25       1                   300000.0         
590               0.03                   1970                3.0        1                   300000.0         
591               0.03                   1970                5.0        1                   300000.0         
592               0.03                   1980                1.5        1                   300000.0         
593               0.03                   1980                2.25       1                   300000.0         
594               0.03                   1980                3.0        1                   300000.0         
595               0.03                   1980                5.0        1                   300000.0         
596               0.03                   1990                1.5        1                   300000.0         
597               0.03                   1990                2.25       1                   300000.0         
598               0.03                   1990                3.0        1                   300000.0         
599               0.03                   1990                5.0        1                   300000.0         
600               0.03                   2000                1.5        1                   300000.0         
601               0.03                   2000                2.25       1                   300000.0         
602               0.03                   2000                3.0        1                   300000.0         
603               0.03                   2000                5.0        1                   300000.0         
604               0.03                   2010                1.5        1                   300000.0         
605               0.03                   2010                2.25       1                   300000.0         
606               0.03                   2010                3.0        1                   300000.0         
607               0.03                   2010                5.0        1                   300000.0         
608               0.03                   2020                1.5        1                   300000.0         
609               0.03                   2020                2.25       1                   300000.0         
610               0.03                   2020                3.0        1                   300000.0         
611               0.03                   2020                5.0        1                   300000.0         
612               0.03                   2030                1.5        1                   300000.0         
613               0.03                   2030                2.25       1                   300000.0         
614               0.03                   2030                3.0        1                   300000.0         
615               0.03                   2030                5.0        1                   300000.0         
616               0.03                   2040                1.5        1                   300000.0         
617               0.03                   2040                2.25       1                   300000.0         
618               0.03                   2040                3.0        1                   300000.0         
619               0.03                   2040                5.0        1                   300000.0         
620               0.03                   2050                1.5        1                   300000.0         
621               0.03                   2050                2.25       1                   300000.0         
622               0.03                   2050                3.0        1                   300000.0         
623               0.03                   2050                5.0        1                   300000.0         
624               0.03                   2060                1.5        1                   300000.0         
625               0.03                   2060                2.25       1                   300000.0         
626               0.03                   2060                3.0        1                   300000.0         
627               0.03                   2060                5.0        1                   300000.0         
628               0.03                   2070                1.5        1                   300000.0         
629               0.03                   2070                2.25       1                   300000.0         
630               0.03                   2070                3.0        1                   300000.0         
631               0.03                   2070                5.0        1                   300000.0         
632               0.03                   2080                1.5        1                   300000.0         
633               0.03                   2080                2.25       1                   300000.0         
634               0.03                   2080                3.0        1                   300000.0         
635               0.03                   2080                5.0        1                   300000.0         
636               0.03                   2090                1.5        1                   300000.0         
637               0.03                   2090                2.25       1                   300000.0         
638               0.03                   2090                3.0        1                   300000.0         
639               0.03                   2090                5.0        1                   300000.0         
640               0.03                   2100                1.5        1                   300000.0         
641               0.03                   2100                2.25       1                   300000.0         
642               0.03                   2100                3.0        1                   300000.0         
643               0.03                   2100                5.0        1                   300000.0         
644               0.03                   2110                1.5        1                   300000.0         
645               0.03                   2110                2.25       1                   300000.0         
646               0.03                   2110                3.0        1                   300000.0         
647               0.03                   2110                5.0        1                   300000.0         
648               0.03                   2120                1.5        1                   300000.0         
649               0.03                   2120                2.25       1                   300000.0         
650               0.03                   2120                3.0        1                   300000.0         
651               0.03                   2120                5.0        1                   300000.0         
652               0.03                   2130                1.5        1                   300000.0         
653               0.03                   2130                2.25       1                   300000.0         
654               0.03                   2130                3.0        1                   300000.0         
655               0.03                   2130                5.0        1                   300000.0         
656               0.03                   2140                1.5        1                   300000.0         
657               0.03                   2140                2.25       1                   300000.0         
658               0.03                   2140                3.0        1                   300000.0         
659               0.03                   2140                5.0        1                   300000.0         
660               0.03                   2150                1.5        1                   300000.0         
661               0.03                   2150                2.25       1                   300000.0         
662               0.03                   2150                3.0        1                   300000.0         
663               0.03                   2150                5.0        1                   300000.0         
664               0.03                   2160                1.5        1                   300000.0         
665               0.03                   2160                2.25       1                   300000.0         
666               0.03                   2160                3.0        1                   300000.0         
667               0.03                   2160                5.0        1                   300000.0         
668               0.03                   2170                1.5        1                   300000.0         
669               0.03                   2170                2.25       1                   300000.0         
670               0.03                   2170                3.0        1                   300000.0         
671               0.03                   2170                5.0        1                   300000.0         
672               0.03                   2180                1.5        1                   300000.0         
673               0.03                   2180                2.25       1                   300000.0         
674               0.03                   2180                3.0        1                   300000.0         
675               0.03                   2180                5.0        1                   300000.0         
676               0.03                   2190                1.5        1                   300000.0         
677               0.03                   2190                2.25       1                   300000.0         
678               0.03                   2190                3.0        1                   300000.0         
679               0.03                   2190                5.0        1                   300000.0         
680               0.03                   2200                1.5        1                   300000.0         
681               0.03                   2200                2.25       1                   300000.0         
682               0.03                   2200                3.0        1                   300000.0         
683               0.03                   2200                5.0        1                   300000.0         
684               0.03                   2210                1.5        1                   300000.0         
685               0.03                   2210                2.25       1                   300000.0         
686               0.03                   2210                3.0        1                   300000.0         
687               0.03                   2210                5.0        1                   300000.0         
688               0.03                   2220                1.5        1                   300000.0         
689               0.03                   2220                2.25       1                   300000.0         
690               0.03                   2220                3.0        1                   300000.0         
691               0.03                   2220                5.0        1                   300000.0         
692               0.03                   2230                1.5        1                   300000.0         
693               0.03                   2230                2.25       1                   300000.0         
694               0.03                   2230                3.0        1                   300000.0         
695               0.03                   2230                5.0        1                   300000.0         
696               0.03                   2240                1.5        1                   300000.0         
697               0.03                   2240                2.25       1                   300000.0         
698               0.03                   2240                3.0        1                   300000.0         
699               0.03                   2240                5.0        1                   300000.0         
700               0.03                   2250                1.5        1                   300000.0         
701               0.03                   2250                2.25       1                   300000.0         
702               0.03                   2250                3.0        1                   300000.0         
703               0.03                   2250                5.0        1                   300000.0         
704               0.03                   2260                1.5        1                   300000.0         
705               0.03                   2260                2.25       1                   300000.0         
706               0.03                   2260                3.0        1                   300000.0         
707               0.03                   2260                5.0        1                   300000.0         
708               0.03                   2270                1.5        1                   300000.0         
709               0.03                   2270                2.25       1                   300000.0         
710               0.03                   2270                3.0        1                   300000.0         
711               0.03                   2270                5.0        1                   300000.0         
712               0.03                   2280                1.5        1                   300000.0         
713               0.03                   2280                2.25       1                   300000.0         
714               0.03                   2280                3.0        1                   300000.0         
715               0.03                   2280                5.0        1                   300000.0         
716               0.03                   2290                1.5        1                   300000.0         
717               0.03                   2290                2.25       1                   300000.0         
718               0.03                   2290                3.0        1                   300000.0         
719               0.03                   2290                5.0        1                   300000.0         
720               0.03                   2300                1.5        1                   300000.0         
721               0.03                   2300                2.25       1                   300000.0         
722               0.03                   2300                3.0        1                   300000.0         
723               0.03                   2300                5.0        1                   300000.0         
724               0.03                   2310                1.5        1                   300000.0         
725               0.03                   2310                2.25       1                   300000.0         
726               0.03                   2310                3.0        1                   300000.0         
727               0.03                   2310                5.0        1                   300000.0         
728               0.03                   2320                1.5        1                   300000.0         
729               0.03                   2320                2.25       1                   300000.0         
730               0.03                   2320                3.0        1                   300000.0         
731               0.03                   2320                5.0        1                   300000.0         
732               0.03                   2330                1.5        1                   300000.0         
733               0.03                   2330                2.25       1                   300000.0         
734               0.03                   2330                3.0        1                   300000.0         
735               0.03                   2330                5.0        1                   300000.0         
736               0.03                   2340                1.5        1                   300000.0         
737               0.03                   2340                2.25       1                   300000.0         
738               0.03                   2340                3.0        1                   300000.0         
739               0.03                   2340                5.0        1                   300000.0         
740               0.03                   2350                1.5        1                   300000.0         
741               0.03                   2350                2.25       1                   300000.0         
742               0.03                   2350                3.0        1                   300000.0         
743               0.03                   2350                5.0        1                   300000.0         
744               0.03                   2360                1.5        1                   300000.0         
745               0.03                   2360                2.25       1                   300000.0         
746               0.03                   2360                3.0        1                   300000.0         
747               0.03                   2360                5.0        1                   300000.0         
748               0.03                   2370                1.5        1                   300000.0         
749               0.03                   2370                2.25       1                   300000.0         
750               0.03                   2370                3.0        1                   300000.0         
751               0.03                   2370                5.0        1                   300000.0         
752               0.03                   2380                1.5        1                   300000.0         
753               0.03                   2380                2.25       1                   300000.0         
754               0.03                   2380                3.0        1                   300000.0         
755               0.03                   2380                5.0        1                   300000.0         
756               0.03                   2390                1.5        1                   300000.0         
757               0.03                   2390                2.25       1                   300000.0         
758               0.03                   2390                3.0        1                   300000.0         
759               0.03                   2390                5.0        1                   300000.0         
760               0.03                   2400                1.5        1                   300000.0         
761               0.03                   2400                2.25       1                   300000.0         
762               0.03                   2400                3.0        1                   300000.0         
763               0.03                   2400                5.0        1                   300000.0         
764               0.03                   2410                1.5        1                   300000.0         
765               0.03                   2410                2.25       1                   300000.0         
766               0.03                   2410                3.0        1                   300000.0         
767               0.03                   2410                5.0        1                   300000.0         
768               0.03                   2420                1.5        1                   300000.0         
769               0.03                   2420                2.25       1                   300000.0         
770               0.03                   2420                3.0        1                   300000.0         
771               0.03                   2420                5.0        1                   300000.0         
772               0.03                   2430                1.5        1                   300000.0         
773               0.03                   2430                2.25       1                   300000.0         
774               0.03                   2430                3.0        1                   300000.0         
775               0.03                   2430                5.0        1                   300000.0         
776               0.03                   2440                1.5        1                   300000.0         
777               0.03                   2440                2.25       1                   300000.0         
778               0.03                   2440                3.0        1                   300000.0         
779               0.03                   2440                5.0        1                   300000.0         
780               0.03                   2450                1.5        1                   300000.0         
781               0.03                   2450                2.25       1                   300000.0         
782               0.03                   2450                3.0        1                   300000.0         
783               0.03                   2450                5.0        1                   300000.0         
784               0.03                   2460                1.5        1                   300000.0         
785               0.03                   2460                2.25       1                   300000.0         
786               0.03                   2460                3.0        1                   300000.0         
787               0.03                   2460                5.0        1                   300000.0         
788               0.03                   2470                1.5        1                   300000.0         
789               0.03                   2470                2.25       1                   300000.0         
790               0.03                   2470                3.0        1                   300000.0         
791               0.03                   2470                5.0        1                   300000.0         
792               0.03                   2480                1.5        1                   300000.0         
793               0.03                   2480                2.25       1                   300000.0         
794               0.03                   2480                3.0        1                   300000.0         
795               0.03                   2480                5.0        1                   300000.0         
796               0.03                   2490                1.5        1                   300000.0         
797               0.03                   2490                2.25       1                   300000.0         
798               0.03                   2490                3.0        1                   300000.0         
799               0.03                   2490                5.0        1                   300000.0         
800               0.03                   2500                1.5        1                   300000.0         
801               0.03                   2500                2.25       1                   300000.0         
802               0.03                   2500                3.0        1                   300000.0         
803               0.03                   2500                5.0        1                   300000.0         
804               0.03                   2510                1.5        1                   300000.0         
805               0.03                   2510                2.25       1                   300000.0         
806               0.03                   2510                3.0        1                   300000.0         
807               0.03                   2510                5.0        1                   300000.0         
808               0.03                   2520                1.5        1                   300000.0         
809               0.03                   2520                2.25       1                   300000.0         
810               0.03                   2520                3.0        1                   300000.0         
811               0.03                   2520                5.0        1                   300000.0         
812               0.03                   2530                1.5        1                   300000.0         
813               0.03                   2530                2.25       1                   300000.0         
814               0.03                   2530                3.0        1                   300000.0         
815               0.03                   2530                5.0        1                   300000.0         
816               0.03                   2540                1.5        1                   300000.0         
817               0.03                   2540                2.25       1                   300000.0         
818               0.03                   2540                3.0        1                   300000.0         
819               0.03                   2540                5.0        1                   300000.0         
820               0.03                   2550                1.5        1                   300000.0         
821               0.03                   2550                2.25       1                   300000.0         
822               0.03                   2550                3.0        1                   300000.0         
823               0.03                   2550                5.0        1                   300000.0         
