1.17577026432641
1.18413280440169
1.19462031821519
1.20514112000624
1.21534946177801
1.21985929056978
1.22668718395639
1.23422873606346
1.24231942993718
1.25043238280315
1.25848494585637
1.266694990595
1.27448555561608
1.28257035434233
1.29084637328192
1.29941365924252
1.30778091275259
1.31630553599908
1.32489377407417
1.33329262758449
1.3422067252821
1.35104631264484
1.36010248136541
1.36926953155921
1.37836355581004
1.38719560853008
1.39664356222928
1.40604835471862
1.4155721082738
1.42522230999383
1.43421228863291
1.44409865044327
1.45381420065885
1.46375114566509
1.47374179461199
1.48319437300648
1.49333246877473
1.50355521895399
1.5138667440428
1.52426622902487
1.53429754702107
1.5451051452317
1.55521345874571
1.56621058572968
1.57645288509541
1.58764002600254
1.59801278952994
1.6093916073593
1.61989146064109
1.63146370843972
1.642094071436
1.65386866368164
1.66576883018961
1.67662025268967
1.68872777614473
1.69972180784833
1.7120423565671
1.72316997258232
1.73570025312257
1.74696458987926
1.75971452816092
1.77259284131932
1.7840729127297
1.79717806739436
1.80879698312742
1.82212538377739
1.83387836960085
1.84743958356864
1.86114008778218
1.87311874637202
1.88705621453883
1.91089411501287
1.93752271021902
1.96452174308398
1.99424960220818
2.02210370595017
2.0503324759798
2.08169409330203
2.11081331072047
2.14029939748533
2.17335195265406
2.20371744188243
2.23797359782716
2.26922860560693
2.30082002163299
2.33683453482457
2.36926936284905
2.40651032556174
2.44447815484697
2.47825379676539
2.51744817183723
2.55199416924148
2.59237837643355
2.62760886167192
2.66918078172062
2.71144037566172
2.75439550712333
2.79802350403656
2.84231908519533
2.88726023004366
2.92478001758178
2.97056522202192
3.01691424785678
3.06375935418538
3.11104952756299
3.15875532211423
3.21715043294896
3.26592464868579
3.31484076721916
3.36394029242988
3.42527476229752
3.47476477788348
3.5240643801977
3.58686317822613
3.65028608558341
3.69916552933537
3.74720977948172
3.81045165225431
3.89062691066957
3.93664721150638
4.01765442203109
4.0610441522259
4.14177134419615
4.20194187461122
4.26046906476449
4.33916476461335
4.39375723050564
4.4693171924677
4.51798023073832
4.6141951946457
4.6822403967796
4.77464856910558
4.83501779085518
4.85986029179908
4.93811886690595
5.04311620735308
5.1439527597377
5.16882861700551
5.25364767820562
5.3293036223888
5.35604891573161
5.48516515738505
5.52251087964269
5.58384346440811
5.66961940354871
5.69197928332433
5.77981050647594
5.84309365791407
5.87732309837458
5.97462265476542
5.98670584712395
6.05619589798946
6.07823469786764
6.14920264259965
6.21171128479502
6.20937265815489
6.29748096597792
6.33136271650017
6.36614235030186
6.40184070985492
6.43847955608377
6.47608160855513
6.51467058819009
6.61780373571361
6.65949546873268
6.5091839297979
6.54984666055737
6.59156613541509
6.44331800086203
6.48400425509237
6.40053728632138
6.91085639789351
7.43256615550895
