# SourcePhotonFlux	NumberRaysSurvived	PercentageRaysSurvived	PhotonFlux	PhotonEnergy	Bandwidth	HorizontalFocusFWHM	VerticalFocusFWHM	EnergyPerMilPerBw	FluxPerMilPerBwPerc	FluxPerMilPerBwAbs
nan	4.777199999999999704e+02	9.554399999999999005e-02	nan	1.000000000000000000e+01	4.027096824884779597e-04	2.226307043709457346e-03	2.344639888444319774e-03	5.001331319002160214e+00	2.387563750745957059e+00	nan
nan	6.194800000000000182e+02	1.238960000000000061e-01	nan	1.200000000000000000e+01	4.773878159414835019e-04	2.249051777749486950e-03	2.329316296304925153e-03	5.050610751988607205e+00	3.128486976771984729e+00	nan
nan	7.483600000000000136e+02	1.496719999999999717e-01	nan	1.400000000000000000e+01	5.922736666531136117e-04	2.386165802816456096e-03	2.319380278682150499e-03	4.737791841188536246e+00	3.545862216154827884e+00	nan
nan	8.933200000000000500e+02	1.786639999999999895e-01	nan	1.600000000000000000e+01	7.121017557642517768e-04	2.126916750765509619e-03	2.307300074578818357e-03	4.501273917003620895e+00	4.021081231589768379e+00	nan
nan	1.050839999999999918e+03	2.101679999999999937e-01	nan	1.800000000000000000e+01	8.453342730086887838e-04	2.170613647817050060e-03	2.294872151680872174e-03	4.273468780093127251e+00	4.491382389168843581e+00	nan
nan	1.180200000000000045e+03	2.360399999999999721e-01	nan	2.000000000000000000e+01	9.084231151808808916e-04	2.238929730007011617e-03	2.287815345155711205e-03	4.414571682016090293e+00	5.212110783970418382e+00	nan
nan	1.341720000000000027e+03	2.683440000000000270e-01	nan	2.200000000000000000e+01	1.019704959373939415e-03	2.117310013808549642e-03	2.338414420965081401e-03	4.327818259671857959e+00	5.805310273345564376e+00	nan
nan	1.471320000000000164e+03	2.942639999999999700e-01	nan	2.400000000000000000e+01	1.170243341458103827e-03	2.126575508014421668e-03	2.303949180348738995e-03	4.130220943862875416e+00	6.076514636382072787e+00	nan
nan	1.616720000000000027e+03	3.233440000000000203e-01	nan	2.600000000000000000e+01	1.292237211226847761e-03	2.118086525950153148e-03	2.318456866606519607e-03	4.050357011848770838e+00	6.549233300812734804e+00	nan
nan	1.750959999999999809e+03	3.501920000000000588e-01	nan	2.800000000000000000e+01	1.432259332700596202e-03	2.149861062846938030e-03	2.337868251029690848e-03	3.922727983941437291e+00	6.867316923013542684e+00	nan
nan	1.859159999999999854e+03	3.718319999999999959e-01	nan	3.000000000000000000e+01	1.541998274516345139e-03	2.120037876158514627e-03	2.309870593285143995e-03	3.902256041966717159e+00	7.258458682667959572e+00	nan
nan	2.016920000000000073e+03	4.033839999999999648e-01	nan	3.200000000000000000e+01	1.761801230051105675e-03	2.077601015283417861e-03	2.312861387655337775e-03	3.643434582534424315e+00	7.351277278149284555e+00	nan
nan	2.137079999999999927e+03	4.274159999999999071e-01	nan	3.400000000000000000e+01	1.791934523274676212e-03	2.074606488270995357e-03	2.309345056668458528e-03	3.797100468151339836e+00	8.113996308314240125e+00	nan
nan	2.255960000000000036e+03	4.511919999999999820e-01	nan	3.600000000000000000e+01	2.032698142530762250e-03	2.162968479204126389e-03	2.333496543237838835e-03	3.553409925753852949e+00	8.017392184856968029e+00	nan
nan	2.373320000000000164e+03	4.746640000000000303e-01	nan	3.800000000000000000e+01	2.147213861647969367e-03	2.162207070613526502e-03	2.321794373978253168e-03	3.552781190126525157e+00	8.431789432011836283e+00	nan
nan	2.483800000000000182e+03	4.967599999999999238e-01	nan	4.000000000000000000e+01	2.260770762444508190e-03	2.087019669811445311e-03	2.322764156895523215e-03	3.565165643513934945e+00	8.855688952501797218e+00	nan
nan	2.614880000000000109e+03	5.229759999999999964e-01	nan	4.200000000000000000e+01	2.508178080240668507e-03	2.102285301355541394e-03	2.327122392286480254e-03	3.363183231541570173e+00	8.793995957647743111e+00	nan
nan	2.725440000000000055e+03	5.450880000000000170e-01	nan	4.400000000000000000e+01	2.566958417087334982e-03	2.119439453658099673e-03	2.273628113547682735e-03	3.432861981199339940e+00	9.355124826767461599e+00	nan
nan	2.815079999999999927e+03	5.630159999999999609e-01	nan	4.600000000000000000e+01	2.908935303671569307e-03	2.118869867031746533e-03	2.353531819060230949e-03	3.169597075511999762e+00	8.922244681391058307e+00	nan
nan	2.938559999999999945e+03	5.877120000000000122e-01	nan	4.800000000000000000e+01	2.959908645322002242e-03	2.126923216625001972e-03	2.300782549636728840e-03	3.250102720971791204e+00	9.551353545999333505e+00	nan
nan	3.054039999999999964e+03	6.108080000000000176e-01	nan	5.000000000000000000e+01	3.089470143888775003e-03	2.118261776645933951e-03	2.321350157072386150e-03	3.241471306428651111e+00	9.901866341959800977e+00	nan
nan	3.144519999999999982e+03	6.289040000000000186e-01	nan	5.200000000000000000e+01	3.374026189203504882e-03	2.108728369869645146e-03	2.351365962223577518e-03	3.085656666007392968e+00	9.704062199066450844e+00	nan
nan	3.252039999999999964e+03	6.504079999999999862e-01	nan	5.400000000000000000e+01	3.502739268615186891e-03	2.141183246976000910e-03	2.333624636936868554e-03	3.087466121408399822e+00	1.004176860572257901e+01	nan
nan	3.342240000000000236e+03	6.684480000000000421e-01	nan	5.600000000000000000e+01	3.635284177657923006e-03	2.097075443686866655e-03	2.317755024914138796e-03	3.084011897393158730e+00	1.030765416609811780e+01	nan
nan	3.455280000000000200e+03	6.910559999999998926e-01	nan	5.800000000000000000e+01	3.616097330211687395e-03	2.091804943429676454e-03	2.302996390447067335e-03	3.218071889160639021e+00	1.111982286893067950e+01	nan
nan	3.532800000000000182e+03	7.065600000000000769e-01	nan	6.000000000000000000e+01	4.075696368206536621e-03	2.097842527938085545e-03	2.332404018131602717e-03	2.948174867704809632e+00	1.041581093956074611e+01	nan
nan	3.636480000000000473e+03	7.272959999999999425e-01	nan	6.200000000000000000e+01	4.344480710356037403e-03	2.185044873251417059e-03	2.349044452120625012e-03	2.859629636819939869e+00	1.040121418815679100e+01	nan
nan	3.722759999999999764e+03	7.445519999999998806e-01	nan	6.400000000000000000e+01	4.313447571676078639e-03	2.129678533801179340e-03	2.306670609254045899e-03	2.970560963756601058e+00	1.105789074192232491e+01	nan
nan	3.825640000000000327e+03	7.651280000000000303e-01	nan	6.600000000000000000e+01	4.751525238029899109e-03	2.041735542683532478e-03	2.363130479835068125e-03	2.791400135892321721e+00	1.067927128844763374e+01	nan
nan	3.920159999999999854e+03	7.840320000000000622e-01	nan	6.800000000000000000e+01	4.850023348017202911e-03	2.009752319917565595e-03	2.322729166390815128e-03	2.820723283128476311e+00	1.105460627892759007e+01	nan
nan	3.973960000000000036e+03	7.947919999999999430e-01	nan	7.000000000000000000e+01	4.740891172150441153e-03	2.170796699945581974e-03	2.335517235305380711e-03	2.963418191828331327e+00	1.177522836397674055e+01	nan
nan	4.074919999999999618e+03	8.149839999999999307e-01	nan	7.200000000000000000e+01	5.083528476732226097e-03	2.066312884800678741e-03	2.330818079586794746e-03	2.838110432918729220e+00	1.156508652831544204e+01	nan
nan	4.175399999999999636e+03	8.350800000000001555e-01	nan	7.400000000000000000e+01	5.580971229878741585e-03	2.125713410437464826e-03	2.338654363584101968e-03	2.660054401493884502e+00	1.110754458668440492e+01	nan
nan	4.261319999999999709e+03	8.522639999999999105e-01	nan	7.600000000000000000e+01	5.443891358772816325e-03	2.095528751322554666e-03	2.350621468344687472e-03	2.793147023819801067e+00	1.190242475467437977e+01	nan
nan	4.323920000000000073e+03	8.647839999999999971e-01	nan	7.800000000000000000e+01	5.966115931446438342e-03	2.140269657703090540e-03	2.352609780922664505e-03	2.620594552851058801e+00	1.133239593301038184e+01	nan
nan	4.403440000000000509e+03	8.806880000000001374e-01	nan	8.000000000000000000e+01	5.876370600408335580e-03	2.095992890427240268e-03	2.289235709302275476e-03	2.726597465101596729e+00	1.200556577121273349e+01	nan
nan	4.480440000000000509e+03	8.960879999999999956e-01	nan	8.200000000000000000e+01	6.283422571245864292e-03	1.985309180624011179e-03	2.318029087764890937e-03	2.614164845663835557e+00	1.171162800108749025e+01	nan
nan	4.561039999999999964e+03	9.122080000000000188e-01	nan	8.400000000000000000e+01	6.227224152958114878e-03	2.077043003230807320e-03	2.368373259717350930e-03	2.699129255730593258e+00	1.231075384232647529e+01	nan
nan	4.641039999999999964e+03	9.282079999999999220e-01	nan	8.600000000000000000e+01	6.659221783854718871e-03	2.206401690865918922e-03	2.283284695839171013e-03	2.597311868364152065e+00	1.205507143319544383e+01	nan
nan	4.724680000000000291e+03	9.449359999999999982e-01	nan	8.800000000000000000e+01	7.079877712435518611e-03	2.160025773741131808e-03	2.298860255286993594e-03	2.492494489332857999e+00	1.177209097632268175e+01	nan
nan	4.775119999999999891e+03	9.550239999999998730e-01	nan	9.000000000000000000e+01	7.153515719708139486e-03	2.003825093805415569e-03	2.348640595666394177e-03	2.525116901929433944e+00	1.205671124067952604e+01	nan
nan	4.840440000000000509e+03	9.680880000000000596e-01	nan	9.200000000000000000e+01	7.427820256036739462e-03	1.979242898772156506e-03	2.345021667273823086e-03	2.485562284057114546e+00	1.203360564178925607e+01	nan
nan	4.925880000000000109e+03	9.851760000000002737e-01	nan	9.400000000000000000e+01	7.607624940417281705e-03	2.088384496476615882e-03	2.307052218226283372e-03	2.476460291875417052e+00	1.219817381172864934e+01	nan
nan	5.053880000000000109e+03	1.010775999999999897e+00	nan	9.600000000000000000e+01	7.852196933934010512e-03	2.038344450355033307e-03	2.350170513383658451e-03	2.447798314377234163e+00	1.237088828567674881e+01	nan
nan	5.070440000000000509e+03	1.014087999999999878e+00	nan	9.800000000000000000e+01	7.917897975539744601e-03	2.104655754195110858e-03	2.363535832109543537e-03	2.476667645780196825e+00	1.255800571752973127e+01	nan
nan	5.136239999999999782e+03	1.027247999999999717e+00	nan	1.000000000000000000e+02	8.286430485675282120e-03	2.052592178419405770e-03	2.337222960785781574e-03	2.414932464128919154e+00	1.240446400445194186e+01	nan
nan	5.191880000000000109e+03	1.038375999999999966e+00	nan	1.020000000000000000e+02	8.277547961611161909e-03	2.079117744336615031e-03	2.355136470914800072e-03	2.471866389435112499e+00	1.283456015007097406e+01	nan
nan	5.258239999999999782e+03	1.051648000000000138e+00	nan	1.040000000000000000e+02	8.781823230569899344e-03	2.109697492685989016e-03	2.328846083145413165e-03	2.368534420154225550e+00	1.245438222749108981e+01	nan
nan	5.328920000000000073e+03	1.065784000000000065e+00	nan	1.060000000000000000e+02	9.178023549088721103e-03	2.012380702932784707e-03	2.311513451809512395e-03	2.315440761031438477e+00	1.233410095852063293e+01	nan
nan	5.416319999999999709e+03	1.083264000000000005e+00	nan	1.080000000000000000e+02	9.486068308433459606e-03	2.115895012747069474e-03	2.360258158379870911e-03	2.286084914092429088e+00	1.237914391000934167e+01	nan
nan	5.464960000000000036e+03	1.092991999999999964e+00	nan	1.100000000000000000e+02	9.611492272947544033e-03	2.049869602701850837e-03	2.326893012047302409e-03	2.290727180611700220e+00	1.251920912619125836e+01	nan
nan	5.507359999999999673e+03	1.101472000000000007e+00	nan	1.120000000000000000e+02	1.005053727049926363e-02	2.070527086518063938e-03	2.331068361398300984e-03	2.237844871748186470e+00	1.232162023600572454e+01	nan
nan	5.604159999999999854e+03	1.120832000000000050e+00	nan	1.140000000000000000e+02	9.793662227466484738e-03	2.060368768933042594e-03	2.325694658782456216e-03	2.333393562449278757e+00	1.307429243644621764e+01	nan
nan	5.633399999999999636e+03	1.126679999999999904e+00	nan	1.160000000000000000e+02	1.039271709644708566e-02	2.142686442431328536e-03	2.332691227630735459e-03	2.234727207122128245e+00	1.258707462663762300e+01	nan
nan	5.719079999999999927e+03	1.143815999999999944e+00	nan	1.180000000000000000e+02	1.103660254473197780e-02	2.071230988606063191e-03	2.365535901770268474e-03	2.140889385799368494e+00	1.224334846209901251e+01	nan
nan	5.803600000000000364e+03	1.160719999999999974e+00	nan	1.200000000000000000e+02	1.090217170592040936e-02	2.015648570030053634e-03	2.357172015890678790e-03	2.201845059190286058e+00	1.277828720863481493e+01	nan
nan	5.849440000000000509e+03	1.169887999999999817e+00	nan	1.220000000000000000e+02	1.105958326722884452e-02	2.097858053380418329e-03	2.343895886749286332e-03	2.210277106860577767e+00	1.292863351821226914e+01	nan
nan	5.886519999999999527e+03	1.177303999999999906e+00	nan	1.240000000000000000e+02	1.139884537976740796e-02	2.116869534040544815e-03	2.345524725116793305e-03	2.180290549991257709e+00	1.283189607587832981e+01	nan
nan	5.956960000000000036e+03	1.191392000000000007e+00	nan	1.260000000000000000e+02	1.172047778806700052e-02	2.081472301514741136e-03	2.313348390365249467e-03	2.152348414218625994e+00	1.282362406881007111e+01	nan
nan	6.011640000000000327e+03	1.202328000000000063e+00	nan	1.280000000000000000e+02	1.210249221135200129e-02	2.130740596721099941e-03	2.356486749737984887e-03	2.116616764048761201e+00	1.272420372019720602e+01	nan
nan	6.071359999999999673e+03	1.214272000000000018e+00	nan	1.300000000000000000e+02	1.227435611750479424e-02	2.209833608616901257e-03	2.327096039178497104e-03	2.120247575338534585e+00	1.287304459164888826e+01	nan
nan	6.141960000000000036e+03	1.228391999999999928e+00	nan	1.320000000000000000e+02	1.259100247616061138e-02	2.152588354354805465e-03	2.340948335311821525e-03	2.097573295910156066e+00	1.288375031539318627e+01	nan
nan	6.171960000000000036e+03	1.234391999999999934e+00	nan	1.340000000000000000e+02	1.222360491169638408e-02	2.171296008499665024e-03	2.386092882123463932e-03	2.195979395355685870e+00	1.355265190659313745e+01	nan
nan	6.236920000000000073e+03	1.247383999999999826e+00	nan	1.360000000000000000e+02	1.301069785427443927e-02	2.124769227234492817e-03	2.362911062778800912e-03	2.091606398837796199e+00	1.304493678244977595e+01	nan
nan	6.301880000000000109e+03	1.260375999999999941e+00	nan	1.380000000000000000e+02	1.335719092832277945e-02	2.070446964218506779e-03	2.337273594551161730e-03	2.076916816052200687e+00	1.308919787282945357e+01	nan
nan	6.348840000000000146e+03	1.269768000000000008e+00	nan	1.400000000000000000e+02	1.308407257245107827e-02	2.114662062272156841e-03	2.340388191205561037e-03	2.148077867422105491e+00	1.364024163555077429e+01	nan
nan	6.396239999999999782e+03	1.279248000000000163e+00	nan	1.420000000000000000e+02	1.379540064560387871e-02	2.117379822868073556e-03	2.343244945537995526e-03	2.061040233075963179e+00	1.318273899110027614e+01	nan
nan	6.453880000000000109e+03	1.290775999999999923e+00	nan	1.440000000000000000e+02	1.429228933930517045e-02	2.181196815206688008e-03	2.316457124719720293e-03	2.017200819720337712e+00	1.301660187132956104e+01	nan
nan	6.505440000000000509e+03	1.301088000000000022e+00	nan	1.460000000000000000e+02	1.448340663947419657e-02	2.053316586279495780e-03	2.332749464145341366e-03	2.016185438732532198e+00	1.311639240142533858e+01	nan
nan	6.590960000000000946e+03	1.318192000000000030e+00	nan	1.480000000000000000e+02	1.497518825662154905e-02	2.048039074048710936e-03	2.356374699770275635e-03	1.981057562213695222e+00	1.305861726222492791e+01	nan
nan	6.631680000000000291e+03	1.326335999999999959e+00	nan	1.500000000000000000e+02	1.564248265834066592e-02	2.163446319669927106e-03	2.326832196920701999e-03	1.919222242271214629e+00	1.272693527837821037e+01	nan
nan	6.684399999999999636e+03	1.336880000000000290e+00	nan	1.520000000000000000e+02	1.566578131565165427e-02	2.148226745226974790e-03	2.332952943294866379e-03	1.946769156679332369e+00	1.301384672265237441e+01	nan
nan	6.718880000000000109e+03	1.343776000000000082e+00	nan	1.540000000000000000e+02	1.607212124482884988e-02	2.041593840424670361e-03	2.343436448409171730e-03	1.917429078083085603e+00	1.288408069641641873e+01	nan
nan	6.747960000000000946e+03	1.349592000000000125e+00	nan	1.560000000000000000e+02	1.609420966741708856e-02	2.086026563497438320e-03	2.351101318081200240e-03	1.940481596296550704e+00	1.309270992113363263e+01	nan
nan	6.812280000000000655e+03	1.362455999999999889e+00	nan	1.580000000000000000e+02	1.608044409565536487e-02	2.172679694008187133e-03	2.359807528447270975e-03	1.967874070328813785e+00	1.340616585354247903e+01	nan
nan	6.876239999999999782e+03	1.375248000000000026e+00	nan	1.600000000000000000e+02	1.609867577112709253e-02	2.175878413860669273e-03	2.302923925602301525e-03	1.989997284829336355e+00	1.368388964146161513e+01	nan
nan	6.917280000000000655e+03	1.383456000000000019e+00	nan	1.620000000000000000e+02	1.668110896135658466e-02	2.018292407459469032e-03	2.341359600932603046e-03	1.947862976143882818e+00	1.347500124429504886e+01	nan
nan	6.983680000000000291e+03	1.396735999999999978e+00	nan	1.640000000000000000e+02	1.745870143173306258e-02	2.019967851013616030e-03	2.335754870731958973e-03	1.883436707642965002e+00	1.315387907226655173e+01	nan
nan	7.014000000000000000e+03	1.402800000000000047e+00	nan	1.660000000000000000e+02	1.744573304551067655e-02	2.001569114948711925e-03	2.360776648807254643e-03	1.904045776146508384e+00	1.335367830282538648e+01	nan
nan	7.073199999999999818e+03	1.414639999999999898e+00	nan	1.680000000000000000e+02	1.858673538325092411e-02	1.961779265123689362e-03	2.349877645643197541e-03	1.807886769175854669e+00	1.278795597480944934e+01	nan
nan	7.113199999999999818e+03	1.422640000000000127e+00	nan	1.700000000000000000e+02	1.794843251544989485e-02	2.056679161346684336e-03	2.312422614025020674e-03	1.898967638987165474e+00	1.350832338165772306e+01	nan
nan	7.176760000000000218e+03	1.435351999999999961e+00	nan	1.720000000000000000e+02	1.856312051908844477e-02	2.119173560747807366e-03	2.352938650525678629e-03	1.855772138074829769e+00	1.331952189630648853e+01	nan
nan	7.222680000000000291e+03	1.444535999999999820e+00	nan	1.740000000000000000e+02	1.863559966658612926e-02	2.063348098259765780e-03	2.340099220104487152e-03	1.867631031314262557e+00	1.348893498066648000e+01	nan
nan	7.239199999999999818e+03	1.447840000000000238e+00	nan	1.760000000000000000e+02	1.911765105104223234e-02	2.097981605397847803e-03	2.293670391804480610e-03	1.844368600688490956e+00	1.335088652519737629e+01	nan
nan	7.310800000000000182e+03	1.462159999999999682e+00	nan	1.780000000000000000e+02	1.913001322137461088e-02	2.072749203010290468e-03	2.360324304556312477e-03	1.861418301565577638e+00	1.360842152173603736e+01	nan
nan	7.346039999999999054e+03	1.469207999999999847e+00	nan	1.800000000000000000e+02	1.969871766093547055e-02	2.161999947641002513e-03	2.360600196277764899e-03	1.834729734500022191e+00	1.347929042769891872e+01	nan
nan	7.406360000000000582e+03	1.481272000000000144e+00	nan	1.820000000000000000e+02	2.025026789624916751e-02	2.081427437609075122e-03	2.333933008217859827e-03	1.802994759984930084e+00	1.335190098193189634e+01	nan
nan	7.472199999999999818e+03	1.494439999999999769e+00	nan	1.840000000000000000e+02	1.965223555780539616e-02	2.121818812937469653e-03	2.316429469220536615e-03	1.873122638121249128e+00	1.399601370560659142e+01	nan
nan	7.479000000000000000e+03	1.495800000000000241e+00	nan	1.860000000000000000e+02	2.058130887855895777e-02	2.054493298416356847e-03	2.374109357408649233e-03	1.809021488982622161e+00	1.352956626025464892e+01	nan
nan	7.531680000000000291e+03	1.506335999999999897e+00	nan	1.880000000000000000e+02	2.081471035078266002e-02	2.148811738603296183e-03	2.331589876787366466e-03	1.811111721804417041e+00	1.364170657817974686e+01	nan
nan	7.590760000000000218e+03	1.518152000000000168e+00	nan	1.900000000000000000e+02	2.132247024074786224e-02	2.149381529609860862e-03	2.332669040043763332e-03	1.782348851130199474e+00	1.352978223187715834e+01	nan
nan	7.622639999999999418e+03	1.524527999999999883e+00	nan	1.920000000000000000e+02	2.146700044674617128e-02	2.011163806419261502e-03	2.326127841339018735e-03	1.790257604488346477e+00	1.364768250685544970e+01	nan
nan	7.672880000000000109e+03	1.534576000000000162e+00	nan	1.940000000000000000e+02	2.157352213416743186e-02	1.988195058151342575e-03	2.347138446759059350e-03	1.801598947105837567e+00	1.382508672699441377e+01	nan
nan	7.729719999999999345e+03	1.545943999999999985e+00	nan	1.960000000000000000e+02	2.243009413711206240e-02	2.083379037155443873e-03	2.299266395349393310e-03	1.750726116008904709e+00	1.353120486557405044e+01	nan
nan	7.739280000000000655e+03	1.547856000000000121e+00	nan	1.980000000000000000e+02	2.239136176958709396e-02	2.045030234400883017e-03	2.353166200857708355e-03	1.769125570168203154e+00	1.369102448067316047e+01	nan
nan	7.790560000000000400e+03	1.558111999999999941e+00	nan	2.000000000000000000e+02	2.278540928973143281e-02	2.026533896279227118e-03	2.318351571380688602e-03	1.757527285541427231e+00	1.369257896571877531e+01	nan
nan	7.827960000000000946e+03	1.565592000000000095e+00	nan	2.020000000000000000e+02	2.377014550527746864e-02	2.121977709275657022e-03	2.323712800605018825e-03	1.701734466555613112e+00	1.332102519330267398e+01	nan
nan	7.885480000000000473e+03	1.577096000000000275e+00	nan	2.040000000000000000e+02	2.319259864808373081e-02	2.098948994464484939e-03	2.335379365952610069e-03	1.764572709362936864e+00	1.391453836521729670e+01	nan
nan	7.927800000000000182e+03	1.585560000000000080e+00	nan	2.060000000000000000e+02	2.408481265631053428e-02	2.152204406180738792e-03	2.325119570543675730e-03	1.716345526674199373e+00	1.360732120081545915e+01	nan
nan	7.966079999999999927e+03	1.593215999999999966e+00	nan	2.080000000000000000e+02	2.417851847298152154e-02	2.109658182258162921e-03	2.323474794704122239e-03	1.720918675566603939e+00	1.370867902628939916e+01	nan
nan	8.028880000000000109e+03	1.605775999999999870e+00	nan	2.100000000000000000e+02	2.448720163341022021e-02	2.000658128357444675e-03	2.341914592396009912e-03	1.716402325949943686e+00	1.378025945816809816e+01	nan
nan	8.054079999999999927e+03	1.610816000000000248e+00	nan	2.120000000000000000e+02	2.445464089406414188e-02	2.159513517020390967e-03	2.328753802667987011e-03	1.736315477901306581e+00	1.398483785548788561e+01	nan
nan	8.104439999999999600e+03	1.620888000000000106e+00	nan	2.140000000000000000e+02	2.520167463191683166e-02	2.032772495041838216e-03	2.346731358574736213e-03	1.702774587366562953e+00	1.380090215388492503e+01	nan
nan	8.143920000000000073e+03	1.628784000000000010e+00	nan	2.160000000000000000e+02	2.463710016708318962e-02	2.108366285505440009e-03	2.318737648973225821e-03	1.754703154999448289e+00	1.428901638527132079e+01	nan
nan	8.198360000000000582e+03	1.639671999999999796e+00	nan	2.180000000000000000e+02	2.587436119679296237e-02	2.081849938407538073e-03	2.315845859351271102e-03	1.685421686626941140e+00	1.381730818990658882e+01	nan
nan	8.252280000000000655e+03	1.650456000000000145e+00	nan	2.200000000000000000e+02	2.571938245922865754e-02	2.145852930035903935e-03	2.369646993306287041e-03	1.713375612843859530e+00	1.414043343110376227e+01	nan
nan	8.249399999999999636e+03	1.649880000000000013e+00	nan	2.220000000000000000e+02	2.618437447577889182e-02	2.070124891360070832e-03	2.367930748440836512e-03	1.701183930632500507e+00	1.403211395568774478e+01	nan
nan	8.262159999999999854e+03	1.652432000000000345e+00	nan	2.240000000000000000e+02	2.723496251817777991e-02	2.023644325275137344e-03	2.340678380681502930e-03	1.646490020669801879e+00	1.360280613630199653e+01	nan
nan	8.310079999999999927e+03	1.662016000000000160e+00	nan	2.260000000000000000e+02	2.804309457922499887e-02	2.045082181263603669e-03	2.381071538740435305e-03	1.614260680713824225e+00	1.341338063998531638e+01	nan
nan	8.374960000000000946e+03	1.674992000000000036e+00	nan	2.280000000000000000e+02	2.762991918141778983e-02	2.058551397840927347e-03	2.375420450482860699e-03	1.655198166340323240e+00	1.386006193641051709e+01	nan
nan	8.394000000000000000e+03	1.678800000000000070e+00	nan	2.300000000000000000e+02	2.796233385464802490e-02	2.089102710515616627e-03	2.319508527984292211e-03	1.647043710014016060e+00	1.382471751758037826e+01	nan
nan	8.452799999999999272e+03	1.690560000000000063e+00	nan	2.320000000000000000e+02	2.979098763502406946e-02	1.993191878202752766e-03	2.325095959376680642e-03	1.559416935700036699e+00	1.318147599567847372e+01	nan
nan	8.480119999999998981e+03	1.696023999999999976e+00	nan	2.340000000000000000e+02	2.838780086874067091e-02	2.072448958663194139e-03	2.363358361503809391e-03	1.649438058396729190e+00	1.398680302185940505e+01	nan
nan	8.497560000000001310e+03	1.699511999999999912e+00	nan	2.360000000000000000e+02	2.791056401106288901e-02	2.096405162766808682e-03	2.352845269227230897e-03	1.694007704845947870e+00	1.439733973399653166e+01	nan
nan	8.578719999999999345e+03	1.715744000000000158e+00	nan	2.380000000000000000e+02	2.992319147405396798e-02	2.060880992936228642e-03	2.337506204260238977e-03	1.591789606542831415e+00	1.365521529199921247e+01	nan
nan	8.625880000000001019e+03	1.725175999999999821e+00	nan	2.400000000000000000e+02	2.962994800164778925e-02	2.049299058932889037e-03	2.351788271949462571e-03	1.625726594054802465e+00	1.402171222330207989e+01	nan
nan	8.626360000000000582e+03	1.725271999999999917e+00	nan	2.420000000000000000e+02	3.038710843224180433e-02	2.076948580400815418e-03	2.339111992498713911e-03	1.596445595198855205e+00	1.376946590853043162e+01	nan
nan	8.707719999999999345e+03	1.741543999999999759e+00	nan	2.440000000000000000e+02	3.132327622113734861e-02	2.111415311442919798e-03	2.361115332551270811e-03	1.560650259025669007e+00	1.358941893325009609e+01	nan
nan	8.734119999999998981e+03	1.746824000000000154e+00	nan	2.460000000000000000e+02	3.190654552784508158e-02	2.026320778862937110e-03	2.306043743571226969e-03	1.543689190573988901e+00	1.348354566113861708e+01	nan
nan	8.751439999999998690e+03	1.750288000000000066e+00	nan	2.480000000000000000e+02	3.114565498597585136e-02	2.157827211010127956e-03	2.348486180776162158e-03	1.595769007354661095e+00	1.396552926951165752e+01	nan
nan	8.841639999999999418e+03	1.768327999999999900e+00	nan	2.500000000000000000e+02	3.065222647940572462e-02	2.179285044806639291e-03	2.343869379040861792e-03	1.631905378735339252e+00	1.442809345053696291e+01	nan
nan	8.854760000000000218e+03	1.770952000000000082e+00	nan	2.520000000000000000e+02	3.164971992736355377e-02	2.067546915137271485e-03	2.326517923840706360e-03	1.595063290646677068e+00	1.412356246506262458e+01	nan
nan	8.858840000000000146e+03	1.771768000000000232e+00	nan	2.540000000000000000e+02	3.197141656488383665e-02	2.069116981829275184e-03	2.350319214252328572e-03	1.593255306625617651e+00	1.411234855854141657e+01	nan
nan	8.893520000000000437e+03	1.778704000000000063e+00	nan	2.560000000000000000e+02	3.181887052302954932e-02	2.096270666808732266e-03	2.358953072186714076e-03	1.611670392647953864e+00	1.433235509748645953e+01	nan
nan	8.919760000000000218e+03	1.783951999999999982e+00	nan	2.580000000000000000e+02	3.316185823279738792e-02	2.126170744164043898e-03	2.366961883240352275e-03	1.559119831066161366e+00	1.390455924769220886e+01	nan
nan	8.976159999999999854e+03	1.795231999999999717e+00	nan	2.600000000000000000e+02	3.249509232249693513e-02	2.029723657472940444e-03	2.329530161499895717e-03	1.602838756260373199e+00	1.438851704506300599e+01	nan
nan	9.010920000000000073e+03	1.802184000000000008e+00	nan	2.620000000000000000e+02	3.476036591917363444e-02	1.976443399818532919e-03	2.310881529825557865e-03	1.509666986158686885e+00	1.360505935824745016e+01	nan
nan	9.051760000000000218e+03	1.810351999999999517e+00	nan	2.640000000000000000e+02	3.356927326739424233e-02	2.076105188820714237e-03	2.344618913412618681e-03	1.574418443484756791e+00	1.425192649547499357e+01	nan
nan	9.058920000000000073e+03	1.811783999999999839e+00	nan	2.660000000000000000e+02	3.482490670422520862e-02	1.994650515184243945e-03	2.324408987359956845e-03	1.528483064339500652e+00	1.384539734738412697e+01	nan
nan	9.129680000000000291e+03	1.825936000000000003e+00	nan	2.680000000000000000e+02	3.641204555525291708e-02	2.161252106145090772e-03	2.324420423776630325e-03	1.474107023716620724e+00	1.345831915587151784e+01	nan
nan	9.143680000000000291e+03	1.828735999999999917e+00	nan	2.700000000000000000e+02	3.588797197592612231e-02	2.021654431568038583e-03	2.394349754579067242e-03	1.507159164636576953e+00	1.378130621843313897e+01	nan
nan	9.199799999999999272e+03	1.839960000000000040e+00	nan	2.720000000000000000e+02	3.583338478102632285e-02	1.956066702892416808e-03	2.359944845140784283e-03	1.522140147399224208e+00	1.400317909237825020e+01	nan
nan	9.217000000000000000e+03	1.843400000000000372e+00	nan	2.740000000000000000e+02	3.786459659263528149e-02	1.963495017314499224e-03	2.362096027012567691e-03	1.448283914828297991e+00	1.334989684194622939e+01	nan
nan	9.256799999999999272e+03	1.851360000000000339e+00	nan	2.760000000000000000e+02	3.586043080635135938e-02	2.108734914037949625e-03	2.359503632613623152e-03	1.544237116739765714e+00	1.429454394294127084e+01	nan
nan	9.293799999999999272e+03	1.858759999999999746e+00	nan	2.780000000000000000e+02	3.655325719720167038e-02	2.086407612322050895e-03	2.373386407814403673e-03	1.526236350994189639e+00	1.418738983620286831e+01	nan
nan	9.321079999999999927e+03	1.864215999999999651e+00	nan	2.800000000000000000e+02	3.901757358475151788e-02	2.133902701835583161e-03	2.288274847630872039e-03	1.437482029285130469e+00	1.339900190014919268e+01	nan
nan	9.368119999999998981e+03	1.873624000000000178e+00	nan	2.820000000000000000e+02	3.803708743079368959e-02	2.121499005304057321e-03	2.354817338230097944e-03	1.485652232732230127e+00	1.391593424080457453e+01	nan
nan	9.425399999999999636e+03	1.885079999999999867e+00	nan	2.840000000000000000e+02	3.801948852660643613e-02	2.098649576155883160e-03	2.357346188395816923e-03	1.495290133752370965e+00	1.409503557704729815e+01	nan
nan	9.443360000000000582e+03	1.888672000000000128e+00	nan	2.860000000000000000e+02	3.858523746198443127e-02	2.044946287144880966e-03	2.326993637317557959e-03	1.484708974325931186e+00	1.402066755277410870e+01	nan
nan	9.467319999999999709e+03	1.893464000000000258e+00	nan	2.880000000000000000e+02	3.909296172313588696e-02	2.010540090767455081e-03	2.356269439392219469e-03	1.474294638129013846e+00	1.395753756705284943e+01	nan
nan	9.501520000000000437e+03	1.900304000000000215e+00	nan	2.900000000000000000e+02	3.995369228995514221e-02	2.012056428074070029e-03	2.336726247045945674e-03	1.455303595123734528e+00	1.382742495194378840e+01	nan
nan	9.552039999999999054e+03	1.910407999999999884e+00	nan	2.920000000000000000e+02	3.889492907095700586e-02	1.995362197415339375e-03	2.361732036357684292e-03	1.502562867716151107e+00	1.435405821082924582e+01	nan
nan	9.557439999999998690e+03	1.911488000000000298e+00	nan	2.940000000000000000e+02	4.066769470010513088e-02	2.051762688560782120e-03	2.324622570185327051e-03	1.451469667586817502e+00	1.387316214428015293e+01	nan
nan	9.606760000000000218e+03	1.921351999999999949e+00	nan	2.960000000000000000e+02	4.128553297614416528e-02	2.149028094983463678e-03	2.362593034666402199e-03	1.435008704099536514e+00	1.378554177588738661e+01	nan
nan	9.639960000000000946e+03	1.927992000000000150e+00	nan	2.980000000000000000e+02	4.050785430622454164e-02	2.096682907883390748e-03	2.329900279171738010e-03	1.472919495681981994e+00	1.419919279090192354e+01	nan
nan	9.675799999999999272e+03	1.935160000000000213e+00	nan	3.000000000000000000e+02	4.219312328637897513e-02	2.057598626424620835e-03	2.323005611671672896e-03	1.422494107274430375e+00	1.376461707113015187e+01	nan
nan	9.766119999999998981e+03	1.953224000000000071e+00	nan	3.020000000000000000e+02	4.158069295959648803e-02	2.067036970643938883e-03	2.362449087323173404e-03	1.454402113829288190e+00	1.420176466687927075e+01	nan
nan	9.709600000000000364e+03	1.941919999999999646e+00	nan	3.040000000000000000e+02	4.317501853841349685e-02	2.096949782462192990e-03	2.303796160171939396e-03	1.410236527487257696e+00	1.369246723942081623e+01	nan
nan	9.793039999999999054e+03	1.958607999999999905e+00	nan	3.060000000000000000e+02	4.374492692488275020e-02	2.039511437435096320e-03	2.342012865150672977e-03	1.401920351265869780e+00	1.372972838375779858e+01	nan
nan	9.819119999999998981e+03	1.963824000000000014e+00	nan	3.080000000000000000e+02	4.321473649626568492e-02	2.161192032836935575e-03	2.345154526667172015e-03	1.428407161160645256e+00	1.402619352663852581e+01	nan
nan	9.840200000000000728e+03	1.968039999999999790e+00	nan	3.100000000000000000e+02	4.512911408098262134e-02	2.135172661373786317e-03	2.375127088994795788e-03	1.377989120720085836e+00	1.355878985833060923e+01	nan
nan	9.881200000000000728e+03	1.976240000000000219e+00	nan	3.120000000000000000e+02	4.497303549866955852e-02	2.079610688432447733e-03	2.337184165159141968e-03	1.388628289466621535e+00	1.372131402413689294e+01	nan
nan	9.926639999999999418e+03	1.985328000000000204e+00	nan	3.140000000000000000e+02	4.580199851039651326e-02	1.988637194403618334e-03	2.343379256605994734e-03	1.371858795419836019e+00	1.361763066609433714e+01	nan
nan	9.900880000000001019e+03	1.980176000000000158e+00	nan	3.160000000000000000e+02	4.512739456669805777e-02	2.066725011898405164e-03	2.330694748929635664e-03	1.403514766361901422e+00	1.389632534239687267e+01	nan
nan	9.961880000000001019e+03	1.992376000000000147e+00	nan	3.180000000000000000e+02	4.468672120926385494e-02	2.052748898503493468e-03	2.362422862360187906e-03	1.425552405344003626e+00	1.420090053687340159e+01	nan
nan	1.000915999999999985e+04	2.001831999999999834e+00	nan	3.200000000000000000e+02	4.551886990824641904e-02	2.093116881355374433e-03	2.373187485313091923e-03	1.406499151587722984e+00	1.407871817259798775e+01	nan
nan	1.003996000000000095e+04	2.007992000000000221e+00	nan	3.220000000000000000e+02	4.601468435393144679e-02	2.115739102372339933e-03	2.337994546102887226e-03	1.400776098347629839e+00	1.406354194376603139e+01	nan
nan	1.006060000000000036e+04	2.012119999999999909e+00	nan	3.240000000000000000e+02	4.631774032953216852e-02	2.144674578724033599e-03	2.336894681240801134e-03	1.400630295056164210e+00	1.409206833627036737e+01	nan
nan	1.013392000000000007e+04	2.026784000000000141e+00	nan	3.260000000000000000e+02	4.683484782334744467e-02	2.061580207428246811e-03	2.346821960812324470e-03	1.394266610174259347e+00	1.412976712187951556e+01	nan
nan	1.014368000000000029e+04	2.028735999999999873e+00	nan	3.280000000000000000e+02	4.601356291987031277e-02	1.970404993360278401e-03	2.314386209103970991e-03	1.426943176432275973e+00	1.447378234461865887e+01	nan
nan	1.014796000000000095e+04	2.029592000000000063e+00	nan	3.300000000000000000e+02	4.899239517187197607e-02	1.990690955359062080e-03	2.305503809566175795e-03	1.347818139008844618e+00	1.367835063624021075e+01	nan
nan	1.021988000000000102e+04	2.043975999999999793e+00	nan	3.320000000000000000e+02	4.810932798072826977e-02	2.101121279261713212e-03	2.366580343784798444e-03	1.380492518799912194e+00	1.410862337171852587e+01	nan
nan	1.025256000000000131e+04	2.050511999999999890e+00	nan	3.340000000000000000e+02	4.638555577666011315e-02	2.090340362006145539e-03	2.341426676637005724e-03	1.441496487844496244e+00	1.477902279783413064e+01	nan
nan	1.022647999999999956e+04	2.045296000000000003e+00	nan	3.360000000000000000e+02	4.911918352457177867e-02	2.061190887933267782e-03	2.330283585196011274e-03	1.368493564457563094e+00	1.399591937792057728e+01	nan
nan	1.030092000000000007e+04	2.060184000000000015e+00	nan	3.380000000000000000e+02	5.010494128645405498e-02	2.128364179917471323e-03	2.350605814589292689e-03	1.353346037543519786e+00	1.394338850294925614e+01	nan
nan	1.030852000000000044e+04	2.061704000000000203e+00	nan	3.400000000000000000e+02	4.972993918930114499e-02	2.050800015063831451e-03	2.349258577710921538e-03	1.368407798263407527e+00	1.410622081237220904e+01	nan
nan	1.032663999999999942e+04	2.065328000000000053e+00	nan	3.420000000000000000e+02	5.142302155881225273e-02	2.026910411316527102e-03	2.399485837544291979e-03	1.332935209930979692e+00	1.376596451364777352e+01	nan
nan	1.038315999999999985e+04	2.076632000000000033e+00	nan	3.440000000000000000e+02	5.057530744104952319e-02	2.093983238955523119e-03	2.339557751954108276e-03	1.360394073171656615e+00	1.412521595500039062e+01	nan
nan	1.042688000000000102e+04	2.085376000000000118e+00	nan	3.460000000000000000e+02	5.087339251204866380e-02	2.091330230100509578e-03	2.358722373092609487e-03	1.362201063883757168e+00	1.420494577121574409e+01	nan
nan	1.046679999999999927e+04	2.093360000000000110e+00	nan	3.480000000000000000e+02	5.155502902393891557e-02	2.009918309466611486e-03	2.332651893167198009e-03	1.350922177488013798e+00	1.414020648578977202e+01	nan
nan	1.048215999999999985e+04	2.096432000000000073e+00	nan	3.500000000000000000e+02	5.286185560648846288e-02	2.048136965451744038e-03	2.377582807352264082e-03	1.327970796215768079e+00	1.391846967052941508e+01	nan
nan	1.053128000000000065e+04	2.106256000000000128e+00	nan	3.520000000000000000e+02	5.450219750490760406e-02	2.157858382034521117e-03	2.343713049973425444e-03	1.292690200994114802e+00	1.361322243231335882e+01	nan
nan	1.052688000000000102e+04	2.105376000000000136e+00	nan	3.540000000000000000e+02	5.352912078386908024e-02	2.049288927830452463e-03	2.320417370472823392e-03	1.325511437725229502e+00	1.395309841086473668e+01	nan
nan	1.058936000000000058e+04	2.117872000000000199e+00	nan	3.560000000000000000e+02	5.262836126499677997e-02	2.028598714092037618e-03	2.336720960165323581e-03	1.353736189498961240e+00	1.433515447810590970e+01	nan
nan	1.057707999999999993e+04	2.115415999999999741e+00	nan	3.580000000000000000e+02	5.300862548734584789e-02	2.064681621622493132e-03	2.369428468732348754e-03	1.353274915690657831e+00	1.431434214052518428e+01	nan
nan	1.063952000000000044e+04	2.127904000000000018e+00	nan	3.600000000000000000e+02	5.362498602214145482e-02	2.126963720449502084e-03	2.335616379560133751e-03	1.343740443186882461e+00	1.429557323473601471e+01	nan
nan	1.065600000000000000e+04	2.131200000000000205e+00	nan	3.620000000000000000e+02	5.486368345101254318e-02	2.035711187008386585e-03	2.400200911385129161e-03	1.322115116643981070e+00	1.408863434194674369e+01	nan
nan	1.067484000000000015e+04	2.134967999999999755e+00	nan	3.640000000000000000e+02	5.678837575424040829e-02	2.057081310132716917e-03	2.388570603314917572e-03	1.283898934491174426e+00	1.370527751483736623e+01	nan
nan	1.068115999999999985e+04	2.136232000000000131e+00	nan	3.660000000000000000e+02	5.416460061224824540e-02	2.034836491390858496e-03	2.314684933216321072e-03	1.353211667928268858e+00	1.445331855113569475e+01	nan
nan	1.074936000000000058e+04	2.149871999999999783e+00	nan	3.680000000000000000e+02	5.661940786441845702e-02	2.139024788252807431e-03	2.364741558167295435e-03	1.301402423210075598e+00	1.398950679585319179e+01	nan
nan	1.076636000000000058e+04	2.153272000000000297e+00	nan	3.700000000000000000e+02	5.854346137161883096e-02	2.069344182854866536e-03	2.311291872981184777e-03	1.266548629842038753e+00	1.363632756762918596e+01	nan
nan	1.083788000000000102e+04	2.167575999999999947e+00	nan	3.720000000000000000e+02	5.785965255095106702e-02	2.057086639895777495e-03	2.376278775596281541e-03	1.286127100446545324e+00	1.393905266673505672e+01	nan
nan	1.081192000000000007e+04	2.162384000000000306e+00	nan	3.740000000000000000e+02	5.626745956263221743e-02	2.093044265839410015e-03	2.313882227694731303e-03	1.331508457488857600e+00	1.439486384471282676e+01	nan
nan	1.086896000000000095e+04	2.173791999999999724e+00	nan	3.760000000000000000e+02	5.692577723234535508e-02	2.091292209146589608e-03	2.360181129256031483e-03	1.323386274264337858e+00	1.438231590959408379e+01	nan
nan	1.090131999999999971e+04	2.180264000000000202e+00	nan	3.780000000000000000e+02	5.766365078770831903e-02	2.068491427361362871e-03	2.356595992767556488e-03	1.312807562391591576e+00	1.431044686610437466e+01	nan
nan	1.093988000000000102e+04	2.187975999999999921e+00	nan	3.800000000000000000e+02	5.899686429397661691e-02	2.162102234396144369e-03	2.313838107076183342e-03	1.290289175980293246e+00	1.411600214163797240e+01	nan
nan	1.095760000000000036e+04	2.191519999999999690e+00	nan	3.820000000000000000e+02	5.962322652507282689e-02	2.176379824247384742e-03	2.315179402930739663e-03	1.283563040591699345e+00	1.406446458208712613e+01	nan
nan	1.099463999999999942e+04	2.198927999999999994e+00	nan	3.840000000000000000e+02	6.163707054956830966e-02	2.098393603185345901e-03	2.375771122888041369e-03	1.248267416377622840e+00	1.372398250516422635e+01	nan
nan	1.100300000000000000e+04	2.200599999999999667e+00	nan	3.860000000000000000e+02	6.041471756400824955e-02	2.029442489801647383e-03	2.353194557388090403e-03	1.279290964675218856e+00	1.407652466137544778e+01	nan
nan	1.105971999999999935e+04	2.211943999999999910e+00	nan	3.880000000000000000e+02	6.125145277072079064e-02	2.035651385611030820e-03	2.390863384229174535e-03	1.268411967664560436e+00	1.402792799956329262e+01	nan
nan	1.105843999999999869e+04	2.211688000000000098e+00	nan	3.900000000000000000e+02	6.092508149981767929e-02	2.063474377770306827e-03	2.307168083098570625e-03	1.284629888471842563e+00	1.420599467706547259e+01	nan
nan	1.110247999999999956e+04	2.220495999999999803e+00	nan	3.920000000000000000e+02	6.195320502476533292e-02	2.128108205923883063e-03	2.361629226153147496e-03	1.270111299501182067e+00	1.410227851417360512e+01	nan
nan	1.114036000000000058e+04	2.228072000000000052e+00	nan	3.940000000000000000e+02	6.133478859981551790e-02	2.014258977433605081e-03	2.335743396331830569e-03	1.285171469308397763e+00	1.431739856660341914e+01	nan
nan	1.118211999999999898e+04	2.236424000000000412e+00	nan	3.960000000000000000e+02	6.250481691356982172e-02	2.088700997592361774e-03	2.310415718196766940e-03	1.269276473308908582e+00	1.419348581282635635e+01	nan
nan	1.122068000000000029e+04	2.244136000000000131e+00	nan	3.980000000000000000e+02	6.253851652039885134e-02	2.120012437022937481e-03	2.352336834699426775e-03	1.272874890014309868e+00	1.428233835049034539e+01	nan
nan	1.121576000000000022e+04	2.243151999999999813e+00	nan	4.000000000000000000e+02	6.341555661557321533e-02	1.991292544731788298e-03	2.338132869628968807e-03	1.263061993235206959e+00	1.416788608245819248e+01	nan
nan	1.123996000000000095e+04	2.247991999999999990e+00	nan	4.020000000000000000e+02	6.574825577420598255e-02	2.072013919099096463e-03	2.365949113168630286e-03	1.224047074147178282e+00	1.375815844853164194e+01	nan
nan	1.123696000000000095e+04	2.247392000000000056e+00	nan	4.040000000000000000e+02	6.483416860035504103e-02	2.128167216289546422e-03	2.341709416509262821e-03	1.247453219138861424e+00	1.401691045230623445e+01	nan
nan	1.131976000000000022e+04	2.263951999999999742e+00	nan	4.060000000000000000e+02	6.628136972715766018e-02	2.055038645968041994e-03	2.348451139733974923e-03	1.225492149256386609e+00	1.387231346994031433e+01	nan
nan	1.135556000000000131e+04	2.271112000000000020e+00	nan	4.080000000000000000e+02	6.412562332604465620e-02	2.095719615248569333e-03	2.338155608984490187e-03	1.276558933679491581e+00	1.449390811950946656e+01	nan
nan	1.134236000000000058e+04	2.268472000000000044e+00	nan	4.100000000000000000e+02	6.437673616535903587e-02	2.107168019821196309e-03	2.346665484808285913e-03	1.274919974384555399e+00	1.445992953986432994e+01	nan
nan	1.141131999999999971e+04	2.282264000000000070e+00	nan	4.120000000000000000e+02	6.597373093694841595e-02	2.134694403871443581e-03	2.353832555759036160e-03	1.250758810951307698e+00	1.427161483797639541e+01	nan
nan	1.146668000000000029e+04	2.293336000000000041e+00	nan	4.140000000000000000e+02	6.680823586048063867e-02	2.041599376211000565e-03	2.343705429829324224e-03	1.239762951661889101e+00	1.421617594823086961e+01	nan
nan	1.147063999999999942e+04	2.294127999999999723e+00	nan	4.160000000000000000e+02	6.597718515371525649e-02	2.107103746609333746e-03	2.309023862295051660e-03	1.265054134860388091e+00	1.451069276374440520e+01	nan
nan	1.145928000000000065e+04	2.291856000000000115e+00	nan	4.180000000000000000e+02	6.970851802132529973e-02	2.173227072782834245e-03	2.313055167619206334e-03	1.200015981031245627e+00	1.375151316217961117e+01	nan
nan	1.150411999999999898e+04	2.300823999999999980e+00	nan	4.200000000000000000e+02	6.868236546742992332e-02	2.055932762633418554e-03	2.364562302805513043e-03	1.225487545388419974e+00	1.409791519184871689e+01	nan
nan	1.153611999999999898e+04	2.307224000000000164e+00	nan	4.220000000000000000e+02	6.855755080599920670e-02	2.037632425065224063e-03	2.383024650209371233e-03	1.232238638119680152e+00	1.421409806006991516e+01	nan
nan	1.155488000000000102e+04	2.310976000000000141e+00	nan	4.240000000000000000e+02	6.983103354952617525e-02	2.117967965689704964e-03	2.329656020863967933e-03	1.214950109299852921e+00	1.403897954827867167e+01	nan
nan	1.160911999999999898e+04	2.321824000000000332e+00	nan	4.260000000000000000e+02	6.990312579182500485e-02	2.109559875570740477e-03	2.323734901540517629e-03	1.220696957460538856e+00	1.417113914755722348e+01	nan
nan	1.162668000000000029e+04	2.325335999999999625e+00	nan	4.280000000000000000e+02	7.148055284149450184e-02	2.043641257336574046e-03	2.325664566242924801e-03	1.197924152831881139e+00	1.392813386349006954e+01	nan
nan	1.162376000000000022e+04	2.324752000000000152e+00	nan	4.300000000000000000e+02	6.865783389825083627e-02	2.031101189021555353e-03	2.314599617830174691e-03	1.253778904340908884e+00	1.457308504175060193e+01	nan
nan	1.169307999999999993e+04	2.338616000000000028e+00	nan	4.320000000000000000e+02	7.062098327254716368e-02	2.019165367339491139e-03	2.377725873426548339e-03	1.225735428803319982e+00	1.433109794442479767e+01	nan
nan	1.170011999999999898e+04	2.340024000000000548e+00	nan	4.340000000000000000e+02	7.093025093137839132e-02	2.099523416999388853e-03	2.385627533435136314e-03	1.225791400090906036e+00	1.434058878137610904e+01	nan
nan	1.171107999999999993e+04	2.342215999999999632e+00	nan	4.360000000000000000e+02	7.403241941896340772e-02	1.988074432065736752e-03	2.341222468530628799e-03	1.179256056313841006e+00	1.381010453187392706e+01	nan
nan	1.178152000000000044e+04	2.356304000000000176e+00	nan	4.380000000000000000e+02	7.182852097716022066e-02	1.995867633078486029e-03	2.347231260644142958e-03	1.222117857499669169e+00	1.439870070507855004e+01	nan
nan	1.176443999999999869e+04	2.352888000000000090e+00	nan	4.400000000000000000e+02	7.318187296003089704e-02	2.118241473130999964e-03	2.339820870481304927e-03	1.204478874651035980e+00	1.416956623622201406e+01	nan
nan	1.178536000000000058e+04	2.357072000000000056e+00	nan	4.420000000000000000e+02	7.341713610318037486e-02	2.137876017664973576e-03	2.371108800579109326e-03	1.205746441194119223e+00	1.420879880842173826e+01	nan
nan	1.181852000000000044e+04	2.363703999999999805e+00	nan	4.440000000000000000e+02	7.546877640346792704e-02	2.131021656945449733e-03	2.346640059898989078e-03	1.178634401014880151e+00	1.392929948362665904e+01	nan
nan	1.185984000000000015e+04	2.371967999999999854e+00	nan	4.460000000000000000e+02	7.536370351144797142e-02	2.040681322896775209e-03	2.358808831091648191e-03	1.185216337543485654e+00	1.405624566803085784e+01	nan
nan	1.187943999999999869e+04	2.375888000000000222e+00	nan	4.480000000000000000e+02	7.633601769182860042e-02	1.956248588699071103e-03	2.326176618800796306e-03	1.176107029106367552e+00	1.397314386532142905e+01	nan
nan	1.193256000000000131e+04	2.386512000000000189e+00	nan	4.500000000000000000e+02	7.688305142070020470e-02	2.080251137359688703e-03	2.354711429164119390e-03	1.170925191777234309e+00	1.397180660540084851e+01	nan
nan	1.192736000000000058e+04	2.385472000000000481e+00	nan	4.520000000000000000e+02	7.651838235502508856e-02	2.099214634302062118e-03	2.351691818414185751e-03	1.185516548360408651e+00	1.413836589232798602e+01	nan
nan	1.200447999999999956e+04	2.400896000000000363e+00	nan	4.540000000000000000e+02	7.625608490063313927e-02	2.041795535014805357e-03	2.313803760978414090e-03	1.192813491444683294e+00	1.431766952612200328e+01	nan
nan	1.197856000000000131e+04	2.395712000000000064e+00	nan	4.560000000000000000e+02	7.589195293432567102e-02	2.115949208659841357e-03	2.360218238743982781e-03	1.203140951655508273e+00	1.441266765528306770e+01	nan
nan	1.201236000000000058e+04	2.402471999999999941e+00	nan	4.580000000000000000e+02	7.541811201055678704e-02	2.092857439567719514e-03	2.362640479449267233e-03	1.216388695723784164e+00	1.460926314669543657e+01	nan
nan	1.207788000000000102e+04	2.415575999999999723e+00	nan	4.600000000000000000e+02	8.006008721549733032e-02	2.157088065599378074e-03	2.376254712668212157e-03	1.150051690224655587e+00	1.388889455163239894e+01	nan
nan	1.211103999999999905e+04	2.422207999999999917e+00	nan	4.620000000000000000e+02	7.964298855502420504e-02	2.112434822521496065e-03	2.377558222969983724e-03	1.160605395851266097e+00	1.405580913155841039e+01	nan
nan	1.213056000000000131e+04	2.426111999999999824e+00	nan	4.640000000000000000e+02	8.010382321788711568e-02	2.010142802260089876e-03	2.361091797053131887e-03	1.158952398984287369e+00	1.405943772214174636e+01	nan
nan	1.210528000000000065e+04	2.421056000000000097e+00	nan	4.660000000000000000e+02	7.981660807923617040e-02	2.049882160812859823e-03	2.344321214409187792e-03	1.170125219233741465e+00	1.416490509097473627e+01	nan
nan	1.219523999999999978e+04	2.439048000000000105e+00	nan	4.680000000000000000e+02	8.015292988666260221e-02	1.983874925497568827e-03	2.332243935324398564e-03	1.168576547752945505e+00	1.425012181751251106e+01	nan
nan	1.217836000000000058e+04	2.435672000000000281e+00	nan	4.700000000000000000e+02	7.904709123060456311e-02	2.078530939926174961e-03	2.367189753488551946e-03	1.192705546288723273e+00	1.452419226839631428e+01	nan
nan	1.221703999999999905e+04	2.443408000000000246e+00	nan	4.720000000000000000e+02	7.983823888009282388e-02	2.133393895163530028e-03	2.306130936310083705e-03	1.182842656190658648e+00	1.445095108054356992e+01	nan
nan	1.222803999999999905e+04	2.445608000000000004e+00	nan	4.740000000000000000e+02	8.044041875085895799e-02	2.127987920186037198e-03	2.351057837313506003e-03	1.179550885170442376e+00	1.442450912757944081e+01	nan
nan	1.226268000000000029e+04	2.452536000000000271e+00	nan	4.760000000000000000e+02	8.289342742042207779e-02	2.148336504064733352e-03	2.353506527321768717e-03	1.150204257002782171e+00	1.410305653117716851e+01	nan
nan	1.227376000000000022e+04	2.454752000000000045e+00	nan	4.780000000000000000e+02	8.203921967535279802e-02	2.062325144386954051e-03	2.305054861478830937e-03	1.167058471505944883e+00	1.432359678739005560e+01	nan
nan	1.232831999999999971e+04	2.465664000000000300e+00	nan	4.800000000000000000e+02	8.562329668764505353e-02	2.210246527152221092e-03	2.381693421267219290e-03	1.122979280451351425e+00	1.384584175832873676e+01	nan
nan	1.233128000000000065e+04	2.466256000000000004e+00	nan	4.820000000000000000e+02	8.377676035217518358e-02	2.034751126522934932e-03	2.327687160261044611e-03	1.152977204965788482e+00	1.421602189831229701e+01	nan
nan	1.234420000000000073e+04	2.468839999999999701e+00	nan	4.840000000000000000e+02	8.544439447341574401e-02	1.990475730659502750e-03	2.333473888508597830e-03	1.133081749712518738e+00	1.398675178062828195e+01	nan
nan	1.239996000000000095e+04	2.479991999999999752e+00	nan	4.860000000000000000e+02	8.516193441108044215e-02	2.096708189238487806e-03	2.334215628888696489e-03	1.142696248139037696e+00	1.416868326680347856e+01	nan
nan	1.240679999999999927e+04	2.481359999999999566e+00	nan	4.880000000000000000e+02	8.943404307272431741e-02	2.013485115420985891e-03	2.374731169685122007e-03	1.092483233457238301e+00	1.355587902901007524e+01	nan
nan	1.246303999999999905e+04	2.492607999999999713e+00	nan	4.900000000000000000e+02	8.760191974597546227e-02	2.110480687317040603e-03	2.324428345769282041e-03	1.120459725071011992e+00	1.396311369661510504e+01	nan
nan	1.245679999999999927e+04	2.491359999999999797e+00	nan	4.920000000000000000e+02	8.671727387436475865e-02	2.098723062236479246e-03	2.364556764246759490e-03	1.136352589371835142e+00	1.415656722054421479e+01	nan
nan	1.245815999999999985e+04	2.491632000000000069e+00	nan	4.940000000000000000e+02	8.786529865057672584e-02	2.098368570195967460e-03	2.342970241195714651e-03	1.125820736503039488e+00	1.402630428252904871e+01	nan
nan	1.252539999999999964e+04	2.505080000000000418e+00	nan	4.960000000000000000e+02	8.790326095429919218e-02	2.149121668835139980e-03	2.370457031710431449e-03	1.130067082483773744e+00	1.415403978924569550e+01	nan
nan	1.257411999999999898e+04	2.514823999999999948e+00	nan	4.980000000000000000e+02	8.961028962026830469e-02	2.083769747792300810e-03	2.360645228084882769e-03	1.111983337029411656e+00	1.398177395907613985e+01	nan
nan	1.259231999999999971e+04	2.518463999999999370e+00	nan	5.000000000000000000e+02	8.939562036321149763e-02	2.040019510677754978e-03	2.334861142215917569e-03	1.120753013144930144e+00	1.411364554228451240e+01	nan
nan	1.262403999999999905e+04	2.524807999999999719e+00	nan	5.020000000000000000e+02	8.726719642441821412e-02	2.102208276687903866e-03	2.324795729426570520e-03	1.151510672493215592e+00	1.453662378736921212e+01	nan
nan	1.263260000000000036e+04	2.526520000000000099e+00	nan	5.040000000000000000e+02	8.847129543577467170e-02	2.034728958061533723e-03	2.352198364605046031e-03	1.140484608001580691e+00	1.440740188493900220e+01	nan
nan	1.264220000000000073e+04	2.528439999999999799e+00	nan	5.060000000000000000e+02	9.200590231699606880e-02	2.029017062503111340e-03	2.354622879167709779e-03	1.101347913026787362e+00	1.392370968129646869e+01	nan
nan	1.269088000000000102e+04	2.538176000000000432e+00	nan	5.080000000000000000e+02	9.036843000782027180e-02	2.110074756080827264e-03	2.316972585444805090e-03	1.125744562047307884e+00	1.428714174079524035e+01	nan
nan	1.270347999999999956e+04	2.540695999999999621e+00	nan	5.100000000000000000e+02	8.982611099110726638e-02	2.036771403339321732e-03	2.393497674837225236e-03	1.139031845789726827e+00	1.446910708207148488e+01	nan
