# SourcePhotonFlux	NumberRaysSurvived	PercentageRaysSurvived	PhotonFlux	PhotonEnergy	Bandwidth	HorizontalFocusFWHM	VerticalFocusFWHM	EnergyPerMilPerBw	FluxPerMilPerBwPerc	FluxPerMilPerBwAbs
nan	5.100000000000000000e+01	1.284000000000000072e-02	nan	5.000000000000000000e+01	2.136577463930102415e-03	2.239868663434547644e-02	1.377348647459699857e-02	2.374807017968846168e+01	3.036294845507341300e-01	nan
nan	8.715000000000000568e+01	2.146999999999999950e-02	nan	6.000000000000000000e+01	2.176211602699158754e-03	1.888059137938210424e-02	1.498144011416925256e-02	3.034247855966579976e+01	6.561379640311357786e-01	nan
nan	1.420500000000000114e+02	3.577000000000000318e-02	nan	7.000000000000000000e+01	2.625073882409684287e-03	1.777026061572643117e-02	1.547420367581722744e-02	2.946608081721944927e+01	1.051115576331441259e+00	nan
nan	1.961999999999999886e+02	4.904000000000000720e-02	nan	8.000000000000000000e+01	3.262439100165941304e-03	2.030352854569452553e-02	1.526735684839470274e-02	2.630757933235654988e+01	1.296962798968144703e+00	nan
nan	2.763500000000000227e+02	6.971000000000000807e-02	nan	9.000000000000000000e+01	3.631470293333167142e-03	1.844816350263170715e-02	1.587600191049338971e-02	2.570096331113683874e+01	1.793573576209003928e+00	nan
nan	3.685500000000000114e+02	9.254999999999999338e-02	nan	1.000000000000000000e+02	4.390673135086927206e-03	1.725636881596336741e-02	1.616367187353511328e-02	2.327687406303989093e+01	2.158873281289028334e+00	nan
nan	4.631000000000000227e+02	1.159000000000000030e-01	nan	1.100000000000000000e+02	4.853285965087650138e-03	1.708712596485776475e-02	1.684547245317783923e-02	2.409929864614531780e+01	2.787942434893546650e+00	nan
nan	5.493999999999999773e+02	1.371199999999999919e-01	nan	1.200000000000000000e+02	5.722306296929957972e-03	1.738710906240338930e-02	1.695710799690305220e-02	2.133958226731488850e+01	2.925084429426072052e+00	nan
nan	6.461000000000000227e+02	1.606199999999999850e-01	nan	1.300000000000000000e+02	5.762926208306850748e-03	1.784187963487727721e-02	1.714582532625019695e-02	2.395916832522729578e+01	3.857414990423714052e+00	nan
nan	7.136000000000000227e+02	1.799999999999999933e-01	nan	1.400000000000000000e+02	7.007140242282616956e-03	1.764305239405296669e-02	1.724240661345460834e-02	2.042134689096560152e+01	3.682530002514533329e+00	nan
nan	7.271000000000000227e+02	1.802999999999999603e-01	nan	1.500000000000000000e+02	7.248639295130488054e-03	1.745723089516589693e-02	1.763720178899594315e-02	2.097293264712235228e+01	3.784850398684399320e+00	nan
nan	6.932500000000000000e+02	1.730500000000000371e-01	nan	1.600000000000000000e+02	8.454046354135869717e-03	1.799076544868647570e-02	1.710763444717341292e-02	1.952280469364570337e+01	3.385691338369883230e+00	nan
nan	6.010499999999999545e+02	1.493700000000000028e-01	nan	1.700000000000000000e+02	8.880844327377701922e-03	1.672269767658723927e-02	1.705445307764903370e-02	1.943073666229897967e+01	2.897317499199588475e+00	nan
nan	4.535000000000000000e+02	1.135799999999999865e-01	nan	1.800000000000000000e+02	9.694692794317592149e-03	1.771715410550393777e-02	1.666501764506005470e-02	1.911734856458171095e+01	2.170940233789868223e+00	nan
nan	2.058499999999999943e+02	5.177000000000001739e-02	nan	1.900000000000000000e+02	1.024995525791406320e-02	1.752206344149632652e-02	1.564320484240893511e-02	1.887373198516879214e+01	9.765369115515575293e-01	nan
nan	2.165000000000000000e+02	5.405999999999999694e-02	nan	2.000000000000000000e+02	1.038829310423920911e-02	1.824656334714858455e-02	1.617124632178735741e-02	1.968841588366236905e+01	1.066923349240221031e+00	nan
nan	2.145000000000000000e+02	5.358000000000000262e-02	nan	2.100000000000000000e+02	1.224799480597708531e-02	1.707854170734945942e-02	1.569204118015282354e-02	1.812733410238650578e+01	9.812576294274192312e-01	nan
nan	2.118000000000000114e+02	5.348000000000000670e-02	nan	2.200000000000000000e+02	1.270959030795959857e-02	1.910473608497023287e-02	1.642906717624632168e-02	1.774115068147900587e+01	9.450698866205151649e-01	nan
nan	2.221500000000000057e+02	5.667000000000001897e-02	nan	2.300000000000000000e+02	1.397967365268454332e-02	1.739008357051929909e-02	1.584019806981745368e-02	1.664275114338241224e+01	9.408224777821043716e-01	nan
nan	2.346999999999999886e+02	5.825999999999999929e-02	nan	2.400000000000000000e+02	1.369475113379563756e-02	1.851284640292995623e-02	1.567237791844893272e-02	1.794068509850955451e+01	1.047385165858373046e+00	nan
nan	2.481500000000000057e+02	6.210999999999998467e-02	nan	2.500000000000000000e+02	1.439350332349373721e-02	1.722362770318870001e-02	1.615785387329846806e-02	1.799404660220874774e+01	1.115258171265254727e+00	nan
nan	2.694499999999999886e+02	6.585000000000000575e-02	nan	2.600000000000000000e+02	1.618164801874017941e-02	1.978535519441827414e-02	1.580598232868424963e-02	1.673708838374318830e+01	1.102533519385600069e+00	nan
nan	2.967500000000000000e+02	7.391000000000000347e-02	nan	2.700000000000000000e+02	1.695742483369475431e-02	1.872888131154236413e-02	1.574110642580439992e-02	1.639163931859275181e+01	1.212712245429855340e+00	nan
nan	3.181499999999999773e+02	7.854999999999999483e-02	nan	2.800000000000000000e+02	1.857666230159552012e-02	1.872202218038739735e-02	1.644220475276073415e-02	1.539679935103795927e+01	1.209309553333876019e+00	nan
nan	3.094499999999999886e+02	7.864999999999999769e-02	nan	2.900000000000000000e+02	1.884940468597209179e-02	1.910228011663283806e-02	1.603291108021931768e-02	1.565664145499207827e+01	1.229627260356339846e+00	nan
nan	3.393999999999999773e+02	8.584000000000001351e-02	nan	3.000000000000000000e+02	1.965559890224921613e-02	1.799180957158419067e-02	1.592321243012833135e-02	1.581491021922173346e+01	1.353610014079500434e+00	nan
nan	3.708999999999999773e+02	9.245999999999998664e-02	nan	3.100000000000000000e+02	1.976037362700783576e-02	1.844817781451780700e-02	1.652179430628475040e-02	1.625218267218397017e+01	1.503849899785750122e+00	nan
nan	4.083000000000000114e+02	1.020599999999999979e-01	nan	3.200000000000000000e+02	2.193407147182879074e-02	1.615975897505078640e-02	1.658276666871946747e-02	1.473518059021241200e+01	1.504643850061778476e+00	nan
nan	4.333000000000000114e+02	1.079400000000000082e-01	nan	3.300000000000000000e+02	2.246759032530264155e-02	1.548506441254591560e-02	1.641816133433428998e-02	1.535686399038533523e+01	1.662375436802165041e+00	nan
nan	4.563500000000000227e+02	1.143900000000000194e-01	nan	3.400000000000000000e+02	2.370005029893667084e-02	1.797914841444145373e-02	1.686547282987579249e-02	1.463114046948165381e+01	1.676411162558713697e+00	nan
nan	4.878500000000000227e+02	1.226499999999999951e-01	nan	3.500000000000000000e+02	2.464217721353350113e-02	1.738902016040107940e-02	1.664957425754281031e-02	1.591568062000088091e+01	1.977468082422306761e+00	nan
nan	5.246000000000000227e+02	1.301999999999999824e-01	nan	3.600000000000000000e+02	2.680044465139417437e-02	1.731786526434606760e-02	1.669767715558512916e-02	1.361950198240020349e+01	1.774380546350093457e+00	nan
nan	5.670499999999999545e+02	1.408499999999999752e-01	nan	3.700000000000000000e+02	2.821949109052468430e-02	1.747605330648598770e-02	1.722386118698100016e-02	1.347612727983502623e+01	1.905783728458145365e+00	nan
nan	5.909500000000000455e+02	1.482699999999999851e-01	nan	3.800000000000000000e+02	2.810839039746042614e-02	1.564542777496793352e-02	1.693185436224529244e-02	1.373097495739687268e+01	2.032004428217405234e+00	nan
nan	6.302500000000000000e+02	1.580100000000000393e-01	nan	3.900000000000000000e+02	3.014447353186255896e-02	1.755084640090529696e-02	1.749912260921609314e-02	1.322684857837102435e+01	2.100176129795735758e+00	nan
nan	6.667500000000000000e+02	1.645100000000000173e-01	nan	4.000000000000000000e+02	3.210914026807643040e-02	1.648856330852647989e-02	1.708706440081922406e-02	1.286993300581153221e+01	2.124950894796503675e+00	nan
nan	7.137000000000000455e+02	1.779799999999999993e-01	nan	4.100000000000000000e+02	3.193521955934101875e-02	1.894278421713137608e-02	1.706900414136124436e-02	1.309948584514929415e+01	2.338203296184445446e+00	nan
nan	7.508999999999999773e+02	1.885000000000000009e-01	nan	4.200000000000000000e+02	3.261356453169241693e-02	1.760017228263770564e-02	1.749266795876288499e-02	1.349108186349019789e+01	2.533200807459631942e+00	nan
nan	7.740000000000000000e+02	1.944400000000000017e-01	nan	4.300000000000000000e+02	3.486082408640243241e-02	1.679431537695671300e-02	1.707588247397492931e-02	1.263487459660927570e+01	2.457020514248599685e+00	nan
nan	8.055499999999999545e+02	2.019099999999999784e-01	nan	4.400000000000000000e+02	3.550023671746771470e-02	1.732711106383093280e-02	1.766639949868931830e-02	1.265733501607891576e+01	2.552502539618038746e+00	nan
nan	8.447999999999999545e+02	2.115999999999999548e-01	nan	4.500000000000000000e+02	3.674042941371453985e-02	1.732309307064456433e-02	1.770616259661886641e-02	1.245430758537576743e+01	2.638390661019612615e+00	nan
nan	8.913999999999999773e+02	2.232399999999999662e-01	nan	4.600000000000000000e+02	3.726184088571642128e-02	1.768881936685295225e-02	1.738741466411389963e-02	1.243969824273351321e+01	2.779328299262632918e+00	nan
nan	9.175499999999999545e+02	2.308699999999999919e-01	nan	4.700000000000000000e+02	3.930589624833942530e-02	1.726919962481689858e-02	1.790168270206191764e-02	1.217848567057679077e+01	2.811428038674191221e+00	nan
nan	9.570499999999999545e+02	2.388499999999999512e-01	nan	4.800000000000000000e+02	4.147540470127353274e-02	1.796077357292378066e-02	1.743742458210973886e-02	1.187956363120683001e+01	2.836992065577851996e+00	nan
nan	9.639500000000000455e+02	2.426700000000000246e-01	nan	4.900000000000000000e+02	4.260511125413302125e-02	1.746518702019071029e-02	1.764100170152432118e-02	1.176497206425381492e+01	2.858483422429412890e+00	nan
nan	1.007450000000000045e+03	2.512100000000000444e-01	nan	5.000000000000000000e+02	4.314580304082369505e-02	1.773798986412487150e-02	1.722035653364936691e-02	1.175182789326169619e+01	2.955645756428550541e+00	nan
nan	1.024099999999999909e+03	2.559399999999999453e-01	nan	5.100000000000000000e+02	4.358076324532760004e-02	1.739209571981909994e-02	1.763001702860215320e-02	1.188626236458578589e+01	3.043928907513324233e+00	nan
nan	1.062700000000000045e+03	2.642200000000000104e-01	nan	5.200000000000000000e+02	4.387172455454901865e-02	1.812161931166067497e-02	1.730294887708447998e-02	1.204696216008834320e+01	3.181382331284729581e+00	nan
nan	1.074200000000000045e+03	2.677200000000000690e-01	nan	5.300000000000000000e+02	4.789322555202488868e-02	1.779395466707500012e-02	1.768076371077550307e-02	1.119760901490445804e+01	3.004124712803889707e+00	nan
nan	1.092950000000000045e+03	2.746700000000000252e-01	nan	5.400000000000000000e+02	5.077208582532079933e-02	1.804294485029295236e-02	1.755727061559062691e-02	1.072639869960650927e+01	2.946431297301700614e+00	nan
nan	1.080549999999999955e+03	2.672300000000000231e-01	nan	5.500000000000000000e+02	4.847550620211223127e-02	1.728950338531453496e-02	1.751866978003499206e-02	1.173076405076357531e+01	3.116039998877434769e+00	nan
nan	1.035150000000000091e+03	2.590299999999999825e-01	nan	5.600000000000000000e+02	5.146545771291357457e-02	1.708289904095780520e-02	1.786724354633012490e-02	1.095320811585115095e+01	2.834873000827841771e+00	nan
nan	8.495000000000000000e+02	2.123399999999999732e-01	nan	5.700000000000000000e+02	5.163577665617822415e-02	1.785107309223788255e-02	1.771914619233790414e-02	1.123625668403004241e+01	2.380857983028665803e+00	nan
nan	7.016499999999999773e+02	1.748500000000000054e-01	nan	5.800000000000000000e+02	5.167314291255138692e-02	1.731569621836671208e-02	1.731115504647365647e-02	1.138792226213674219e+01	1.993698061298630808e+00	nan
nan	8.407000000000000455e+02	2.089399999999999868e-01	nan	5.900000000000000000e+02	5.501294442282187586e-02	1.601340702072434966e-02	1.720334654641954980e-02	1.081680527787239754e+01	2.261440586231953986e+00	nan
nan	9.347500000000000000e+02	2.311099999999999821e-01	nan	6.000000000000000000e+02	5.420802393315966861e-02	1.764190312039048275e-02	1.754641157367778717e-02	1.146159283576350063e+01	2.636767800868702327e+00	nan
nan	9.896000000000000227e+02	2.471599999999999075e-01	nan	6.100000000000000000e+02	5.860756438646035071e-02	1.747879934067898128e-02	1.762183235474407139e-02	1.046120704158828474e+01	2.583176354341303771e+00	nan
nan	1.029400000000000091e+03	2.567200000000000037e-01	nan	6.200000000000000000e+02	5.989994812130135238e-02	1.673349604905636709e-02	1.772073428020947208e-02	1.066193481825674638e+01	2.736467203149353988e+00	nan
nan	1.078849999999999909e+03	2.683299999999999574e-01	nan	6.300000000000000000e+02	6.005141537678469060e-02	1.814078431326992397e-02	1.764543128619769016e-02	1.082045538055031031e+01	2.903085182032716371e+00	nan
nan	1.119150000000000091e+03	2.783900000000000263e-01	nan	6.400000000000000000e+02	6.009413574969357796e-02	1.796459714812381758e-02	1.799380940182286961e-02	1.084027928309490996e+01	3.016580703323283874e+00	nan
nan	1.161700000000000045e+03	2.909000000000000474e-01	nan	6.500000000000000000e+02	6.204465258933851424e-02	1.899392515421109012e-02	1.797486612447389207e-02	1.063223385629730267e+01	3.093619675245677048e+00	nan
nan	1.212500000000000000e+03	3.021400000000000197e-01	nan	6.600000000000000000e+02	6.863649058493592747e-02	1.808111826947252435e-02	1.766931696716785016e-02	9.708519804174454038e+00	2.933545823595240076e+00	nan
nan	1.251650000000000091e+03	3.127300000000000080e-01	nan	6.700000000000000000e+02	6.704718263376321929e-02	1.714630066242456979e-02	1.795544435798874378e-02	1.015282008641475464e+01	3.176867652014550902e+00	nan
nan	1.281250000000000000e+03	3.214500000000000690e-01	nan	6.800000000000000000e+02	6.688707099000908152e-02	1.776110797968183386e-02	1.801559604591570010e-02	1.031356498044351788e+01	3.316568047243458661e+00	nan
nan	1.328799999999999955e+03	3.320800000000000418e-01	nan	6.900000000000000000e+02	7.467339750830319367e-02	1.736723600723686853e-02	1.781457330375610035e-02	9.275778554549743760e+00	3.082599785154416239e+00	nan
nan	1.361250000000000000e+03	3.386100000000000221e-01	nan	7.000000000000000000e+02	7.410158426082488758e-02	1.756890336361418073e-02	1.782750799856434171e-02	9.483719172414369680e+00	3.210570444219599917e+00	nan
nan	1.362099999999999909e+03	3.390199999999999325e-01	nan	7.100000000000000000e+02	7.236038522434000420e-02	1.735923804080739472e-02	1.780091495395249440e-02	1.009443720395655220e+01	3.406694709844604319e+00	nan
nan	1.391849999999999909e+03	3.480099999999999860e-01	nan	7.200000000000000000e+02	7.398976676724373924e-02	1.778127911982691628e-02	1.773421111769737588e-02	9.878453769887480362e+00	3.441637883449796931e+00	nan
nan	1.436250000000000000e+03	3.573700000000000210e-01	nan	7.300000000000000000e+02	7.586690984589949949e-02	1.737228424889847994e-02	1.750269127838391739e-02	9.652861347745972154e+00	3.448452693368312172e+00	nan
nan	1.469950000000000045e+03	3.671100000000000474e-01	nan	7.400000000000000000e+02	7.642754289307163162e-02	1.794566527828645938e-02	1.784428254907750172e-02	9.906187801545868865e+00	3.634370153281341054e+00	nan
nan	1.505799999999999955e+03	3.787600000000000411e-01	nan	7.500000000000000000e+02	8.028541858465701453e-02	1.728937672828619737e-02	1.785468545860651249e-02	9.444530136627202310e+00	3.583290672560218493e+00	nan
nan	1.536200000000000045e+03	3.850000000000000089e-01	nan	7.600000000000000000e+02	7.967127957238062663e-02	1.736952247572032954e-02	1.799570638406699716e-02	9.814491007139102052e+00	3.775860431909438653e+00	nan
nan	1.577500000000000000e+03	3.922999999999999821e-01	nan	7.700000000000000000e+02	8.317039850847436633e-02	1.752601111830114078e-02	1.801289456957786556e-02	9.320832953430553403e+00	3.656221365465094131e+00	nan
nan	1.619799999999999955e+03	4.056799999999999851e-01	nan	7.800000000000000000e+02	8.777585992007175264e-02	1.728444714569280644e-02	1.799132218567393859e-02	8.972241478788927083e+00	3.633803064913047276e+00	nan
nan	1.642549999999999955e+03	4.076299999999999923e-01	nan	7.900000000000000000e+02	8.714265646921148800e-02	1.803853139859070212e-02	1.782094607042943729e-02	9.112611465226398977e+00	3.715133252687706111e+00	nan
nan	1.703150000000000091e+03	4.249500000000000499e-01	nan	8.000000000000000000e+02	8.708888834211166163e-02	1.758047723736244974e-02	1.803257296820500594e-02	9.423546368037866827e+00	3.997513714763633708e+00	nan
nan	1.733200000000000045e+03	4.344800000000000328e-01	nan	8.100000000000000000e+02	8.986064751295544384e-02	1.749290677398445890e-02	1.792124407947432926e-02	9.075484024356358148e+00	3.950102327848261208e+00	nan
nan	1.762900000000000091e+03	4.412199999999999456e-01	nan	8.200000000000000000e+02	9.171018400579100671e-02	1.773085916376675175e-02	1.762987099866936830e-02	8.973030466926173787e+00	3.960708936199149655e+00	nan
nan	1.811150000000000091e+03	4.517900000000000249e-01	nan	8.300000000000000000e+02	9.239039431966489246e-02	1.828063402226633855e-02	1.777979963872025615e-02	9.134031347127969269e+00	4.121397607976540201e+00	nan
nan	1.835750000000000000e+03	4.615500000000000713e-01	nan	8.400000000000000000e+02	9.907787783819799188e-02	1.788219136946738244e-02	1.805405531496020316e-02	8.522621067093483660e+00	3.933414751841000090e+00	nan
nan	1.879750000000000000e+03	4.683099999999999485e-01	nan	8.500000000000000000e+02	9.483630956420938118e-02	1.757377760858814392e-02	1.794457580093099941e-02	9.047774583762770106e+00	4.235679470302931904e+00	nan
nan	1.915200000000000045e+03	4.800800000000000622e-01	nan	8.600000000000000000e+02	1.011900705048958543e-01	1.833977577506015061e-02	1.779904860015291829e-02	8.531834301778395968e+00	4.096726307879741569e+00	nan
nan	1.949599999999999909e+03	4.832399999999998919e-01	nan	8.700000000000000000e+02	9.706316143790445772e-02	1.763968244450258779e-02	1.803231986649228222e-02	9.141238040482488003e+00	4.427196879713967803e+00	nan
nan	1.973950000000000045e+03	4.905100000000001126e-01	nan	8.800000000000000000e+02	1.028070657288196743e-01	1.850745579135846045e-02	1.809789365077384832e-02	8.603904830447831387e+00	4.215750701412336987e+00	nan
nan	2.039500000000000000e+03	5.114199999999999857e-01	nan	8.900000000000000000e+02	1.040189462015575772e-01	1.833470110721794472e-02	1.788930423804017955e-02	8.602222278423766966e+00	4.400887111072615987e+00	nan
nan	2.066150000000000091e+03	5.197499999999999343e-01	nan	9.000000000000000000e+02	1.054539156026521596e-01	1.744273272954404569e-02	1.821139460259148246e-02	8.592986770013634867e+00	4.467516774024649528e+00	nan
nan	2.121449999999999818e+03	5.306100000000000261e-01	nan	9.100000000000000000e+02	1.092504155180847591e-01	1.785777364693528352e-02	1.808372038801103060e-02	8.411589077784523028e+00	4.467401761836578444e+00	nan
nan	2.136150000000000091e+03	5.308300000000001351e-01	nan	9.200000000000000000e+02	1.093134374708370216e-01	1.832642232550470845e-02	1.793635376500198053e-02	8.492231500278418110e+00	4.501996988652114950e+00	nan
nan	2.180250000000000000e+03	5.452500000000000124e-01	nan	9.300000000000000000e+02	1.124176889920988770e-01	1.735450453779724400e-02	1.801399807162529579e-02	8.329571133488300916e+00	4.539662903822879514e+00	nan
nan	2.218000000000000000e+03	5.555199999999997917e-01	nan	9.400000000000000000e+02	1.142301024508014934e-01	1.729772977745058088e-02	1.803619656052657741e-02	8.344592711485322667e+00	4.639137679565790151e+00	nan
nan	2.246300000000000182e+03	5.602600000000000913e-01	nan	9.500000000000000000e+02	1.187974420591558500e-01	1.829606797385144659e-02	1.784871003271692319e-02	8.116660433927442853e+00	4.543167989146138730e+00	nan
nan	2.297599999999999909e+03	5.739599999999999147e-01	nan	9.600000000000000000e+02	1.211797730652790506e-01	1.794207875713290518e-02	1.803539184309918900e-02	7.987390030953127606e+00	4.583006280963578760e+00	nan
nan	2.325400000000000091e+03	5.795199999999998131e-01	nan	9.700000000000000000e+02	1.192046572593142145e-01	1.828995307787879138e-02	1.801072118229976246e-02	8.206934768415857562e+00	4.752520821963696740e+00	nan
nan	2.355150000000000091e+03	5.879899999999999016e-01	nan	9.800000000000000000e+02	1.206774111109325531e-01	1.833199182422148160e-02	1.805987711608953578e-02	8.182802534220993351e+00	4.809924710948737747e+00	nan
nan	2.399400000000000091e+03	5.991199999999999859e-01	nan	9.900000000000000000e+02	1.248853330283338919e-01	1.850315129413577023e-02	1.824489850531335958e-02	7.973565817053019700e+00	4.776534963560534308e+00	nan
nan	2.420750000000000000e+03	6.059499999999999886e-01	nan	1.000000000000000000e+03	1.210481688361198793e-01	1.829851976845425776e-02	1.810291814740366129e-02	8.361968792346583967e+00	5.064270922189024304e+00	nan
nan	2.451699999999999818e+03	6.127000000000000224e-01	nan	1.010000000000000000e+03	1.270114342089584680e-01	1.837844792014332526e-02	1.807416556814344863e-02	8.014182557342717672e+00	4.911470748245855056e+00	nan
nan	2.480849999999999909e+03	6.174899999999999833e-01	nan	1.020000000000000000e+03	1.300442272294674295e-01	1.814446155465196733e-02	1.806805930953065548e-02	7.865351088673418367e+00	4.858762084583902130e+00	nan
nan	2.515900000000000091e+03	6.293000000000000815e-01	nan	1.030000000000000000e+03	1.327408982203564791e-01	1.808421356145585232e-02	1.822369997018503940e-02	7.789152807921754906e+00	4.902523733378110649e+00	nan
nan	2.532099999999999909e+03	6.301400000000001445e-01	nan	1.040000000000000000e+03	1.355571328722817159e-01	1.825067118090564419e-02	1.805554138408205223e-02	7.736088155581978931e+00	4.869574979574208484e+00	nan
nan	2.572199999999999818e+03	6.446799999999999198e-01	nan	1.050000000000000000e+03	1.371573696748555338e-01	1.802319274646138267e-02	1.801286088839944982e-02	7.678098734481115351e+00	4.949072730689932698e+00	nan
nan	2.627300000000000182e+03	6.566600000000001325e-01	nan	1.060000000000000000e+03	1.368588805996978353e-01	1.779011911001317919e-02	1.803787899525831351e-02	7.831522113295365628e+00	5.145499307375034803e+00	nan
nan	2.650150000000000091e+03	6.630700000000000482e-01	nan	1.070000000000000000e+03	1.398050076457138802e-01	1.858445899222498782e-02	1.838488354888213883e-02	7.722878105079966637e+00	5.118254184149749975e+00	nan
nan	2.686750000000000000e+03	6.725499999999999812e-01	nan	1.080000000000000000e+03	1.451327883784756523e-01	1.816072355929386137e-02	1.830115955546319714e-02	7.466570417623567657e+00	5.021103215714040502e+00	nan
nan	2.719849999999999909e+03	6.812499999999999112e-01	nan	1.090000000000000000e+03	1.457196820889635203e-01	1.823986587454229716e-02	1.843051487760450496e-02	7.489165472525489697e+00	5.099944896783689785e+00	nan
nan	2.743750000000000000e+03	6.856299999999999617e-01	nan	1.100000000000000000e+03	1.426548136854876303e-01	1.793405724185377983e-02	1.807795722233358077e-02	7.757631085560466211e+00	5.317162626003439918e+00	nan
nan	2.773050000000000182e+03	6.910899999999999821e-01	nan	1.110000000000000000e+03	1.482627641053227419e-01	1.791763725389903736e-02	1.808090726385438302e-02	7.528413300805778974e+00	5.201502555704732522e+00	nan
nan	2.767900000000000091e+03	6.917400000000000215e-01	nan	1.120000000000000000e+03	1.477343307673322781e-01	1.826823467812982438e-02	1.821119681192879050e-02	7.611294079166233573e+00	5.264824701380992344e+00	nan
nan	2.802449999999999818e+03	6.993700000000000472e-01	nan	1.130000000000000000e+03	1.500229844485147512e-01	1.867862363558258493e-02	1.827137058709130471e-02	7.559213527348802586e+00	5.286853091500383961e+00	nan
nan	2.819000000000000000e+03	7.084800000000001097e-01	nan	1.140000000000000000e+03	1.525512624467637579e-01	1.848564325783321610e-02	1.828814103136710417e-02	7.524318701526988562e+00	5.334793440626916627e+00	nan
nan	2.802650000000000091e+03	7.028900000000001258e-01	nan	1.150000000000000000e+03	1.527835352305828565e-01	1.752223965608636427e-02	1.816964303957959576e-02	7.558280626972653238e+00	5.312564023849004613e+00	nan
nan	2.817300000000000182e+03	7.037000000000001032e-01	nan	1.160000000000000000e+03	1.545059228621198655e-01	1.824007758297051598e-02	1.819346845032285623e-02	7.535087685608075958e+00	5.302494057591756516e+00	nan
nan	2.831400000000000091e+03	7.068000000000000949e-01	nan	1.170000000000000000e+03	1.560608107997040750e-01	1.809566108776534260e-02	1.817179309916266972e-02	7.587922282873407198e+00	5.371636749464938632e+00	nan
nan	2.863449999999999818e+03	7.184899999999999620e-01	nan	1.180000000000000000e+03	1.575380701138897055e-01	1.779771495436044404e-02	1.820212313163732318e-02	7.563572646901901564e+00	5.435595366663709349e+00	nan
nan	2.865199999999999818e+03	7.218799999999999661e-01	nan	1.190000000000000000e+03	1.636062590901929126e-01	1.831420219922736195e-02	1.806433043586913936e-02	7.290536703784693984e+00	5.262150403112100250e+00	nan
nan	2.874699999999999818e+03	7.195000000000000284e-01	nan	1.200000000000000000e+03	1.635360357861486702e-01	1.861566046718377346e-02	1.802788232144559438e-02	7.408279237026372144e+00	5.334230688446530699e+00	nan
nan	2.862300000000000182e+03	7.154199999999999449e-01	nan	1.210000000000000000e+03	1.687672520328874215e-01	1.774893097490570434e-02	1.831524057351086726e-02	7.207528404149913470e+00	5.156164308854262579e+00	nan
nan	2.878699999999999818e+03	7.233800000000001340e-01	nan	1.220000000000000000e+03	1.698571401179151397e-01	1.818723085372630360e-02	1.814540315866596323e-02	7.198177688504905802e+00	5.208679862569871588e+00	nan
nan	2.851550000000000182e+03	7.145500000000001295e-01	nan	1.230000000000000000e+03	1.741812605655127244e-01	1.788516069606530673e-02	1.832566064269916528e-02	7.096228700262625644e+00	5.071923389436589602e+00	nan
nan	2.855400000000000091e+03	7.072400000000000908e-01	nan	1.240000000000000000e+03	1.767098555870006693e-01	1.736118637636449233e-02	1.808350950807678659e-02	7.043417345637335458e+00	4.978812940119878405e+00	nan
nan	2.842400000000000091e+03	7.100800000000000445e-01	nan	1.250000000000000000e+03	1.711833076156267508e-01	1.857827331457143072e-02	1.815129358406646076e-02	7.406370559916358509e+00	5.252278701146734896e+00	nan
nan	2.855550000000000182e+03	7.115899999999999448e-01	nan	1.260000000000000000e+03	1.758872411591937690e-01	1.733528956337952384e-02	1.821102948921103290e-02	7.209130470033596971e+00	5.127255477472348666e+00	nan
nan	2.850250000000000000e+03	7.117299999999999738e-01	nan	1.270000000000000000e+03	1.771579540877041836e-01	1.778566107959386744e-02	1.800424460046567976e-02	7.208126644471943401e+00	5.131994978511551508e+00	nan
nan	2.846449999999999818e+03	7.145699999999999275e-01	nan	1.280000000000000000e+03	1.804265454542587632e-01	1.824212471133754981e-02	1.817484812149363152e-02	7.104949247680591107e+00	5.078389904324134285e+00	nan
nan	2.835949999999999818e+03	7.107099999999999529e-01	nan	1.290000000000000000e+03	1.822438160460365109e-01	1.850535583148650576e-02	1.810527643910948489e-02	7.112955144771933469e+00	5.053375036524730746e+00	nan
nan	2.812449999999999818e+03	7.066900000000001514e-01	nan	1.300000000000000000e+03	1.833179217593169652e-01	1.777256820963240419e-02	1.831801628570870269e-02	7.132260357595423095e+00	5.042994516954686368e+00	nan
nan	2.788500000000000000e+03	6.967799999999998439e-01	nan	1.310000000000000000e+03	1.888898905900646130e-01	1.736274009413651259e-02	1.806081952952931502e-02	6.989535612884772320e+00	4.868374094247032602e+00	nan
nan	2.789349999999999909e+03	6.987499999999999822e-01	nan	1.320000000000000000e+03	1.875606030490871434e-01	1.735615155669163051e-02	1.814740480341791098e-02	7.084199734505543411e+00	4.950844539894649010e+00	nan
nan	2.770050000000000182e+03	6.896099999999999453e-01	nan	1.330000000000000000e+03	1.896821619364345568e-01	1.756979739808971902e-02	1.814029438639667285e-02	7.050758006795534882e+00	4.862487233711144441e+00	nan
nan	2.764599999999999909e+03	6.939600000000000213e-01	nan	1.340000000000000000e+03	1.902478900878349921e-01	1.839785963465211810e-02	1.811702091142177243e-02	7.076139460925827684e+00	4.913565893152250119e+00	nan
nan	2.744099999999999909e+03	6.843000000000001304e-01	nan	1.350000000000000000e+03	1.920488116885053498e-01	1.842204515548432828e-02	1.808946912924684625e-02	7.106874891121478299e+00	4.861855807183369294e+00	nan
nan	2.756949999999999818e+03	6.866300000000001846e-01	nan	1.360000000000000000e+03	2.056387885004255511e-01	1.771922968570560988e-02	1.799028789581025647e-02	6.627655596220806800e+00	4.552179757891414269e+00	nan
nan	2.754849999999999909e+03	6.912500000000001421e-01	nan	1.370000000000000000e+03	2.022169860656163054e-01	1.802023669175228243e-02	1.810412354605329607e-02	6.793703412847631462e+00	4.695620782410953709e+00	nan
nan	2.732500000000000000e+03	6.828600000000000225e-01	nan	1.380000000000000000e+03	2.033559124195790102e-01	1.861447608597758402e-02	1.828285867258371694e-02	6.853060930115513649e+00	4.679029392445979596e+00	nan
nan	2.714750000000000000e+03	6.779499999999999416e-01	nan	1.390000000000000000e+03	2.026768645257675527e-01	1.831398284651446218e-02	1.816037442563717477e-02	6.908305145984146911e+00	4.684198177194894619e+00	nan
nan	2.679699999999999818e+03	6.717400000000000038e-01	nan	1.400000000000000000e+03	2.064650474233644672e-01	1.797524130372839257e-02	1.812244673199582892e-02	6.810752636323615050e+00	4.574386894945246418e+00	nan
nan	2.666500000000000000e+03	6.635000000000002007e-01	nan	1.410000000000000000e+03	2.105046458519154728e-01	1.788471306135188885e-02	1.815670271136455780e-02	6.728363504806212703e+00	4.460251411245335085e+00	nan
nan	2.674400000000000091e+03	6.674799999999999622e-01	nan	1.420000000000000000e+03	2.109511469929202521e-01	1.818293514900753277e-02	1.797529941098405942e-02	6.798526835695102299e+00	4.542368786419721971e+00	nan
nan	2.629750000000000000e+03	6.570300000000000029e-01	nan	1.430000000000000000e+03	2.152279096499000732e-01	1.876275155615478654e-02	1.813423575027832760e-02	6.678436382770239099e+00	4.387120377518463954e+00	nan
nan	2.626199999999999818e+03	6.581599999999999673e-01	nan	1.440000000000000000e+03	2.177099390304078896e-01	1.804144705246066641e-02	1.811584043976673802e-02	6.638970986722424250e+00	4.370192811461697247e+00	nan
nan	2.614849999999999909e+03	6.546899999999999942e-01	nan	1.450000000000000000e+03	2.155187154874397548e-01	1.738592101801662501e-02	1.815382681906502552e-02	6.767350976943793839e+00	4.427959319152046547e+00	nan
nan	2.591599999999999909e+03	6.458399999999998586e-01	nan	1.460000000000000000e+03	2.226696261547886080e-01	1.753374774490618071e-02	1.808244793670034725e-02	6.593520813889641730e+00	4.254993253403736908e+00	nan
nan	2.562900000000000091e+03	6.409799999999999942e-01	nan	1.470000000000000000e+03	2.253915887188895906e-01	1.731167694736383822e-02	1.823824683081301523e-02	6.554255961770374839e+00	4.200753190040774854e+00	nan
nan	2.584400000000000091e+03	6.465599999999999126e-01	nan	1.480000000000000000e+03	2.284005957108661278e-01	1.720718188658710429e-02	1.816690421354208093e-02	6.535090182951449833e+00	4.225813169416781534e+00	nan
nan	2.552500000000000000e+03	6.390599999999999614e-01	nan	1.490000000000000000e+03	2.243226177144947431e-01	1.747887427574785699e-02	1.820394824802288453e-02	6.683414467956737326e+00	4.270491196620548102e+00	nan
nan	2.550300000000000182e+03	6.346999999999998199e-01	nan	1.500000000000000000e+03	2.244752980651128493e-01	1.774386022815358649e-02	1.804364126555491749e-02	6.745714324973131504e+00	4.276834860923296233e+00	nan
nan	2.550500000000000000e+03	6.376199999999998536e-01	nan	1.510000000000000000e+03	2.296731045668138904e-01	1.808819096630488038e-02	1.824154332053774460e-02	6.596719236247548857e+00	4.206919507906210498e+00	nan
nan	2.542650000000000091e+03	6.322099999999999387e-01	nan	1.520000000000000000e+03	2.348067026355124542e-01	1.834761912178501167e-02	1.806623891267633564e-02	6.507094526213617947e+00	4.109199881129192100e+00	nan
nan	2.521050000000000182e+03	6.282100000000000461e-01	nan	1.530000000000000000e+03	2.304632938697295796e-01	1.840526191988030649e-02	1.814932576226334707e-02	6.761035987109361045e+00	4.238118788223951938e+00	nan
nan	2.521400000000000091e+03	6.303199999999999914e-01	nan	1.540000000000000000e+03	2.390074750353505806e-01	1.869309449765033798e-02	1.807547782915848097e-02	6.463161717230832437e+00	4.073663462830409365e+00	nan
nan	2.491900000000000091e+03	6.254999999999999449e-01	nan	1.550000000000000000e+03	2.334085437880162317e-01	1.861323151073865020e-02	1.808249932080287226e-02	6.692717360971743190e+00	4.181153429207079775e+00	nan
nan	2.476250000000000000e+03	6.192499999999999671e-01	nan	1.560000000000000000e+03	2.337986736094990192e-01	1.798193640116288461e-02	1.827829755129774941e-02	6.715424789053814791e+00	4.159688375515509406e+00	nan
nan	2.467099999999999909e+03	6.154999999999999361e-01	nan	1.570000000000000000e+03	2.425343418139732365e-01	1.775526420067435537e-02	1.809387026842656371e-02	6.520842503152435299e+00	4.012723604174414760e+00	nan
nan	2.450000000000000000e+03	6.121199999999998864e-01	nan	1.580000000000000000e+03	2.561006766308991933e-01	1.757636343408639987e-02	1.814293833521791674e-02	6.190860054081052333e+00	3.788584093289431909e+00	nan
nan	2.409400000000000091e+03	6.049999999999999822e-01	nan	1.590000000000000000e+03	2.545523247533879041e-01	1.790433447839875555e-02	1.814832975146861774e-02	6.278367567519588910e+00	3.798939552929645025e+00	nan
nan	2.410000000000000000e+03	6.020400000000001306e-01	nan	1.600000000000000000e+03	2.544939842550775211e-01	1.818126730881408984e-02	1.793398569202222376e-02	6.309471668515037379e+00	3.802741403561780142e+00	nan
nan	2.377599999999999909e+03	5.965199999999999392e-01	nan	1.610000000000000000e+03	2.564352006050171218e-01	1.815143037001449439e-02	1.823251548679164641e-02	6.332906818916738345e+00	3.776347143795541150e+00	nan
nan	2.364800000000000182e+03	5.927600000000000646e-01	nan	1.620000000000000000e+03	2.567216902341442619e-01	1.791652063409017448e-02	1.795861976747742048e-02	6.338148822908870272e+00	3.756959215941962249e+00	nan
nan	2.324099999999999909e+03	5.815799999999999859e-01	nan	1.630000000000000000e+03	2.589589881293022922e-01	1.841613995552645808e-02	1.812095686336571629e-02	6.403183569201519099e+00	3.724954016432820758e+00	nan
nan	2.334900000000000091e+03	5.836599999999999566e-01	nan	1.640000000000000000e+03	2.490233081625206069e-01	1.805415157517625477e-02	1.794019979315190222e-02	6.695901523450783266e+00	3.910081127220840447e+00	nan
nan	2.303500000000000000e+03	5.752599999999999936e-01	nan	1.650000000000000000e+03	2.573975541040794957e-01	1.834629482888819330e-02	1.806859165444218290e-02	6.482443737939978412e+00	3.732195130226932722e+00	nan
nan	2.283250000000000000e+03	5.700899999999999856e-01	nan	1.660000000000000000e+03	2.615946807805016872e-01	1.785896639735947908e-02	1.813898018743684282e-02	6.388067813170962062e+00	3.641301099423301046e+00	nan
nan	2.273849999999999909e+03	5.669700000000000850e-01	nan	1.670000000000000000e+03	2.660029499106144613e-01	1.783171092970971261e-02	1.805741136190101848e-02	6.324490526988414629e+00	3.586211044198228670e+00	nan
nan	2.261599999999999909e+03	5.632800000000001139e-01	nan	1.680000000000000000e+03	2.646995144163725167e-01	1.658083018021632923e-02	1.815619321879828954e-02	6.393720920613117364e+00	3.600053984307968413e+00	nan
nan	2.249500000000000000e+03	5.626599999999999380e-01	nan	1.690000000000000000e+03	2.809030291310818939e-01	1.801687257356885882e-02	1.822976029052169461e-02	6.038855696499817682e+00	3.400573833148487157e+00	nan
nan	2.223800000000000182e+03	5.577199999999999935e-01	nan	1.700000000000000000e+03	2.809052811660421867e-01	1.786353363922622145e-02	1.798130323560368643e-02	6.072323012704633705e+00	3.387218775455774100e+00	nan
nan	2.202000000000000000e+03	5.498000000000000664e-01	nan	1.710000000000000000e+03	2.846114998002576835e-01	1.698654482332477914e-02	1.818568635327268493e-02	6.026724134903323815e+00	3.311982618333730866e+00	nan
nan	2.197599999999999909e+03	5.490800000000000125e-01	nan	1.720000000000000000e+03	2.801052085728770180e-01	1.789238356932198321e-02	1.796184026701741487e-02	6.193978231347981200e+00	3.400656575361667766e+00	nan
nan	2.161099999999999909e+03	5.404599999999999405e-01	nan	1.730000000000000000e+03	2.875947084279346089e-01	1.776258376277493542e-02	1.838451346281635979e-02	6.043463524102624440e+00	3.266059017081707871e+00	nan
nan	2.148800000000000182e+03	5.394799999999999596e-01	nan	1.740000000000000000e+03	2.926869852601612365e-01	1.768097284313634512e-02	1.786788308973625422e-02	5.973530286268636580e+00	3.224844399301848963e+00	nan
nan	2.135500000000000000e+03	5.344600000000000461e-01	nan	1.750000000000000000e+03	2.791309647395337490e-01	1.837885064721456532e-02	1.803402991788089285e-02	6.323181476372576881e+00	3.381479629308282053e+00	nan
nan	2.102449999999999818e+03	5.264500000000000846e-01	nan	1.760000000000000000e+03	2.907634498590937477e-01	1.810208030682452368e-02	1.827863237416190931e-02	6.096523938451242408e+00	3.207649293954937697e+00	nan
nan	2.095599999999999909e+03	5.277600000000000069e-01	nan	1.770000000000000000e+03	2.965029093381644776e-01	1.810839451067716016e-02	1.799191305741796448e-02	6.008430543999258688e+00	3.174631092880578986e+00	nan
nan	2.072550000000000182e+03	5.158299999999998997e-01	nan	1.780000000000000000e+03	2.959946975626849275e-01	1.735786213691960234e-02	1.821978995398367343e-02	6.062337940397570790e+00	3.124671190772919438e+00	nan
nan	2.038299999999999955e+03	5.081800000000000761e-01	nan	1.790000000000000000e+03	3.034599684031377143e-01	1.817427533596300410e-02	1.800853206045549201e-02	5.945539732678586375e+00	3.021099756236499623e+00	nan
nan	2.020549999999999955e+03	5.038700000000000401e-01	nan	1.800000000000000000e+03	2.982605477653691994e-01	1.766778458264439688e-02	1.778221874095224642e-02	6.090937961402241640e+00	3.072929420254749466e+00	nan
nan	1.986900000000000091e+03	5.022999999999999687e-01	nan	1.810000000000000000e+03	3.031349471731800693e-01	1.724024761929440069e-02	1.786058871596204328e-02	5.997751810931482908e+00	3.012021559848656160e+00	nan
nan	1.972799999999999955e+03	4.949999999999999956e-01	nan	1.820000000000000000e+03	3.042921032859567387e-01	1.862090164187416366e-02	1.805551984367283549e-02	6.040052597050176608e+00	2.987501179279246077e+00	nan
nan	1.951349999999999909e+03	4.895100000000001117e-01	nan	1.830000000000000000e+03	3.037598914530235672e-01	1.763175413049274803e-02	1.808432528120083177e-02	6.041715921492898822e+00	2.956444859512515677e+00	nan
nan	1.936549999999999955e+03	4.860299999999999621e-01	nan	1.840000000000000000e+03	3.106674458499583125e-01	1.744728252296045418e-02	1.814748740308947533e-02	5.955022861421786828e+00	2.891929430024823500e+00	nan
nan	1.909450000000000045e+03	4.757699999999999152e-01	nan	1.850000000000000000e+03	3.176384339372475551e-01	1.737547464889762500e-02	1.815252247101399943e-02	5.854034166727915434e+00	2.786833891869432200e+00	nan
nan	1.879099999999999909e+03	4.732600000000000695e-01	nan	1.860000000000000000e+03	3.099443968173886677e-01	1.729573384615239878e-02	1.795449342463682416e-02	6.036865534320535964e+00	2.858434541068161749e+00	nan
nan	1.850000000000000000e+03	4.625600000000000267e-01	nan	1.870000000000000000e+03	3.059553965775421713e-01	1.700984739044777982e-02	1.819264882675682149e-02	6.256882370187614839e+00	2.891800004677348657e+00	nan
nan	1.830400000000000091e+03	4.585599999999999676e-01	nan	1.880000000000000000e+03	3.253298577077884945e-01	1.821178080176687197e-02	1.808001860514477435e-02	5.809289028278291411e+00	2.663515770175476582e+00	nan
nan	1.804200000000000045e+03	4.536400000000000432e-01	nan	1.890000000000000000e+03	3.237495590891740216e-01	1.817739938760757484e-02	1.800322303445819200e-02	5.934687574865865400e+00	2.692587641850198388e+00	nan
nan	1.771650000000000091e+03	4.432499999999999218e-01	nan	1.900000000000000000e+03	3.205297242996039131e-01	1.808874014500412575e-02	1.811304338976772385e-02	5.943954756776179238e+00	2.633498729059053467e+00	nan
nan	1.739700000000000045e+03	4.333000000000000185e-01	nan	1.910000000000000000e+03	3.209365809682253601e-01	1.812881857922660558e-02	1.770002039829435964e-02	6.011330790023807324e+00	2.599730414000002376e+00	nan
nan	1.718299999999999955e+03	4.271399999999999642e-01	nan	1.920000000000000000e+03	3.297847103443586891e-01	1.719962928026956550e-02	1.804127120784656396e-02	5.895956549443821970e+00	2.519890927756114785e+00	nan
nan	1.696349999999999909e+03	4.232299999999999396e-01	nan	1.930000000000000000e+03	3.361253210224163235e-01	1.774810993541422327e-02	1.808914259273111322e-02	5.760456146204941064e+00	2.439042787361364706e+00	nan
nan	1.647700000000000045e+03	4.130600000000000382e-01	nan	1.940000000000000000e+03	3.411253672620432331e-01	1.818319361310694049e-02	1.786919650482478999e-02	5.735470613702075227e+00	2.372294427354837421e+00	nan
nan	1.627700000000000045e+03	4.040599999999999747e-01	nan	1.950000000000000000e+03	3.274058868686779422e-01	1.751079617380994768e-02	1.819598951775185797e-02	6.007841735889855705e+00	2.425079975652869368e+00	nan
nan	1.597099999999999909e+03	4.001799999999999247e-01	nan	1.960000000000000000e+03	3.394195251100882160e-01	1.826663493089075371e-02	1.802683531530635194e-02	5.816924521765109546e+00	2.328990488912439982e+00	nan
nan	1.549000000000000000e+03	3.848399999999999599e-01	nan	1.970000000000000000e+03	3.451798557381380306e-01	1.735233349116094628e-02	1.792103141457895149e-02	5.765515520302831654e+00	2.218541198792717495e+00	nan
nan	1.508900000000000091e+03	3.765000000000000013e-01	nan	1.980000000000000000e+03	3.462759021697593420e-01	1.819708247021995309e-02	1.812564780367831307e-02	5.768095102704786648e+00	2.170318600265177089e+00	nan
nan	1.467099999999999909e+03	3.683799999999999297e-01	nan	1.990000000000000000e+03	3.312450130687921157e-01	1.736132672871068192e-02	1.780618569484090224e-02	6.043462465205076128e+00	2.227708940018550354e+00	nan
nan	1.423500000000000000e+03	3.549400000000000888e-01	nan	2.000000000000000000e+03	3.567581588467874099e-01	1.754153509593973578e-02	1.800732569954571413e-02	5.648552359744419604e+00	2.003405507120097351e+00	nan
nan	1.374849999999999909e+03	3.441700000000000315e-01	nan	2.010000000000000000e+03	3.503559053862090877e-01	1.690668665264971962e-02	1.765121938979960850e-02	5.777388630405217995e+00	1.989509171808137022e+00	nan
nan	1.310750000000000000e+03	3.282299999999999107e-01	nan	2.020000000000000000e+03	3.541583626912824800e-01	1.847057459088014345e-02	1.787252487253114183e-02	5.750371427501932864e+00	1.889451493732369869e+00	nan
nan	1.210250000000000000e+03	3.008500000000000618e-01	nan	2.030000000000000000e+03	3.398814340910689680e-01	1.806866048591130453e-02	1.767097182917390374e-02	6.064701651871979848e+00	1.822300747771012031e+00	nan
nan	9.362500000000000000e+02	2.342099999999999460e-01	nan	2.040000000000000000e+03	3.608628743586791421e-01	1.739794177919022633e-02	1.769639193200157543e-02	5.740051985151579217e+00	1.344628957504701461e+00	nan
nan	1.068299999999999955e+03	2.687799999999999634e-01	nan	2.050000000000000000e+03	3.585805423688953053e-01	1.767101335409309790e-02	1.773275985915313477e-02	5.756176229718539261e+00	1.548135049234608873e+00	nan
nan	1.087150000000000091e+03	2.731500000000000039e-01	nan	2.060000000000000000e+03	3.640301345436228186e-01	1.805504631884227371e-02	1.799400533734656776e-02	5.701621002109185099e+00	1.560111344060030714e+00	nan
nan	1.052849999999999909e+03	2.628099999999999326e-01	nan	2.070000000000000000e+03	3.439054236880565441e-01	1.633467297626569475e-02	1.782747189491354703e-02	6.133677998590853164e+00	1.616485577092835468e+00	nan
nan	1.001450000000000045e+03	2.484500000000000042e-01	nan	2.080000000000000000e+03	3.702658910946866055e-01	1.707393468017700394e-02	1.772601123440097765e-02	5.664562458159525526e+00	1.408252913058764433e+00	nan
nan	9.657999999999999545e+02	2.413199999999999790e-01	nan	2.090000000000000000e+03	3.544582392970596629e-01	1.747700425316011524e-02	1.773174152103925219e-02	5.957529805848849946e+00	1.438381691456910749e+00	nan
nan	8.836499999999999773e+02	2.201700000000000323e-01	nan	2.100000000000000000e+03	3.558641965634251614e-01	1.728043873864166385e-02	1.778016263144805917e-02	6.025043564701701548e+00	1.326668699036722021e+00	nan
nan	8.048999999999999773e+02	2.006199999999999650e-01	nan	2.110000000000000000e+03	3.627215077607843230e-01	1.743756485486669394e-02	1.770939754303654801e-02	5.932156404309017361e+00	1.190285929560764178e+00	nan
nan	7.692000000000000455e+02	1.913199999999999901e-01	nan	2.120000000000000000e+03	3.713608196642780857e-01	1.606373739525886885e-02	1.750993302316528749e-02	5.764039036089346091e+00	1.098937741103660048e+00	nan
nan	7.595499999999999545e+02	1.885899999999999799e-01	nan	2.130000000000000000e+03	3.734935337467504834e-01	1.637459355008855783e-02	1.688543829497404780e-02	5.763196943665295002e+00	1.087540848221211887e+00	nan
nan	7.073500000000000227e+02	1.765099999999999447e-01	nan	2.140000000000000000e+03	3.815493403881873857e-01	1.685702099158900222e-02	1.744209640749027831e-02	5.719239181843265740e+00	1.012709632095358359e+00	nan
nan	6.617999999999999545e+02	1.671199999999999908e-01	nan	2.150000000000000000e+03	3.744385000140709741e-01	1.707439292390168853e-02	1.744732502632042118e-02	5.920433457398170951e+00	9.879083757626950790e-01	nan
nan	6.212000000000000455e+02	1.551199999999999801e-01	nan	2.160000000000000000e+03	3.863499489526475150e-01	1.743230124230787242e-02	1.708613817692304290e-02	5.677311161727705446e+00	8.793329469399514542e-01	nan
nan	5.601000000000000227e+02	1.399400000000000088e-01	nan	2.170000000000000000e+03	3.830103780711852091e-01	1.798241730067930144e-02	1.741731394246134185e-02	5.737833703852765588e+00	8.028428927450643737e-01	nan
nan	5.125499999999999545e+02	1.264700000000000268e-01	nan	2.180000000000000000e+03	3.732556516689328197e-01	1.688917324784071014e-02	1.728904074773828653e-02	5.906895203812741357e+00	7.478238715321078312e-01	nan
nan	4.623000000000000114e+02	1.148600000000000038e-01	nan	2.190000000000000000e+03	3.582493691393665580e-01	1.666866486080170046e-02	1.670813398241934380e-02	6.542689458219035359e+00	7.455337234559155091e-01	nan
nan	3.864499999999999886e+02	9.800999999999999990e-02	nan	2.200000000000000000e+03	3.908324571039069606e-01	1.660030712350696325e-02	1.675443109030501018e-02	5.755566301355394820e+00	5.645126698602551674e-01	nan
nan	2.983999999999999773e+02	7.411999999999999145e-02	nan	2.210000000000000000e+03	3.868776938417712308e-01	1.816708288263269369e-02	1.623666671233063227e-02	5.819042488637642840e+00	4.313542194468623636e-01	nan
nan	2.245000000000000000e+02	5.585999999999999993e-02	nan	2.220000000000000000e+03	3.848598909042799110e-01	1.683115502868222715e-02	1.571350202017893216e-02	5.832724119342860725e+00	3.260053749134516621e-01	nan
nan	1.722500000000000000e+02	4.213000000000000078e-02	nan	2.230000000000000000e+03	3.615174988506161258e-01	1.637849059696739121e-02	1.563830515589071865e-02	6.330149369138560189e+00	2.676148861102383147e-01	nan
nan	1.571999999999999886e+02	3.876000000000000278e-02	nan	2.240000000000000000e+03	3.876607595003226381e-01	1.697640158653944409e-02	1.488623072926100258e-02	5.932287580174538277e+00	2.292618485932795824e-01	nan
nan	1.451500000000000057e+02	3.735000000000000819e-02	nan	2.250000000000000000e+03	3.650130011371598426e-01	1.842281955745601885e-02	1.611807151501046600e-02	6.566219116252104193e+00	2.429115032729929902e-01	nan
nan	1.387500000000000000e+02	3.547000000000000847e-02	nan	2.260000000000000000e+03	3.728013374319781303e-01	1.636930823179711531e-02	1.556342819759751195e-02	6.310361910761330684e+00	2.247297792910488978e-01	nan
nan	1.326999999999999886e+02	3.329999999999999627e-02	nan	2.270000000000000000e+03	3.640653361568312318e-01	1.649848572590837878e-02	1.434830255945340229e-02	7.974682017209174134e+00	2.636810332236085852e-01	nan
nan	1.282500000000000000e+02	3.241000000000000825e-02	nan	2.280000000000000000e+03	3.753910985781113707e-01	1.892736044400170417e-02	1.499692741389128947e-02	6.665763380219104306e+00	2.151161202777763237e-01	nan
nan	1.274500000000000028e+02	3.160999999999999921e-02	nan	2.290000000000000000e+03	3.972957111059961521e-01	1.697933129532060506e-02	1.428617860357860384e-02	5.921798292517487461e+00	1.876455853440665844e-01	nan
nan	1.284000000000000057e+02	3.203999999999999904e-02	nan	2.300000000000000000e+03	3.970688740708224196e-01	1.761106461746980364e-02	1.504695156595752849e-02	6.089526237391799768e+00	1.945016146358644060e-01	nan
nan	1.272999999999999972e+02	3.241999999999999743e-02	nan	2.310000000000000000e+03	4.052087516307471549e-01	1.801757383127552264e-02	1.509667465854347759e-02	5.801243485914469034e+00	1.889182128880848299e-01	nan
nan	1.336999999999999886e+02	3.286000000000000726e-02	nan	2.320000000000000000e+03	3.615568435314862050e-01	1.721846530628033320e-02	1.594354684847474127e-02	6.746496594935743829e+00	2.213174124085029448e-01	nan
nan	1.323499999999999943e+02	3.286999999999999644e-02	nan	2.330000000000000000e+03	3.732200939234095460e-01	1.588418924613437325e-02	1.475402998185627347e-02	6.986574663796647933e+00	2.307287069150778525e-01	nan
nan	1.376500000000000057e+02	3.364999999999999936e-02	nan	2.340000000000000000e+03	3.852320881798163565e-01	1.650428347909851240e-02	1.563059227880263941e-02	6.202576258608237580e+00	2.098227514120643844e-01	nan
nan	1.544000000000000057e+02	3.932000000000000772e-02	nan	2.350000000000000000e+03	3.731600937514528704e-01	1.778616495831417815e-02	1.578393040509320014e-02	6.385927146204700477e+00	2.499919649590687243e-01	nan
nan	1.674499999999999886e+02	4.269000000000000572e-02	nan	2.360000000000000000e+03	4.052275023323165248e-01	1.793716278914909631e-02	1.556627954403646576e-02	5.898486190730344525e+00	2.516163342884085163e-01	nan
nan	1.811999999999999886e+02	4.535999999999999754e-02	nan	2.370000000000000000e+03	4.050232870473244873e-01	1.688415164414134792e-02	1.550368746185576754e-02	5.950880460654254911e+00	2.691955456782542111e-01	nan
nan	2.030500000000000114e+02	5.109000000000000347e-02	nan	2.380000000000000000e+03	4.316966732014664854e-01	1.611750501792694537e-02	1.555004227633419688e-02	5.839668442760438616e+00	2.990977240914314272e-01	nan
nan	2.048000000000000114e+02	5.148000000000000492e-02	nan	2.390000000000000000e+03	4.251145584374871333e-01	1.827284945689721524e-02	1.504934329094781767e-02	5.690679154459024502e+00	2.929701465886394574e-01	nan
nan	2.273499999999999943e+02	5.718999999999999778e-02	nan	2.400000000000000000e+03	4.309353691526318642e-01	1.731180943162394237e-02	1.604910237062173034e-02	5.641075181015200890e+00	3.228962355024758701e-01	nan
nan	2.415000000000000000e+02	5.954000000000000264e-02	nan	2.410000000000000000e+03	4.281846764245910708e-01	1.695043249165407995e-02	1.583954044733835304e-02	5.713597773884713682e+00	3.397508605523514302e-01	nan
nan	2.571499999999999773e+02	6.478999999999998649e-02	nan	2.420000000000000000e+03	4.288959242630451252e-01	1.806787878179417356e-02	1.605330191602686446e-02	5.773553711496604457e+00	3.734813673775456144e-01	nan
nan	2.525500000000000114e+02	6.199000000000000343e-02	nan	2.430000000000000000e+03	4.301682317815004319e-01	1.767469971872757950e-02	1.574379306597544631e-02	5.775222218930555762e+00	3.583630656455906172e-01	nan
nan	2.695500000000000114e+02	6.878999999999999004e-02	nan	2.440000000000000000e+03	4.405551201305063502e-01	1.756521471350815447e-02	1.664391121263939302e-02	5.609780343888972176e+00	3.858815312854244617e-01	nan
nan	2.752500000000000000e+02	6.840999999999999859e-02	nan	2.450000000000000000e+03	4.460900509828162330e-01	1.692964534897210827e-02	1.599025349632188231e-02	5.531499779464249755e+00	3.787822311981740020e-01	nan
nan	2.746999999999999886e+02	6.869999999999999718e-02	nan	2.460000000000000000e+03	4.552127863760697113e-01	1.838342561392351110e-02	1.653423667069509051e-02	5.506967732315479758e+00	3.785352420531126749e-01	nan
nan	2.818000000000000114e+02	7.095999999999999530e-02	nan	2.470000000000000000e+03	4.489242617141304126e-01	1.723307171936492438e-02	1.621392758724691380e-02	5.557934873160968792e+00	3.938042043099085343e-01	nan
nan	2.841499999999999773e+02	7.143000000000000738e-02	nan	2.480000000000000000e+03	4.501144923975196610e-01	1.826821577088916931e-02	1.673707331618557587e-02	5.631229845503899156e+00	4.028790678082581067e-01	nan
nan	2.908000000000000114e+02	7.280000000000000360e-02	nan	2.490000000000000000e+03	4.393068945065051745e-01	1.811483126416846279e-02	1.593611599366807213e-02	5.750342782856108670e+00	4.183034362163449704e-01	nan
nan	3.044499999999999886e+02	7.585000000000000075e-02	nan	2.500000000000000000e+03	4.784931843266765905e-01	1.732262065774987578e-02	1.621920348630500469e-02	5.295622586879578542e+00	4.016606470876589730e-01	nan
nan	3.070000000000000000e+02	7.615999999999999159e-02	nan	2.510000000000000000e+03	4.547200191761752164e-01	1.763820650876533197e-02	1.614587031632861575e-02	5.585591251302551186e+00	4.247808724284280468e-01	nan
nan	3.166999999999999886e+02	7.933999999999999386e-02	nan	2.520000000000000000e+03	4.580975623196309465e-01	1.750916720318026684e-02	1.635121201347003797e-02	5.554225396710176454e+00	4.401933169239614640e-01	nan
nan	3.157500000000000000e+02	7.871000000000001606e-02	nan	2.530000000000000000e+03	4.597160760844314353e-01	1.785286132829886491e-02	1.616289434805050565e-02	5.633808905916308341e+00	4.423609814939464258e-01	nan
nan	3.151000000000000227e+02	7.954000000000002735e-02	nan	2.540000000000000000e+03	4.793905523431891136e-01	1.819982097534544874e-02	1.597901327789399972e-02	5.334641095718283488e+00	4.238827529223945234e-01	nan
nan	3.145000000000000000e+02	7.877999999999998892e-02	nan	2.550000000000000000e+03	4.493172036035490424e-01	1.738102889744191221e-02	1.617996185234487488e-02	5.830689785976951534e+00	4.594486202521658735e-01	nan
