 B4C 4.nm/Cr 6.nm/Pt at 1.2deg, P=0.
 Photon Energy (eV), Reflectivity, Transmission into substrate
   50.0000  0.953521  8.041477E-03
   59.9198  0.960176  5.302796E-03
   69.8397  0.964531  5.343282E-03
   79.7595  0.966580  4.320009E-03
   89.6794  0.966315  3.393524E-03
   99.5992  0.965028  2.903373E-03
   109.519  0.962790  2.728843E-03
   119.439  0.960177  2.602950E-03
   129.359  0.958018  2.804356E-03
   139.279  0.955726  3.306104E-03
   149.198  0.952737  4.118572E-03
   159.118  0.948913  5.274874E-03
   169.038  0.944002  6.823441E-03
   178.958  0.934956  9.197067E-03
   188.878  0.718255  1.296043E-02
   198.798  0.827768  8.181931E-03
   208.717  0.844624  7.937337E-03
   218.637  0.854294  7.983952E-03
   228.557  0.860646  8.091084E-03
   238.477  0.864972  8.201733E-03
   248.397  0.867969  8.270881E-03
   258.317  0.869888  8.410866E-03
   268.236  0.870579  8.620355E-03
   278.156  0.868318  9.094479E-03
   288.076  0.839676  8.951328E-03
   297.996  0.850063  8.619914E-03
   307.916  0.854783  8.638776E-03
   317.836  0.858090  8.740207E-03
   327.756  0.860652  8.883094E-03
   337.675  0.862745  9.048406E-03
   347.595  0.864601  9.221947E-03
   357.515  0.866235  9.425208E-03
   367.435  0.867596  9.646782E-03
   377.355  0.868790  9.874042E-03
   387.275  0.869913  1.008725E-02
   397.194  0.870953  1.023833E-02
   407.114  0.871926  1.038695E-02
   417.034  0.872594  1.060947E-02
   426.954  0.873004  1.086815E-02
   436.874  0.873236  1.116274E-02
   446.794  0.873318  1.148823E-02
   456.713  0.873255  1.185034E-02
   466.633  0.872998  1.226739E-02
   476.553  0.872499  1.275683E-02
   486.473  0.871679  1.333955E-02
   496.393  0.870469  1.404704E-02
   506.313  0.868766  1.491803E-02
   516.232  0.866346  1.605513E-02
   526.152  0.862895  1.761023E-02
   536.072  0.857713  1.986959E-02
   545.992  0.849709  2.312247E-02
   555.912  0.834735  2.876070E-02
   565.832  0.787038  4.673555E-02
   575.752  0.576535  4.317681E-02
   585.671  0.722071  1.616167E-02
   595.591  0.752217  1.290967E-02
   605.511  0.767620  1.147987E-02
   615.431  0.777655  1.065738E-02
   625.351  0.784723  1.014671E-02
   635.271  0.789260  9.839748E-03
   645.190  0.792355  9.578535E-03
   655.110  0.794823  9.355941E-03
   665.030  0.796244  9.207438E-03
   674.950  0.796832  9.054990E-03
   684.870  0.797278  8.868140E-03
   694.790  0.797911  8.673267E-03
   704.709  0.798704  8.481162E-03
   714.629  0.799735  8.293848E-03
   724.549  0.801211  8.078643E-03
   734.469  0.803652  7.851919E-03
   744.389  0.806203  7.695309E-03
   754.309  0.808490  7.581480E-03
   764.228  0.810450  7.486332E-03
   774.148  0.812204  7.395358E-03
   784.068  0.813786  7.293718E-03
   793.988  0.815235  7.197210E-03
   803.908  0.816598  7.110450E-03
   813.828  0.817903  7.032916E-03
   823.747  0.819173  6.960537E-03
   833.667  0.820684  6.886548E-03
   843.587  0.822285  6.832362E-03
   853.507  0.823880  6.797239E-03
   863.427  0.825281  6.777561E-03
   873.347  0.826546  6.769181E-03
   883.267  0.827699  6.769031E-03
   893.186  0.828751  6.776873E-03
   903.106  0.829557  6.789842E-03
   913.026  0.830298  6.803400E-03
   922.946  0.830995  6.817194E-03
   932.866  0.831664  6.829569E-03
   942.786  0.832321  6.842482E-03
   952.705  0.832965  6.856224E-03
   962.625  0.833678  6.875759E-03
   972.545  0.834375  6.898715E-03
   982.465  0.835037  6.926248E-03
   992.385  0.835611  6.961287E-03
   1002.30  0.836134  6.998031E-03
   1012.22  0.836544  7.037642E-03
   1022.14  0.836922  7.074823E-03
   1032.06  0.837282  7.110470E-03
   1041.98  0.837644  7.148641E-03
   1051.90  0.837997  7.188035E-03
   1061.82  0.838346  7.230145E-03
   1071.74  0.838659  7.275076E-03
   1081.66  0.838943  7.322877E-03
   1091.58  0.839225  7.371979E-03
   1101.50  0.839471  7.424234E-03
   1111.42  0.839691  7.478731E-03
   1121.34  0.839912  7.534526E-03
   1131.26  0.840089  7.593599E-03
   1141.18  0.840265  7.653803E-03
   1151.10  0.840404  7.717072E-03
   1161.02  0.840532  7.782240E-03
   1170.94  0.840650  7.848984E-03
   1180.86  0.840738  7.918682E-03
   1190.78  0.840833  7.988848E-03
   1200.70  0.840878  8.063054E-03
   1210.62  0.840937  8.137538E-03
   1220.54  0.840963  8.215499E-03
   1230.46  0.840984  8.293940E-03
   1240.38  0.840990  8.375514E-03
   1250.30  0.840973  8.459202E-03
   1260.22  0.840969  8.543100E-03
   1270.14  0.840950  8.629294E-03
   1280.06  0.840935  8.717619E-03
   1289.98  0.840905  8.807299E-03
   1299.90  0.840822  8.902955E-03
   1309.82  0.840747  8.999238E-03
   1319.74  0.840660  9.098662E-03
   1329.66  0.840540  9.201522E-03
   1339.58  0.840409  9.307116E-03
   1349.50  0.840274  9.415103E-03
   1359.42  0.840118  9.525768E-03
   1369.34  0.839944  9.640221E-03
   1379.26  0.839747  9.757459E-03
   1389.18  0.839531  9.878464E-03
   1399.10  0.839319  1.000164E-02
   1409.02  0.839072  1.012876E-02
   1418.94  0.838831  1.025728E-02
   1428.86  0.838561  1.039076E-02
   1438.78  0.838270  1.052831E-02
   1448.70  0.837972  1.066929E-02
   1458.62  0.837652  1.081446E-02
   1468.54  0.837335  1.096112E-02
   1478.46  0.837024  1.111059E-02
   1488.38  0.836711  1.126347E-02
   1498.30  0.836373  1.142332E-02
   1508.22  0.836033  1.158764E-02
   1518.14  0.835706  1.175257E-02
   1528.06  0.835322  1.192981E-02
   1537.98  0.834991  1.210238E-02
   1547.90  0.834583  1.228799E-02
   1557.82  0.834156  1.247842E-02
   1567.74  0.833732  1.267092E-02
   1577.66  0.833239  1.287628E-02
   1587.58  0.832779  1.308133E-02
   1597.49  0.832255  1.329801E-02
   1607.41  0.831767  1.351496E-02
   1617.33  0.831217  1.374262E-02
   1627.25  0.830658  1.397521E-02
   1637.17  0.830085  1.421595E-02
   1647.09  0.829474  1.446458E-02
   1657.01  0.828829  1.472469E-02
   1666.93  0.828201  1.498740E-02
   1676.85  0.827512  1.526312E-02
   1686.77  0.826819  1.554566E-02
   1696.69  0.826099  1.583805E-02
   1706.61  0.825340  1.614283E-02
   1716.53  0.824584  1.645290E-02
   1726.45  0.823787  1.677456E-02
   1736.37  0.822967  1.711159E-02
   1746.29  0.822151  1.745507E-02
   1756.21  0.821309  1.780870E-02
   1766.13  0.820405  1.818353E-02
   1776.05  0.819517  1.856436E-02
   1785.97  0.818531  1.897080E-02
   1795.89  0.817582  1.938618E-02
   1805.81  0.816545  1.982098E-02
   1815.73  0.815505  2.027590E-02
   1825.65  0.814398  2.075283E-02
   1835.57  0.813272  2.124684E-02
   1845.49  0.812065  2.177215E-02
   1855.41  0.810829  2.231915E-02
   1865.33  0.809566  2.288712E-02
   1875.25  0.808216  2.349571E-02
   1885.17  0.806807  2.413695E-02
   1895.09  0.805397  2.479424E-02
   1905.01  0.803848  2.550964E-02
   1914.93  0.802198  2.627783E-02
   1924.85  0.800559  2.706609E-02
   1934.77  0.798803  2.792242E-02
   1944.69  0.796921  2.885088E-02
   1954.61  0.794965  2.982141E-02
   1964.53  0.792901  3.087718E-02
   1974.45  0.790604  3.206336E-02
   1984.37  0.788251  3.330404E-02
   1994.29  0.785788  3.463772E-02
   2004.21  0.782939  3.622347E-02
   2014.13  0.779941  3.791637E-02
   2024.05  0.776744  3.973120E-02
   2033.97  0.772962  4.204104E-02
   2043.89  0.768796  4.462738E-02
   2053.81  0.764353  4.744340E-02
   2063.73  0.758445  5.140006E-02
   2073.65  0.751043  5.658585E-02
   2083.57  0.742758  6.259573E-02
   2093.49  0.722244  7.915976E-02
   2103.41  0.635140  0.166120
   2113.33  0.580844  0.242789
   2123.25  0.647148  0.188999
   2133.17  0.675295  0.151573
   2143.09  0.681777  0.143042
   2153.01  0.688822  0.134294
   2162.93  0.691481  0.130535
   2172.85  0.685189  0.136225
   2182.77  0.678789  0.142099
   2192.69  0.672180  0.148203
   2202.61  0.646782  0.190823
   2212.53  0.658833  0.173938
   2222.44  0.674846  0.154129
   2232.36  0.687991  0.138761
   2242.28  0.687992  0.137818
   2252.20  0.688061  0.136834
   2262.12  0.688114  0.135850
   2272.04  0.687445  0.135679
   2281.96  0.686243  0.136049
   2291.88  0.685038  0.136422
   2301.80  0.683776  0.136822
   2311.72  0.681974  0.137795
   2321.64  0.680211  0.138775
   2331.56  0.678351  0.139791
   2341.48  0.676371  0.140926
   2351.40  0.674120  0.142356
   2361.32  0.671902  0.143771
   2371.24  0.669621  0.145218
   2381.16  0.667178  0.146826
   2391.08  0.664546  0.148622
   2401.00  0.661883  0.150445
   2410.92  0.659115  0.152342
   2420.84  0.656299  0.154313
   2430.76  0.653382  0.156416
   2440.68  0.650255  0.158666
   2450.60  0.647158  0.160894
   2460.52  0.644016  0.163220
   2470.44  0.640655  0.165721
   2480.36  0.637204  0.168308
   2490.28  0.633800  0.170883
   2500.20  0.630240  0.173611
   2510.12  0.626377  0.176603
   2520.04  0.622588  0.179561
   2529.96  0.618721  0.182594
   2539.88  0.614698  0.185811
   2549.80  0.610279  0.189365
   2559.72  0.605892  0.192932
   2569.64  0.601545  0.196508
   2579.56  0.596660  0.200551
   2589.48  0.591453  0.205062
   2599.40  0.585900  0.209834
   2609.32  0.580349  0.214666
   2619.24  0.572976  0.221393
   2629.16  0.553274  0.241106
   2639.08  0.532285  0.262518
   2649.00  0.527525  0.272911
   2658.92  0.546731  0.251009
   2668.84  0.547307  0.249482
   2678.76  0.544739  0.251223
   2688.68  0.542328  0.252865
   2698.60  0.540081  0.254404
   2708.52  0.536817  0.256940
   2718.44  0.532980  0.260155
   2728.36  0.529112  0.263398
   2738.28  0.525187  0.266695
   2748.20  0.521326  0.270000
   2758.12  0.516818  0.273914
   2768.04  0.512409  0.277801
   2777.96  0.507988  0.281703
   2787.88  0.503677  0.285571
   2797.80  0.499305  0.289548
   2807.72  0.494552  0.293888
   2817.64  0.489811  0.298234
   2827.56  0.484975  0.302677
   2837.48  0.480343  0.307008
   2847.39  0.475117  0.311894
   2857.31  0.470123  0.316622
   2867.23  0.465307  0.321255
   2877.15  0.460182  0.326157
   2887.07  0.455099  0.331111
   2896.99  0.449916  0.336194
   2906.91  0.444632  0.341409
   2916.83  0.439361  0.346633
   2926.75  0.433957  0.352029
   2936.67  0.428526  0.357529
   2946.59  0.423018  0.363173
   2956.51  0.417298  0.369047
   2966.43  0.411751  0.374796
   2976.35  0.405992  0.380779
   2986.27  0.398268  0.389054
   2996.19  0.390140  0.397793
   3006.11  0.382221  0.406389
   3016.03  0.374169  0.415191
   3025.95  0.356885  0.434508
   3035.87  0.352151  0.442471
   3045.79  0.352233  0.442179
   3055.71  0.352526  0.441758
   3065.63  0.352958  0.441219
   3075.55  0.352477  0.441756
   3085.47  0.347929  0.446896
   3095.39  0.343500  0.451989
   3105.31  0.339332  0.456891
   3115.23  0.335074  0.461888
   3125.15  0.330606  0.467156
   3135.07  0.326076  0.472549
   3144.99  0.321458  0.478089
   3154.91  0.317307  0.483242
   3164.83  0.312836  0.488703
   3174.75  0.308393  0.494181
   3184.67  0.303978  0.499773
   3194.59  0.299577  0.505343
   3204.51  0.295200  0.510932
   3214.43  0.290849  0.516536
   3224.35  0.286528  0.522155
   3234.27  0.281761  0.528341
   3244.19  0.277208  0.534361
   3254.11  0.272485  0.540594
   3264.03  0.267856  0.546747
   3273.95  0.263491  0.552687
   3283.87  0.253422  0.565357
   3293.79  0.240773  0.581199
   3303.71  0.237822  0.586807
   3313.63  0.239593  0.585633
   3323.55  0.241419  0.584396
   3333.47  0.241873  0.584881
   3343.39  0.239070  0.589236
   3353.31  0.236492  0.593330
   3363.23  0.233840  0.597546
   3373.15  0.231342  0.601653
   3383.07  0.228800  0.605804
   3392.99  0.226182  0.610079
   3402.91  0.223571  0.614412
   3412.83  0.221023  0.618659
   3422.75  0.218420  0.623005
   3432.67  0.215960  0.627200
   3442.59  0.213598  0.631315
   3452.51  0.211086  0.635620
   3462.42  0.208755  0.639732
   3472.34  0.206465  0.643817
   3482.26  0.204214  0.647875
   3492.18  0.202001  0.651904
   3502.10  0.199828  0.655904
   3512.02  0.197587  0.659972
   3521.94  0.195480  0.663920
   3531.86  0.193409  0.667840
   3541.78  0.191361  0.671698
   3551.70  0.189529  0.675323
   3561.62  0.187413  0.679290
   3571.54  0.185613  0.682924
   3581.46  0.183674  0.686685
   3591.38  0.181776  0.690407
   3601.30  0.179883  0.694121
   3611.22  0.178170  0.697587
   3621.14  0.176314  0.701257
   3631.06  0.174639  0.704717
   3640.98  0.172797  0.708324
   3650.90  0.171143  0.711750
   3660.82  0.169481  0.715136
   3670.74  0.167846  0.718528
   3680.66  0.166037  0.722075
   3690.58  0.164396  0.725417
   3700.50  0.162730  0.728770
   3710.42  0.161093  0.732086
   3720.34  0.159625  0.735194
   3730.26  0.157993  0.738482
   3740.18  0.156362  0.741756
   3750.10  0.154850  0.744863
   3760.02  0.153145  0.748144
   3769.94  0.151671  0.751191
   3779.86  0.150121  0.754261
   3789.78  0.148468  0.757483
   3799.70  0.146902  0.760539
   3809.62  0.145407  0.763545
   3819.54  0.143822  0.766586
   3829.46  0.142227  0.769621
   3839.38  0.140620  0.772651
   3849.30  0.139174  0.775477
   3859.22  0.137545  0.778492
   3869.14  0.136077  0.781304
   3879.06  0.134425  0.784306
   3888.98  0.133018  0.787028
   3898.90  0.131345  0.790012
   3908.82  0.129833  0.792794
   3918.74  0.128210  0.795635
   3928.66  0.126675  0.798401
   3938.58  0.125117  0.801146
   3948.50  0.123562  0.803893
   3958.42  0.122064  0.806513
   3968.34  0.120582  0.809156
   3978.26  0.118894  0.811948
   3988.18  0.117367  0.814539
   3998.10  0.115757  0.817222
   4008.02  0.114320  0.819714
   4017.94  0.112863  0.822186
   4027.86  0.111306  0.824733
   4037.78  0.109744  0.827267
   4047.70  0.108106  0.829881
   4057.62  0.106700  0.832205
   4067.54  0.105113  0.834691
   4077.46  0.103538  0.837164
   4087.37  0.102054  0.839535
   4097.29  0.100728  0.841715
   4107.21  9.904803E-02  0.844217
   4117.13  9.772038E-02  0.846364
   4127.05  9.604698E-02  0.848827
   4136.97  9.472148E-02  0.850938
   4146.89  9.329557E-02  0.853112
   4156.81  9.189001E-02  0.855266
   4166.73  9.047171E-02  0.857401
   4176.65  8.915769E-02  0.859436
   4186.57  8.774957E-02  0.861531
   4196.49  8.627038E-02  0.863678
   4206.41  8.487778E-02  0.865728
   4216.33  8.363541E-02  0.867603
   4226.25  8.225845E-02  0.869610
   4236.17  8.105262E-02  0.871434
   4246.09  7.969486E-02  0.873394
   4256.01  7.848394E-02  0.875185
   4265.93  7.714742E-02  0.877097
   4275.85  7.586687E-02  0.878917
   4285.77  7.468612E-02  0.880641
   4295.69  7.351552E-02  0.882343
   4305.61  7.235581E-02  0.884022
   4315.53  7.120735E-02  0.885679
   4325.45  6.999613E-02  0.887369
   4335.37  6.899692E-02  0.888849
   4345.29  6.788564E-02  0.890437
   4355.21  6.670756E-02  0.892070
   4365.13  6.574190E-02  0.893486
   4375.05  6.459263E-02  0.895071
   4384.97  6.365086E-02  0.896445
   4394.89  6.264529E-02  0.897862
   4404.81  6.161475E-02  0.899313
   4414.73  6.067242E-02  0.900652
   4424.65  5.970667E-02  0.902005
   4434.57  5.875519E-02  0.903336
   4444.49  5.788700E-02  0.904587
   4454.41  5.696326E-02  0.905875
   4464.33  5.605419E-02  0.907141
   4474.25  5.515982E-02  0.908386
   4484.17  5.438095E-02  0.909505
   4494.09  5.359784E-02  0.910635
   4504.01  5.274360E-02  0.911819
   4513.93  5.200103E-02  0.912883
   4523.85  5.127073E-02  0.913929
   4533.77  5.045856E-02  0.915053
   4543.69  4.976470E-02  0.916050
   4553.61  4.892258E-02  0.917185
   4563.53  4.824334E-02  0.918157
   4573.45  4.757640E-02  0.919112
   4583.37  4.692532E-02  0.920046
   4593.29  4.628113E-02  0.920967
   4603.21  4.559763E-02  0.921917
   4613.13  4.497865E-02  0.922805
   4623.05  4.436872E-02  0.923678
   4632.97  4.380610E-02  0.924492
   4642.89  4.322104E-02  0.925332
   4652.81  4.264018E-02  0.926164
   4662.73  4.211072E-02  0.926933
   4672.65  4.154840E-02  0.927738
   4682.57  4.104006E-02  0.928478
   4692.48  4.050899E-02  0.929245
   4702.40  4.000827E-02  0.929970
   4712.32  3.957265E-02  0.930632
   4722.24  3.901449E-02  0.931410
   4732.16  3.859703E-02  0.932048
   4742.08  3.814947E-02  0.932707
   4752.00  3.769154E-02  0.933373
   4761.92  3.730017E-02  0.933975
   4771.84  3.685791E-02  0.934620
   4781.76  3.644693E-02  0.935231
   4791.68  3.602063E-02  0.935854
   4801.60  3.566161E-02  0.936413
   4811.52  3.531693E-02  0.936948
   4821.44  3.493942E-02  0.937515
   4831.36  3.454204E-02  0.938099
   4841.28  3.424585E-02  0.938579
   4851.20  3.386219E-02  0.939144
   4861.12  3.357979E-02  0.939606
   4871.04  3.320929E-02  0.940154
   4880.96  3.290741E-02  0.940630
   4890.88  3.264388E-02  0.941066
   4900.80  3.229148E-02  0.941589
   4910.72  3.204025E-02  0.942009
   4920.64  3.175956E-02  0.942455
   4930.56  3.148344E-02  0.942895
   4940.48  3.124833E-02  0.943293
   4950.40  3.098159E-02  0.943720
   4960.32  3.075670E-02  0.944104
   4970.24  3.049885E-02  0.944518
   4980.16  3.022211E-02  0.944946
   4990.08  3.001167E-02  0.945311
   5000.00  2.976656E-02  0.945707
