 Rh 30.nm on Si at 1.2deg, P=0.
 Photon Energy (eV), Reflectivity, Transmission into substrate
   40.0000  0.942324  2.327115E-06
   48.9379  0.922459  1.112821E-06
   57.8758  0.934054  7.883548E-08
   66.8136  0.948420  1.555384E-08
   75.7515  0.960449  6.173645E-09
   84.6894  0.972415  9.249904E-09
   93.6273  0.979683  6.972036E-08
   102.565  0.983997  2.746158E-07
   111.503  0.987720  5.268631E-07
   120.441  0.989154  8.784942E-07
   129.379  0.987551  1.262275E-06
   138.317  0.984422  1.588914E-06
   147.255  0.980225  2.131402E-06
   156.192  0.974619  2.551303E-06
   165.130  0.968367  3.028866E-06
   174.068  0.961414  2.982782E-06
   183.006  0.955544  3.120053E-06
   191.944  0.949657  3.384056E-06
   200.882  0.943420  3.634242E-06
   209.820  0.937120  3.937514E-06
   218.758  0.930351  4.267397E-06
   227.695  0.923602  4.559532E-06
   236.633  0.916972  4.963519E-06
   245.571  0.910575  5.506168E-06
   254.509  0.903373  6.373518E-06
   263.447  0.894725  7.625404E-06
   272.385  0.884943  9.606398E-06
   281.323  0.871972  1.304857E-05
   290.261  0.852133  1.956644E-05
   299.198  0.822435  3.238860E-05
   308.136  0.770282  6.512627E-05
   317.074  0.670775  1.511973E-04
   326.012  0.566867  2.429196E-04
   334.950  0.557816  1.360103E-04
   343.888  0.576771  5.903717E-05
   352.826  0.601764  2.224281E-05
   361.764  0.624701  8.743847E-06
   370.701  0.641271  4.117538E-06
   379.639  0.654014  2.171729E-06
   388.577  0.663121  1.315040E-06
   397.515  0.668490  8.836486E-07
   406.453  0.673267  5.973551E-07
   415.391  0.678440  3.995962E-07
   424.329  0.683941  2.707911E-07
   433.267  0.688877  1.902434E-07
   442.204  0.692637  1.416747E-07
   451.142  0.695307  1.092159E-07
   460.080  0.697564  8.540984E-08
   469.018  0.699513  6.747789E-08
   477.956  0.701222  5.375753E-08
   486.894  0.702876  4.282847E-08
   495.832  0.704746  3.391045E-08
   504.770  0.707340  2.632539E-08
   513.707  0.710866  2.045991E-08
   522.645  0.713841  1.675472E-08
   531.583  0.716001  1.411243E-08
   540.521  0.717892  1.201918E-08
   549.459  0.719572  1.037289E-08
   558.397  0.720944  9.084982E-09
   567.335  0.721886  8.077230E-09
   576.273  0.722543  7.193125E-09
   585.210  0.723156  6.382290E-09
   594.148  0.723863  5.637159E-09
   603.086  0.724707  4.960031E-09
   612.024  0.725727  4.347771E-09
   620.962  0.727060  3.782829E-09
   629.900  0.728918  3.263384E-09
   638.838  0.731418  2.818888E-09
   647.776  0.734407  2.472442E-09
   656.713  0.736887  2.252798E-09
   665.651  0.738847  2.092321E-09
   674.589  0.740324  1.965379E-09
   683.527  0.741488  1.854780E-09
   692.465  0.742557  1.749759E-09
   701.403  0.743740  1.647052E-09
   710.341  0.745082  1.557122E-09
   719.279  0.746379  1.482915E-09
   728.216  0.747585  1.421083E-09
   737.154  0.748681  1.367936E-09
   746.092  0.749667  1.322537E-09
   755.030  0.750606  1.281583E-09
   763.968  0.751517  1.244373E-09
   772.906  0.752412  1.210447E-09
   781.844  0.753309  1.181231E-09
   790.782  0.754175  1.155893E-09
   799.719  0.755006  1.133857E-09
   808.657  0.755760  1.114388E-09
   817.595  0.756470  1.097497E-09
   826.533  0.757153  1.082533E-09
   835.471  0.757798  1.069868E-09
   844.409  0.758427  1.059180E-09
   853.347  0.759048  1.049960E-09
   862.285  0.759651  1.042860E-09
   871.222  0.760228  1.037811E-09
   880.160  0.760791  1.034170E-09
   889.098  0.761310  1.032600E-09
   898.036  0.761814  1.031647E-09
   906.974  0.762302  1.030693E-09
   915.912  0.762778  1.030253E-09
   924.850  0.763263  1.030573E-09
   933.788  0.763771  1.032998E-09
   942.725  0.764264  1.036880E-09
   951.663  0.764747  1.042071E-09
   960.601  0.765199  1.049656E-09
   969.539  0.765644  1.058144E-09
   978.477  0.766058  1.068446E-09
   987.415  0.766466  1.079834E-09
   996.353  0.766864  1.092510E-09
   1005.29  0.767262  1.106345E-09
   1014.23  0.767659  1.121097E-09
   1023.17  0.768089  1.138414E-09
   1032.10  0.768528  1.157020E-09
   1041.04  0.768939  1.178638E-09
   1049.98  0.769346  1.201593E-09
   1058.92  0.769726  1.227772E-09
   1067.86  0.770096  1.255865E-09
   1076.79  0.770437  1.286693E-09
   1085.73  0.770768  1.319763E-09
   1094.67  0.771074  1.357832E-09
   1103.61  0.771371  1.398250E-09
   1112.55  0.771647  1.443320E-09
   1121.48  0.771914  1.491517E-09
   1130.42  0.772163  1.543261E-09
   1139.36  0.772403  1.598849E-09
   1148.30  0.772624  1.658868E-09
   1157.23  0.772838  1.723345E-09
   1166.17  0.773036  1.793032E-09
   1175.11  0.773229  1.868322E-09
   1184.05  0.773404  1.949930E-09
   1192.99  0.773576  2.037730E-09
   1201.92  0.773728  2.134166E-09
   1210.86  0.773878  2.238335E-09
   1219.80  0.774010  2.352448E-09
   1228.74  0.774137  2.477212E-09
   1237.68  0.774249  2.614971E-09
   1246.61  0.774354  2.767014E-09
   1255.55  0.774447  2.934663E-09
   1264.49  0.774528  3.122659E-09
   1273.43  0.774603  3.331347E-09
   1282.36  0.774664  3.568077E-09
   1291.30  0.774722  3.835514E-09
   1300.24  0.774767  4.141351E-09
   1309.18  0.774808  4.495051E-09
   1318.12  0.774840  4.907026E-09
   1327.05  0.774862  5.395944E-09
   1335.99  0.774880  5.984463E-09
   1344.93  0.774886  6.701716E-09
   1353.87  0.774890  7.596991E-09
   1362.81  0.774883  8.741867E-09
   1371.74  0.774872  1.023362E-08
   1380.68  0.774854  1.217964E-08
   1389.62  0.774826  1.472573E-08
   1398.56  0.774793  1.787556E-08
   1407.49  0.774751  2.151259E-08
   1416.43  0.774704  2.545445E-08
   1425.37  0.774651  2.956767E-08
   1434.31  0.774591  3.381959E-08
   1443.25  0.774527  3.815415E-08
   1452.18  0.774465  4.260394E-08
   1461.12  0.774401  4.714936E-08
   1470.06  0.774334  5.180373E-08
   1479.00  0.774278  5.663952E-08
   1487.94  0.774218  6.158847E-08
   1496.87  0.774175  6.676862E-08
   1505.81  0.774157  7.215672E-08
   1514.75  0.774135  7.776558E-08
   1523.69  0.774099  8.363300E-08
   1532.63  0.774055  8.980499E-08
   1541.56  0.774006  9.622925E-08
   1550.50  0.773934  1.030395E-07
   1559.44  0.773857  1.101469E-07
   1568.38  0.773773  1.176331E-07
   1577.31  0.773673  1.255300E-07
   1586.25  0.773568  1.337902E-07
   1595.19  0.773454  1.425118E-07
   1604.13  0.773329  1.517410E-07
   1613.07  0.773198  1.614413E-07
   1622.00  0.773057  1.716423E-07
   1630.94  0.772906  1.824697E-07
   1639.88  0.772750  1.938622E-07
   1648.82  0.772582  2.058941E-07
   1657.76  0.772403  2.186894E-07
   1666.69  0.772218  2.321345E-07
   1675.63  0.772022  2.463456E-07
   1684.57  0.771817  2.614884E-07
   1693.51  0.771605  2.774179E-07
   1702.44  0.771387  2.942619E-07
   1711.38  0.771162  3.122072E-07
   1720.32  0.770930  3.310987E-07
   1729.26  0.770706  3.511050E-07
   1738.20  0.770489  3.726318E-07
   1747.13  0.770267  3.953522E-07
   1756.07  0.770036  4.193855E-07
   1765.01  0.769797  4.454917E-07
   1773.95  0.769551  4.730980E-07
   1782.89  0.769297  5.022700E-07
   1791.82  0.769031  5.345794E-07
   1800.76  0.768757  5.690228E-07
   1809.70  0.768476  6.053284E-07
   1818.64  0.768175  6.551834E-07
   1827.58  0.767867  7.179709E-07
   1836.51  0.767550  7.773994E-07
   1845.45  0.767215  6.984957E-07
   1854.39  0.766868  7.310360E-07
   1863.33  0.766512  7.666782E-07
   1872.26  0.766143  8.071299E-07
   1881.20  0.765756  8.502507E-07
   1890.14  0.765361  8.959462E-07
   1899.08  0.764956  9.477401E-07
   1908.02  0.764531  1.003315E-06
   1916.95  0.764096  1.062504E-06
   1925.89  0.763651  1.126293E-06
   1934.83  0.763190  1.195182E-06
   1943.77  0.762714  1.268850E-06
   1952.71  0.762227  1.347601E-06
   1961.64  0.761729  1.432438E-06
   1970.58  0.761206  1.523626E-06
   1979.52  0.760673  1.621144E-06
   1988.46  0.760128  1.725695E-06
   1997.39  0.759558  1.837866E-06
   2006.33  0.758962  1.957749E-06
   2015.27  0.758354  2.086118E-06
   2024.21  0.757734  2.223764E-06
   2033.15  0.757137  2.372420E-06
   2042.08  0.756531  2.531837E-06
   2051.02  0.755912  2.702667E-06
   2059.96  0.755276  2.886575E-06
   2068.90  0.754613  3.085441E-06
   2077.84  0.753936  3.298908E-06
   2086.77  0.753245  3.528343E-06
   2095.71  0.752534  3.775940E-06
   2104.65  0.751802  4.043292E-06
   2113.59  0.751055  4.330805E-06
   2122.53  0.750291  4.640574E-06
   2131.46  0.749502  4.976067E-06
   2140.40  0.748691  5.338424E-06
   2149.34  0.747863  5.728899E-06
   2158.28  0.747017  6.150143E-06
   2167.21  0.746135  6.608328E-06
   2176.15  0.745232  7.103300E-06
   2185.09  0.744309  7.638117E-06
   2194.03  0.743365  8.215951E-06
   2202.97  0.742385  8.846725E-06
   2211.90  0.741383  9.529501E-06
   2220.84  0.740357  1.026856E-05
   2229.78  0.739309  1.106889E-05
   2238.72  0.738215  1.194564E-05
   2247.66  0.737095  1.289672E-05
   2256.59  0.735950  1.392889E-05
   2265.53  0.734778  1.504949E-05
   2274.47  0.733554  1.628040E-05
   2283.41  0.732300  1.761984E-05
   2292.34  0.731017  1.907696E-05
   2301.28  0.729703  2.066377E-05
   2310.22  0.728332  2.241136E-05
   2319.16  0.726923  2.432096E-05
   2328.10  0.725480  2.640486E-05
   2337.03  0.724000  2.868091E-05
   2345.97  0.722459  3.119144E-05
   2354.91  0.720866  3.395032E-05
   2363.85  0.719233  3.697102E-05
   2372.79  0.717556  4.028089E-05
   2381.72  0.715816  4.393508E-05
   2390.66  0.714005  4.797963E-05
   2399.60  0.712146  5.242478E-05
   2408.54  0.710234  5.731347E-05
   2417.47  0.708262  6.270730E-05
   2426.41  0.706188  6.873346E-05
   2435.35  0.704054  7.538326E-05
   2444.29  0.701858  8.272781E-05
   2453.23  0.699597  9.084460E-05
   2462.16  0.697216  9.995460E-05
   2471.10  0.694747  1.100937E-04
   2480.04  0.692200  1.213435E-04
   2488.98  0.689573  1.338370E-04
   2497.92  0.686832  1.478206E-04
   2506.85  0.683943  1.636038E-04
   2515.79  0.680957  1.812083E-04
   2524.73  0.677869  2.008650E-04
   2533.67  0.674673  2.228302E-04
   2542.61  0.671269  2.478922E-04
   2551.54  0.667721  2.761293E-04
   2560.48  0.664040  3.078498E-04
   2569.42  0.660219  3.435166E-04
   2578.36  0.656215  3.839290E-04
   2587.29  0.651930  4.305016E-04
   2596.23  0.647471  4.831750E-04
   2605.17  0.642826  5.428443E-04
   2614.11  0.637983  6.104708E-04
   2623.05  0.632804  6.887424E-04
   2631.98  0.627295  7.791322E-04
   2640.92  0.621533  8.823555E-04
   2649.86  0.615500  1.000351E-03
   2658.80  0.609180  1.135400E-03
   2667.74  0.602272  1.295471E-03
   2676.67  0.594956  1.481069E-03
   2685.61  0.587261  1.695329E-03
   2694.55  0.579161  1.942796E-03
   2703.49  0.570617  2.229393E-03
   2712.42  0.561081  2.577815E-03
   2721.36  0.551006  2.984086E-03
   2730.30  0.540355  3.458428E-03
   2739.24  0.529094  4.012388E-03
   2748.18  0.517075  4.665045E-03
   2757.11  0.503555  5.472689E-03
   2766.05  0.489245  6.424375E-03
   2774.99  0.474120  7.545730E-03
   2783.93  0.458168  8.864489E-03
   2792.87  0.441140  1.043525E-02
   2801.80  0.421882  1.241527E-02
   2810.74  0.401788  1.475356E-02
   2819.68  0.380983  1.749953E-02
   2828.62  0.359656  2.070239E-02
   2837.56  0.337755  2.445815E-02
   2846.49  0.313381  2.925701E-02
   2855.43  0.289682  3.475492E-02
   2864.37  0.267259  4.094526E-02
   2873.31  0.246725  4.778651E-02
   2882.24  0.228628  5.519749E-02
   2891.18  0.210423  6.463418E-02
   2900.12  0.196604  7.448135E-02
   2909.06  0.187036  8.444623E-02
   2918.00  0.181044  9.431420E-02
   2926.93  0.177672  0.103942
   2935.87  0.174895  0.116632
   2944.81  0.172109  0.129800
   2953.75  0.167487  0.142606
   2962.69  0.159956  0.155383
   2971.62  0.149351  0.168414
   2980.56  9.248565E-02  0.216431
   2989.50  2.747062E-02  0.297830
   2998.44  2.305274E-02  0.350255
   3007.37  2.618921E-02  3.204161E-02
   3016.31  4.727950E-02  2.056904E-02
   3025.25  8.455373E-02  1.138971E-02
   3034.19  8.744021E-02  1.118352E-02
   3043.13  9.038828E-02  1.097718E-02
   3052.06  9.339806E-02  1.077072E-02
   3061.00  9.646546E-02  1.056477E-02
   3069.94  9.958992E-02  1.035903E-02
   3078.88  9.981563E-02  1.058401E-02
   3087.82  9.806465E-02  1.111630E-02
   3096.75  9.633068E-02  1.166816E-02
   3105.69  9.461473E-02  1.224031E-02
   3114.63  9.291701E-02  1.283267E-02
   3123.57  9.040558E-02  1.360292E-02
   3132.51  6.786600E-02  1.928484E-02
   3141.44  5.162419E-02  2.576828E-02
   3150.38  5.450432E-02  8.336369E-03
   3159.32  6.681844E-02  6.644727E-03
   3168.26  8.190583E-02  5.136959E-03
   3177.19  9.331977E-02  4.311935E-03
   3186.13  9.472077E-02  4.324912E-03
   3195.07  9.612778E-02  4.338111E-03
   3204.01  9.753813E-02  4.351636E-03
   3212.95  9.895259E-02  4.365535E-03
   3221.88  0.100370  4.379686E-03
   3230.82  0.100903  4.459719E-03
   3239.76  0.100926  4.579403E-03
   3248.70  0.100940  4.702531E-03
   3257.64  0.100944  4.829086E-03
   3266.57  0.100939  4.959187E-03
   3275.51  0.100924  5.092838E-03
   3284.45  0.100380  5.274877E-03
   3293.39  9.970555E-02  5.474046E-03
   3302.32  9.902885E-02  5.679873E-03
   3311.26  9.834997E-02  5.892510E-03
   3320.20  9.766953E-02  6.112128E-03
   3329.14  9.698761E-02  6.338997E-03
   3338.08  9.563240E-02  6.644960E-03
   3347.01  9.419794E-02  6.973401E-03
   3355.95  9.278434E-02  7.314353E-03
   3364.89  9.139249E-02  7.668178E-03
   3373.83  9.002278E-02  8.034854E-03
   3382.77  8.867621E-02  8.414937E-03
   3391.70  8.087790E-02  9.814344E-03
   3400.64  7.291515E-02  1.153931E-02
   3409.58  6.596161E-02  1.340863E-02
   3418.52  6.994291E-02  7.268934E-03
   3427.45  7.630444E-02  6.582680E-03
   3436.39  8.323169E-02  5.925727E-03
   3445.33  8.535002E-02  5.841797E-03
   3454.27  8.545837E-02  5.973902E-03
   3463.21  8.556058E-02  6.109132E-03
   3472.14  8.565608E-02  6.247584E-03
   3481.08  8.574494E-02  6.389328E-03
   3490.02  8.582664E-02  6.534449E-03
   3498.96  8.566066E-02  6.712294E-03
   3507.90  8.525008E-02  6.924928E-03
   3516.83  8.484005E-02  7.143329E-03
   3525.77  8.443028E-02  7.367708E-03
   3534.71  8.402163E-02  7.598305E-03
   3543.65  8.361407E-02  7.834997E-03
   3552.59  8.317824E-02  8.082663E-03
   3561.52  8.260570E-02  8.358489E-03
   3570.46  8.203970E-02  8.642130E-03
   3579.40  8.147979E-02  8.933409E-03
   3588.34  8.092670E-02  9.232739E-03
   3597.27  8.038072E-02  9.540099E-03
   3606.21  7.984181E-02  9.855463E-03
   3615.15  7.924082E-02  1.019282E-02
   3624.09  7.862649E-02  1.054373E-02
   3633.03  7.802281E-02  1.090392E-02
   3641.96  7.742970E-02  1.127344E-02
   3650.90  7.684736E-02  1.165245E-02
   3659.84  7.627591E-02  1.204104E-02
   3668.78  7.570224E-02  1.244252E-02
   3677.72  7.509412E-02  1.286542E-02
   3686.65  7.449868E-02  1.329882E-02
   3695.59  7.391543E-02  1.374272E-02
   3704.53  7.334429E-02  1.419727E-02
   3713.47  7.278451E-02  1.466271E-02
   3722.40  7.223653E-02  1.513879E-02
   3731.34  7.167611E-02  1.563333E-02
   3740.28  7.111011E-02  1.614480E-02
   3749.22  7.055542E-02  1.666749E-02
   3758.16  7.001100E-02  1.720201E-02
   3767.09  6.947664E-02  1.774791E-02
   3776.03  6.895097E-02  1.830573E-02
   3784.97  6.843389E-02  1.887502E-02
   3793.91  6.789899E-02  1.946670E-02
   3802.85  6.736688E-02  2.007220E-02
   3811.78  6.684062E-02  2.069037E-02
   3820.72  6.631951E-02  2.132083E-02
   3829.66  6.580294E-02  2.196339E-02
   3838.60  6.528905E-02  2.261862E-02
   3847.54  6.477728E-02  2.328640E-02
   3856.47  6.424360E-02  2.397777E-02
   3865.41  6.370983E-02  2.468213E-02
   3874.35  6.317520E-02  2.539947E-02
   3883.29  6.263862E-02  2.612976E-02
   3892.22  6.209913E-02  2.687309E-02
   3901.16  6.155566E-02  2.762945E-02
   3910.10  6.100693E-02  2.839924E-02
   3919.04  6.043342E-02  2.919341E-02
   3927.98  5.985342E-02  3.000109E-02
   3936.91  5.926601E-02  3.082234E-02
   3945.85  5.867072E-02  3.165720E-02
   3954.79  5.806679E-02  3.250565E-02
   3963.73  5.745343E-02  3.336835E-02
   3972.67  5.683104E-02  3.424437E-02
   3981.60  5.618270E-02  3.514321E-02
   3990.54  5.552349E-02  3.605649E-02
   3999.48  5.485393E-02  3.698451E-02
   4008.42  5.417474E-02  3.792617E-02
   4017.35  5.348539E-02  3.888258E-02
   4026.29  5.278677E-02  3.985271E-02
   4035.23  5.207900E-02  4.083720E-02
   4044.17  5.135166E-02  4.184439E-02
   4053.11  5.061309E-02  4.286864E-02
   4062.04  4.986744E-02  4.390693E-02
   4070.98  4.911567E-02  4.496052E-02
   4079.92  4.835857E-02  4.602807E-02
   4088.86  4.759765E-02  4.711103E-02
   4097.80  4.683399E-02  4.820862E-02
   4106.73  4.606261E-02  4.932499E-02
   4115.67  4.528476E-02  5.046276E-02
   4124.61  4.450849E-02  5.161533E-02
   4133.55  4.373548E-02  5.278233E-02
   4142.48  4.296673E-02  5.396348E-02
   4151.42  4.220496E-02  5.515979E-02
   4160.36  4.145139E-02  5.637049E-02
   4169.30  4.070748E-02  5.759588E-02
   4178.24  3.996576E-02  5.884330E-02
   4187.17  3.923790E-02  6.010496E-02
   4196.11  3.852561E-02  6.138051E-02
   4205.05  3.783064E-02  6.266964E-02
   4213.99  3.715474E-02  6.397215E-02
   4222.93  3.649943E-02  6.528812E-02
   4231.86  3.586634E-02  6.661699E-02
   4240.80  3.525346E-02  6.796319E-02
   4249.74  3.466245E-02  6.932700E-02
   4258.68  3.409831E-02  7.070303E-02
   4267.62  3.356232E-02  7.209089E-02
   4276.55  3.305657E-02  7.349115E-02
   4285.49  3.257995E-02  7.490176E-02
   4294.43  3.213430E-02  7.632334E-02
   4303.37  3.172024E-02  7.775535E-02
   4312.30  3.133552E-02  7.920519E-02
   4321.24  3.098190E-02  8.066605E-02
   4330.18  3.066139E-02  8.213584E-02
   4339.12  3.037476E-02  8.361574E-02
   4348.06  3.012013E-02  8.510350E-02
   4356.99  2.989802E-02  8.659938E-02
   4365.93  2.970851E-02  8.810410E-02
   4374.87  2.954945E-02  8.961558E-02
   4383.81  2.941890E-02  9.114353E-02
   4392.75  2.931741E-02  9.267763E-02
   4401.68  2.924464E-02  9.421933E-02
   4410.62  2.919846E-02  9.576573E-02
   4419.56  2.917785E-02  9.731957E-02
   4428.50  2.918077E-02  9.887815E-02
   4437.44  2.920559E-02  0.100443
   4446.37  2.925023E-02  0.102013
   4455.31  2.931153E-02  0.103596
   4464.25  2.938864E-02  0.105184
   4473.19  2.947976E-02  0.106775
   4482.12  2.958181E-02  0.108372
   4491.06  2.969280E-02  0.109974
   4500.00  2.981110E-02  0.111580
