502
522
542
562
582
602
622
642
662
682
702
722
742
762
782
802
822
842
862
882
902
922
942
962
982
1002
1022
1042
1062
1082
1102
1122
1142
1162
1182
1202
1222
1242
1262
1282
1302
1322
1342
1362
1382
1402
1422
1442
1462
1482
1502
1522
1542
1562
1582
1602
1622
1642
1662
1682
1702
1722
1742
1762
1782
1802
1822
1842
1862
1882
1902
1940
1980
2020
2060
2100
2140
2180
2220
2260
2300
2340
2380
2420
2460
2500
2540
2580
2620
2660
2700
2740
2780
2820
2860
2900
2940
2980
3020
3060
3100
3140
3180
3220
3260
3300
3340
3380
3420
3460
3500
3540
3580
3620
3660
3700
3740
3780
3820
3860
3900
3940
3980
4020
4060
4100
4140
4180
4220
4260
4300
4340
4380
4420
4460
4500
4540
4580
4620
4660
4700
4740
4780
4820
4860
4900
4940
4980
5020
5060
5100
5140
5180
5220
5260
5300
5340
5380
5420
5460
5500
5540
5580
5620
5660
5700
5740
5780
5820
5860
5900
5940
5980
