Simulation Number ExitSlit.openingHeight CPMU20.photonEnergy PG.orderDiffraction CPMU20.numberRays PG.cFactor
0                 0.02                   502                 2                   300000.0          1.17662360156545
1                 0.02                   522                 2                   300000.0          1.184814908884
2                 0.02                   542                 2                   300000.0          1.19557065892945
3                 0.02                   562                 2                   300000.0          1.20653239223348
4                 0.02                   582                 2                   300000.0          1.21559007975785
5                 0.02                   602                 2                   300000.0          1.22050059246538
6                 0.02                   622                 2                   300000.0          1.22741865002142
7                 0.02                   642                 2                   300000.0          1.23521015912391
8                 0.02                   662                 2                   300000.0          1.24314995045508
9                 0.02                   682                 2                   300000.0          1.2512710931248
10                0.02                   702                 2                   300000.0          1.25928548443795
11                0.02                   722                 2                   300000.0          1.26742532522346
12                0.02                   742                 2                   300000.0          1.27528577565715
13                0.02                   762                 2                   300000.0          1.28337129179016
14                0.02                   782                 2                   300000.0          1.29164824012589
15                0.02                   802                 2                   300000.0          1.30021834112426
16                0.02                   822                 2                   300000.0          1.30869521201282
17                0.02                   842                 2                   300000.0          1.31711516242917
18                0.02                   862                 2                   300000.0          1.3257059739536
19                0.02                   882                 2                   300000.0          1.33418690330805
20                0.02                   902                 2                   300000.0          1.34305723027778
21                0.02                   922                 2                   300000.0          1.35202507217289
22                0.02                   942                 2                   300000.0          1.36109770020853
23                0.02                   962                 2                   300000.0          1.37010270270469
24                0.02                   982                 2                   300000.0          1.37934440695512
25                0.02                   1002                2                   300000.0          1.38819192301866
26                0.02                   1022                2                   300000.0          1.39749037919015
27                0.02                   1042                2                   300000.0          1.40690115714451
28                0.02                   1062                2                   300000.0          1.41643111237549
29                0.02                   1082                2                   300000.0          1.42608801864174
30                0.02                   1102                2                   300000.0          1.43534393733411
31                0.02                   1122                2                   300000.0          1.44497470086693
32                0.02                   1142                2                   300000.0          1.45469620088515
33                0.02                   1162                2                   300000.0          1.46474671629238
34                0.02                   1182                2                   300000.0          1.47474509520611
35                0.02                   1202                2                   300000.0          1.48420475439885
36                0.02                   1222                2                   300000.0          1.49435122001166
37                0.02                   1242                2                   300000.0          1.50458299346498
38                0.02                   1262                2                   300000.0          1.51490270238743
39                0.02                   1282                2                   300000.0          1.52531141053088
40                0.02                   1302                2                   300000.0          1.53529692139643
41                0.02                   1322                2                   300000.0          1.54611350370685
42                0.02                   1342                2                   300000.0          1.55622777412061
43                0.02                   1362                2                   300000.0          1.5672334053583
44                0.02                   1382                2                   300000.0          1.5774790998375
45                0.02                   1402                2                   300000.0          1.58867462374292
46                0.02                   1422                2                   300000.0          1.59905294879362
47                0.02                   1442                2                   300000.0          1.61044060976595
48                0.02                   1462                2                   300000.0          1.62094413794722
49                0.02                   1482                2                   300000.0          1.63252361152239
50                0.02                   1502                2                   300000.0          1.64315853578386
51                0.02                   1522                2                   300000.0          1.65494170927134
52                0.02                   1542                2                   300000.0          1.6668514497279
53                0.02                   1562                2                   300000.0          1.67771008122563
54                0.02                   1582                2                   300000.0          1.68982661204537
55                0.02                   1602                2                   300000.0          1.70082426307364
56                0.02                   1622                2                   300000.0          1.713153407462
57                0.02                   1642                2                   300000.0          1.72428741222392
58                0.02                   1662                2                   300000.0          1.73682623902021
59                0.02                   1682                2                   300000.0          1.74809352760542
60                0.02                   1702                2                   300000.0          1.76085219547323
61                0.02                   1722                2                   300000.0          1.77374138198766
62                0.02                   1742                2                   300000.0          1.78522668397861
63                0.02                   1762                2                   300000.0          1.79833578017
64                0.02                   1782                2                   300000.0          1.80996060028449
65                0.02                   1802                2                   300000.0          1.82329779796716
66                0.02                   1822                2                   300000.0          1.8350535944249
67                0.02                   1842                2                   300000.0          1.84862940133004
68                0.02                   1862                2                   300000.0          1.86233432512373
69                0.02                   1882                2                   300000.0          1.87432030347042
70                0.02                   1902                2                   300000.0          1.88826382191019
71                0.02                   1940                2                   300000.0          1.9133402868826
72                0.02                   1980                2                   300000.0          1.93999436174058
73                0.02                   2020                2                   300000.0          1.96926697564054
74                0.02                   2060                2                   300000.0          1.99677823265283
75                0.02                   2100                2                   300000.0          2.02466039073176
76                0.02                   2140                2                   300000.0          2.05291352466854
77                0.02                   2180                2                   300000.0          2.08431552800331
78                0.02                   2220                2                   300000.0          2.11345312535308
79                0.02                   2260                2                   300000.0          2.1429622327596
80                0.02                   2300                2                   300000.0          2.17604981157174
81                0.02                   2340                2                   300000.0          2.20643530549343
82                0.02                   2380                2                   300000.0          2.2407253093739
83                0.02                   2420                2                   300000.0          2.27199922708582
84                0.02                   2460                2                   300000.0          2.30751577788907
85                0.02                   2500                2                   300000.0          2.33964985814201
86                0.02                   2540                2                   300000.0          2.37639841623405
87                0.02                   2580                2                   300000.0          2.4093760120274
88                0.02                   2620                2                   300000.0          2.44737634034406
89                0.02                   2660                2                   300000.0          2.48115748291476
90                0.02                   2700                2                   300000.0          2.52037924302545
91                0.02                   2740                2                   300000.0          2.56033075568009
92                0.02                   2780                2                   300000.0          2.59533132960116
93                0.02                   2820                2                   300000.0          2.63055503993081
94                0.02                   2860                2                   300000.0          2.67213080713945
95                0.02                   2900                2                   300000.0          2.71439989459601
96                0.02                   2940                2                   300000.0          2.7573716065909
97                0.02                   2980                2                   300000.0          2.80100707437405
98                0.02                   3020                2                   300000.0          2.84531874534409
99                0.02                   3060                2                   300000.0          2.89022832317146
100               0.02                   3100                2                   300000.0          2.9357679455802
101               0.02                   3140                2                   300000.0          2.98191673850952
102               0.02                   3180                2                   300000.0          3.01981053489921
103               0.02                   3220                2                   300000.0          3.06663905610976
104               0.02                   3260                2                   300000.0          3.11390134523994
105               0.02                   3300                2                   300000.0          3.16156718411374
106               0.02                   3340                2                   300000.0          3.2199363218843
107               0.02                   3380                2                   300000.0          3.2686439348652
108               0.02                   3420                2                   300000.0          3.3175066557838
109               0.02                   3460                2                   300000.0          3.36648067507975
110               0.02                   3500                2                   300000.0          3.42778962844707
111               0.02                   3540                2                   300000.0          3.47714994222949
112               0.02                   3580                2                   300000.0          3.53967455909756
113               0.02                   3620                2                   300000.0          3.60295263305225
114               0.02                   3660                2                   300000.0          3.65228949266039
115               0.02                   3700                2                   300000.0          3.70099744748659
116               0.02                   3740                2                   300000.0          3.74885067802124
117               0.02                   3780                2                   300000.0          3.82819160856547
118               0.02                   3820                2                   300000.0          3.89188744414466
119               0.02                   3860                2                   300000.0          3.93764934167081
120               0.02                   3900                2                   300000.0          4.01836387682479
121               0.02                   3940                2                   300000.0          4.06144504068815
122               0.02                   3980                2                   300000.0          4.14181347894905
123               0.02                   4020                2                   300000.0          4.20163096522017
124               0.02                   4060                2                   300000.0          4.28133904167396
125               0.02                   4100                2                   300000.0          4.33800413641743
126               0.02                   4140                2                   300000.0          4.39203553043678
127               0.02                   4180                2                   300000.0          4.49142648540093
128               0.02                   4220                2                   300000.0          4.54014619807071
129               0.02                   4260                2                   300000.0          4.63698373150229
130               0.02                   4300                2                   300000.0          4.67799535753017
131               0.02                   4340                2                   300000.0          4.76956602764708
132               0.02                   4380                2                   300000.0          4.82902597469063
133               0.02                   4420                2                   300000.0          4.85299849190085
134               0.02                   4460                2                   300000.0          4.96126439299933
135               0.02                   4500                2                   300000.0          5.03390777967259
136               0.02                   4540                2                   300000.0          5.13327980426306
137               0.02                   4580                2                   300000.0          5.1915616530718
138               0.02                   4620                2                   300000.0          5.27607950618037
139               0.02                   4660                2                   300000.0          5.31403296323338
140               0.02                   4700                2                   300000.0          5.37696098997247
141               0.02                   4740                2                   300000.0          5.46576162053198
142               0.02                   4780                2                   300000.0          5.50107846400201
143               0.02                   4820                2                   300000.0          5.60158436369854
144               0.02                   4860                2                   300000.0          5.68579300733066
145               0.02                   4900                2                   300000.0          5.70607918152316
146               0.02                   4940                2                   300000.0          5.79187090357445
147               0.02                   4980                2                   300000.0          5.85260940838092
148               0.02                   5020                2                   300000.0          5.88370805533401
149               0.02                   5060                2                   300000.0          5.97762364573449
150               0.02                   5100                2                   300000.0          5.98566522431033
151               0.02                   5140                2                   300000.0          6.05046240373416
152               0.02                   5180                2                   300000.0          6.06719135785489
153               0.02                   5220                2                   300000.0          6.13182087478199
154               0.02                   5260                2                   300000.0          6.18704915255539
155               0.02                   5300                2                   300000.0          6.20709113408728
156               0.02                   5340                2                   300000.0          6.29518269467762
157               0.02                   5380                2                   300000.0          6.32906861969231
158               0.02                   5420                2                   300000.0          6.36385203035625
159               0.02                   5460                2                   300000.0          6.39955377027064
160               0.02                   5500                2                   300000.0          6.43619560112135
161               0.02                   5540                2                   300000.0          6.47380024286971
162               0.02                   5580                2                   300000.0          6.57487849067915
163               0.02                   5620                2                   300000.0          6.61550323964032
164               0.02                   5660                2                   300000.0          6.65719616369663
165               0.02                   5700                2                   300000.0          6.50695469362058
166               0.02                   5740                2                   300000.0          6.54761845812481
167               0.02                   5780                2                   300000.0          6.58933858255238
168               0.02                   5820                2                   300000.0          6.44115787871136
169               0.02                   5860                2                   300000.0          6.48184465903661
170               0.02                   5900                2                   300000.0          6.85985152170491
171               0.02                   5940                2                   300000.0          6.83721920171921
172               0.02                   5980                2                   300000.0          7.51518993117889
173               0.05                   502                 2                   300000.0          1.17662360156545
174               0.05                   522                 2                   300000.0          1.184814908884
175               0.05                   542                 2                   300000.0          1.19557065892945
176               0.05                   562                 2                   300000.0          1.20653239223348
177               0.05                   582                 2                   300000.0          1.21559007975785
178               0.05                   602                 2                   300000.0          1.22050059246538
179               0.05                   622                 2                   300000.0          1.22741865002142
180               0.05                   642                 2                   300000.0          1.23521015912391
181               0.05                   662                 2                   300000.0          1.24314995045508
182               0.05                   682                 2                   300000.0          1.2512710931248
183               0.05                   702                 2                   300000.0          1.25928548443795
184               0.05                   722                 2                   300000.0          1.26742532522346
185               0.05                   742                 2                   300000.0          1.27528577565715
186               0.05                   762                 2                   300000.0          1.28337129179016
187               0.05                   782                 2                   300000.0          1.29164824012589
188               0.05                   802                 2                   300000.0          1.30021834112426
189               0.05                   822                 2                   300000.0          1.30869521201282
190               0.05                   842                 2                   300000.0          1.31711516242917
191               0.05                   862                 2                   300000.0          1.3257059739536
192               0.05                   882                 2                   300000.0          1.33418690330805
193               0.05                   902                 2                   300000.0          1.34305723027778
194               0.05                   922                 2                   300000.0          1.35202507217289
195               0.05                   942                 2                   300000.0          1.36109770020853
196               0.05                   962                 2                   300000.0          1.37010270270469
197               0.05                   982                 2                   300000.0          1.37934440695512
198               0.05                   1002                2                   300000.0          1.38819192301866
199               0.05                   1022                2                   300000.0          1.39749037919015
200               0.05                   1042                2                   300000.0          1.40690115714451
201               0.05                   1062                2                   300000.0          1.41643111237549
202               0.05                   1082                2                   300000.0          1.42608801864174
203               0.05                   1102                2                   300000.0          1.43534393733411
204               0.05                   1122                2                   300000.0          1.44497470086693
205               0.05                   1142                2                   300000.0          1.45469620088515
206               0.05                   1162                2                   300000.0          1.46474671629238
207               0.05                   1182                2                   300000.0          1.47474509520611
208               0.05                   1202                2                   300000.0          1.48420475439885
209               0.05                   1222                2                   300000.0          1.49435122001166
210               0.05                   1242                2                   300000.0          1.50458299346498
211               0.05                   1262                2                   300000.0          1.51490270238743
212               0.05                   1282                2                   300000.0          1.52531141053088
213               0.05                   1302                2                   300000.0          1.53529692139643
214               0.05                   1322                2                   300000.0          1.54611350370685
215               0.05                   1342                2                   300000.0          1.55622777412061
216               0.05                   1362                2                   300000.0          1.5672334053583
217               0.05                   1382                2                   300000.0          1.5774790998375
218               0.05                   1402                2                   300000.0          1.58867462374292
219               0.05                   1422                2                   300000.0          1.59905294879362
220               0.05                   1442                2                   300000.0          1.61044060976595
221               0.05                   1462                2                   300000.0          1.62094413794722
222               0.05                   1482                2                   300000.0          1.63252361152239
223               0.05                   1502                2                   300000.0          1.64315853578386
224               0.05                   1522                2                   300000.0          1.65494170927134
225               0.05                   1542                2                   300000.0          1.6668514497279
226               0.05                   1562                2                   300000.0          1.67771008122563
227               0.05                   1582                2                   300000.0          1.68982661204537
228               0.05                   1602                2                   300000.0          1.70082426307364
229               0.05                   1622                2                   300000.0          1.713153407462
230               0.05                   1642                2                   300000.0          1.72428741222392
231               0.05                   1662                2                   300000.0          1.73682623902021
232               0.05                   1682                2                   300000.0          1.74809352760542
233               0.05                   1702                2                   300000.0          1.76085219547323
234               0.05                   1722                2                   300000.0          1.77374138198766
235               0.05                   1742                2                   300000.0          1.78522668397861
236               0.05                   1762                2                   300000.0          1.79833578017
237               0.05                   1782                2                   300000.0          1.80996060028449
238               0.05                   1802                2                   300000.0          1.82329779796716
239               0.05                   1822                2                   300000.0          1.8350535944249
240               0.05                   1842                2                   300000.0          1.84862940133004
241               0.05                   1862                2                   300000.0          1.86233432512373
242               0.05                   1882                2                   300000.0          1.87432030347042
243               0.05                   1902                2                   300000.0          1.88826382191019
244               0.05                   1940                2                   300000.0          1.9133402868826
245               0.05                   1980                2                   300000.0          1.93999436174058
246               0.05                   2020                2                   300000.0          1.96926697564054
247               0.05                   2060                2                   300000.0          1.99677823265283
248               0.05                   2100                2                   300000.0          2.02466039073176
249               0.05                   2140                2                   300000.0          2.05291352466854
250               0.05                   2180                2                   300000.0          2.08431552800331
251               0.05                   2220                2                   300000.0          2.11345312535308
252               0.05                   2260                2                   300000.0          2.1429622327596
253               0.05                   2300                2                   300000.0          2.17604981157174
254               0.05                   2340                2                   300000.0          2.20643530549343
255               0.05                   2380                2                   300000.0          2.2407253093739
256               0.05                   2420                2                   300000.0          2.27199922708582
257               0.05                   2460                2                   300000.0          2.30751577788907
258               0.05                   2500                2                   300000.0          2.33964985814201
259               0.05                   2540                2                   300000.0          2.37639841623405
260               0.05                   2580                2                   300000.0          2.4093760120274
261               0.05                   2620                2                   300000.0          2.44737634034406
262               0.05                   2660                2                   300000.0          2.48115748291476
263               0.05                   2700                2                   300000.0          2.52037924302545
264               0.05                   2740                2                   300000.0          2.56033075568009
265               0.05                   2780                2                   300000.0          2.59533132960116
266               0.05                   2820                2                   300000.0          2.63055503993081
267               0.05                   2860                2                   300000.0          2.67213080713945
268               0.05                   2900                2                   300000.0          2.71439989459601
269               0.05                   2940                2                   300000.0          2.7573716065909
270               0.05                   2980                2                   300000.0          2.80100707437405
271               0.05                   3020                2                   300000.0          2.84531874534409
272               0.05                   3060                2                   300000.0          2.89022832317146
273               0.05                   3100                2                   300000.0          2.9357679455802
274               0.05                   3140                2                   300000.0          2.98191673850952
275               0.05                   3180                2                   300000.0          3.01981053489921
276               0.05                   3220                2                   300000.0          3.06663905610976
277               0.05                   3260                2                   300000.0          3.11390134523994
278               0.05                   3300                2                   300000.0          3.16156718411374
279               0.05                   3340                2                   300000.0          3.2199363218843
280               0.05                   3380                2                   300000.0          3.2686439348652
281               0.05                   3420                2                   300000.0          3.3175066557838
282               0.05                   3460                2                   300000.0          3.36648067507975
283               0.05                   3500                2                   300000.0          3.42778962844707
284               0.05                   3540                2                   300000.0          3.47714994222949
285               0.05                   3580                2                   300000.0          3.53967455909756
286               0.05                   3620                2                   300000.0          3.60295263305225
287               0.05                   3660                2                   300000.0          3.65228949266039
288               0.05                   3700                2                   300000.0          3.70099744748659
289               0.05                   3740                2                   300000.0          3.74885067802124
290               0.05                   3780                2                   300000.0          3.82819160856547
291               0.05                   3820                2                   300000.0          3.89188744414466
292               0.05                   3860                2                   300000.0          3.93764934167081
293               0.05                   3900                2                   300000.0          4.01836387682479
294               0.05                   3940                2                   300000.0          4.06144504068815
295               0.05                   3980                2                   300000.0          4.14181347894905
296               0.05                   4020                2                   300000.0          4.20163096522017
297               0.05                   4060                2                   300000.0          4.28133904167396
298               0.05                   4100                2                   300000.0          4.33800413641743
299               0.05                   4140                2                   300000.0          4.39203553043678
300               0.05                   4180                2                   300000.0          4.49142648540093
301               0.05                   4220                2                   300000.0          4.54014619807071
302               0.05                   4260                2                   300000.0          4.63698373150229
303               0.05                   4300                2                   300000.0          4.67799535753017
304               0.05                   4340                2                   300000.0          4.76956602764708
305               0.05                   4380                2                   300000.0          4.82902597469063
306               0.05                   4420                2                   300000.0          4.85299849190085
307               0.05                   4460                2                   300000.0          4.96126439299933
308               0.05                   4500                2                   300000.0          5.03390777967259
309               0.05                   4540                2                   300000.0          5.13327980426306
310               0.05                   4580                2                   300000.0          5.1915616530718
311               0.05                   4620                2                   300000.0          5.27607950618037
312               0.05                   4660                2                   300000.0          5.31403296323338
313               0.05                   4700                2                   300000.0          5.37696098997247
314               0.05                   4740                2                   300000.0          5.46576162053198
315               0.05                   4780                2                   300000.0          5.50107846400201
316               0.05                   4820                2                   300000.0          5.60158436369854
317               0.05                   4860                2                   300000.0          5.68579300733066
318               0.05                   4900                2                   300000.0          5.70607918152316
319               0.05                   4940                2                   300000.0          5.79187090357445
320               0.05                   4980                2                   300000.0          5.85260940838092
321               0.05                   5020                2                   300000.0          5.88370805533401
322               0.05                   5060                2                   300000.0          5.97762364573449
323               0.05                   5100                2                   300000.0          5.98566522431033
324               0.05                   5140                2                   300000.0          6.05046240373416
325               0.05                   5180                2                   300000.0          6.06719135785489
326               0.05                   5220                2                   300000.0          6.13182087478199
327               0.05                   5260                2                   300000.0          6.18704915255539
328               0.05                   5300                2                   300000.0          6.20709113408728
329               0.05                   5340                2                   300000.0          6.29518269467762
330               0.05                   5380                2                   300000.0          6.32906861969231
331               0.05                   5420                2                   300000.0          6.36385203035625
332               0.05                   5460                2                   300000.0          6.39955377027064
333               0.05                   5500                2                   300000.0          6.43619560112135
334               0.05                   5540                2                   300000.0          6.47380024286971
335               0.05                   5580                2                   300000.0          6.57487849067915
336               0.05                   5620                2                   300000.0          6.61550323964032
337               0.05                   5660                2                   300000.0          6.65719616369663
338               0.05                   5700                2                   300000.0          6.50695469362058
339               0.05                   5740                2                   300000.0          6.54761845812481
340               0.05                   5780                2                   300000.0          6.58933858255238
341               0.05                   5820                2                   300000.0          6.44115787871136
342               0.05                   5860                2                   300000.0          6.48184465903661
343               0.05                   5900                2                   300000.0          6.85985152170491
344               0.05                   5940                2                   300000.0          6.83721920171921
345               0.05                   5980                2                   300000.0          7.51518993117889
346               0.1                    502                 2                   300000.0          1.17662360156545
347               0.1                    522                 2                   300000.0          1.184814908884
348               0.1                    542                 2                   300000.0          1.19557065892945
349               0.1                    562                 2                   300000.0          1.20653239223348
350               0.1                    582                 2                   300000.0          1.21559007975785
351               0.1                    602                 2                   300000.0          1.22050059246538
352               0.1                    622                 2                   300000.0          1.22741865002142
353               0.1                    642                 2                   300000.0          1.23521015912391
354               0.1                    662                 2                   300000.0          1.24314995045508
355               0.1                    682                 2                   300000.0          1.2512710931248
356               0.1                    702                 2                   300000.0          1.25928548443795
357               0.1                    722                 2                   300000.0          1.26742532522346
358               0.1                    742                 2                   300000.0          1.27528577565715
359               0.1                    762                 2                   300000.0          1.28337129179016
360               0.1                    782                 2                   300000.0          1.29164824012589
361               0.1                    802                 2                   300000.0          1.30021834112426
362               0.1                    822                 2                   300000.0          1.30869521201282
363               0.1                    842                 2                   300000.0          1.31711516242917
364               0.1                    862                 2                   300000.0          1.3257059739536
365               0.1                    882                 2                   300000.0          1.33418690330805
366               0.1                    902                 2                   300000.0          1.34305723027778
367               0.1                    922                 2                   300000.0          1.35202507217289
368               0.1                    942                 2                   300000.0          1.36109770020853
369               0.1                    962                 2                   300000.0          1.37010270270469
370               0.1                    982                 2                   300000.0          1.37934440695512
371               0.1                    1002                2                   300000.0          1.38819192301866
372               0.1                    1022                2                   300000.0          1.39749037919015
373               0.1                    1042                2                   300000.0          1.40690115714451
374               0.1                    1062                2                   300000.0          1.41643111237549
375               0.1                    1082                2                   300000.0          1.42608801864174
376               0.1                    1102                2                   300000.0          1.43534393733411
377               0.1                    1122                2                   300000.0          1.44497470086693
378               0.1                    1142                2                   300000.0          1.45469620088515
379               0.1                    1162                2                   300000.0          1.46474671629238
380               0.1                    1182                2                   300000.0          1.47474509520611
381               0.1                    1202                2                   300000.0          1.48420475439885
382               0.1                    1222                2                   300000.0          1.49435122001166
383               0.1                    1242                2                   300000.0          1.50458299346498
384               0.1                    1262                2                   300000.0          1.51490270238743
385               0.1                    1282                2                   300000.0          1.52531141053088
386               0.1                    1302                2                   300000.0          1.53529692139643
387               0.1                    1322                2                   300000.0          1.54611350370685
388               0.1                    1342                2                   300000.0          1.55622777412061
389               0.1                    1362                2                   300000.0          1.5672334053583
390               0.1                    1382                2                   300000.0          1.5774790998375
391               0.1                    1402                2                   300000.0          1.58867462374292
392               0.1                    1422                2                   300000.0          1.59905294879362
393               0.1                    1442                2                   300000.0          1.61044060976595
394               0.1                    1462                2                   300000.0          1.62094413794722
395               0.1                    1482                2                   300000.0          1.63252361152239
396               0.1                    1502                2                   300000.0          1.64315853578386
397               0.1                    1522                2                   300000.0          1.65494170927134
398               0.1                    1542                2                   300000.0          1.6668514497279
399               0.1                    1562                2                   300000.0          1.67771008122563
400               0.1                    1582                2                   300000.0          1.68982661204537
401               0.1                    1602                2                   300000.0          1.70082426307364
402               0.1                    1622                2                   300000.0          1.713153407462
403               0.1                    1642                2                   300000.0          1.72428741222392
404               0.1                    1662                2                   300000.0          1.73682623902021
405               0.1                    1682                2                   300000.0          1.74809352760542
406               0.1                    1702                2                   300000.0          1.76085219547323
407               0.1                    1722                2                   300000.0          1.77374138198766
408               0.1                    1742                2                   300000.0          1.78522668397861
409               0.1                    1762                2                   300000.0          1.79833578017
410               0.1                    1782                2                   300000.0          1.80996060028449
411               0.1                    1802                2                   300000.0          1.82329779796716
412               0.1                    1822                2                   300000.0          1.8350535944249
413               0.1                    1842                2                   300000.0          1.84862940133004
414               0.1                    1862                2                   300000.0          1.86233432512373
415               0.1                    1882                2                   300000.0          1.87432030347042
416               0.1                    1902                2                   300000.0          1.88826382191019
417               0.1                    1940                2                   300000.0          1.9133402868826
418               0.1                    1980                2                   300000.0          1.93999436174058
419               0.1                    2020                2                   300000.0          1.96926697564054
420               0.1                    2060                2                   300000.0          1.99677823265283
421               0.1                    2100                2                   300000.0          2.02466039073176
422               0.1                    2140                2                   300000.0          2.05291352466854
423               0.1                    2180                2                   300000.0          2.08431552800331
424               0.1                    2220                2                   300000.0          2.11345312535308
425               0.1                    2260                2                   300000.0          2.1429622327596
426               0.1                    2300                2                   300000.0          2.17604981157174
427               0.1                    2340                2                   300000.0          2.20643530549343
428               0.1                    2380                2                   300000.0          2.2407253093739
429               0.1                    2420                2                   300000.0          2.27199922708582
430               0.1                    2460                2                   300000.0          2.30751577788907
431               0.1                    2500                2                   300000.0          2.33964985814201
432               0.1                    2540                2                   300000.0          2.37639841623405
433               0.1                    2580                2                   300000.0          2.4093760120274
434               0.1                    2620                2                   300000.0          2.44737634034406
435               0.1                    2660                2                   300000.0          2.48115748291476
436               0.1                    2700                2                   300000.0          2.52037924302545
437               0.1                    2740                2                   300000.0          2.56033075568009
438               0.1                    2780                2                   300000.0          2.59533132960116
439               0.1                    2820                2                   300000.0          2.63055503993081
440               0.1                    2860                2                   300000.0          2.67213080713945
441               0.1                    2900                2                   300000.0          2.71439989459601
442               0.1                    2940                2                   300000.0          2.7573716065909
443               0.1                    2980                2                   300000.0          2.80100707437405
444               0.1                    3020                2                   300000.0          2.84531874534409
445               0.1                    3060                2                   300000.0          2.89022832317146
446               0.1                    3100                2                   300000.0          2.9357679455802
447               0.1                    3140                2                   300000.0          2.98191673850952
448               0.1                    3180                2                   300000.0          3.01981053489921
449               0.1                    3220                2                   300000.0          3.06663905610976
450               0.1                    3260                2                   300000.0          3.11390134523994
451               0.1                    3300                2                   300000.0          3.16156718411374
452               0.1                    3340                2                   300000.0          3.2199363218843
453               0.1                    3380                2                   300000.0          3.2686439348652
454               0.1                    3420                2                   300000.0          3.3175066557838
455               0.1                    3460                2                   300000.0          3.36648067507975
456               0.1                    3500                2                   300000.0          3.42778962844707
457               0.1                    3540                2                   300000.0          3.47714994222949
458               0.1                    3580                2                   300000.0          3.53967455909756
459               0.1                    3620                2                   300000.0          3.60295263305225
460               0.1                    3660                2                   300000.0          3.65228949266039
461               0.1                    3700                2                   300000.0          3.70099744748659
462               0.1                    3740                2                   300000.0          3.74885067802124
463               0.1                    3780                2                   300000.0          3.82819160856547
464               0.1                    3820                2                   300000.0          3.89188744414466
465               0.1                    3860                2                   300000.0          3.93764934167081
466               0.1                    3900                2                   300000.0          4.01836387682479
467               0.1                    3940                2                   300000.0          4.06144504068815
468               0.1                    3980                2                   300000.0          4.14181347894905
469               0.1                    4020                2                   300000.0          4.20163096522017
470               0.1                    4060                2                   300000.0          4.28133904167396
471               0.1                    4100                2                   300000.0          4.33800413641743
472               0.1                    4140                2                   300000.0          4.39203553043678
473               0.1                    4180                2                   300000.0          4.49142648540093
474               0.1                    4220                2                   300000.0          4.54014619807071
475               0.1                    4260                2                   300000.0          4.63698373150229
476               0.1                    4300                2                   300000.0          4.67799535753017
477               0.1                    4340                2                   300000.0          4.76956602764708
478               0.1                    4380                2                   300000.0          4.82902597469063
479               0.1                    4420                2                   300000.0          4.85299849190085
480               0.1                    4460                2                   300000.0          4.96126439299933
481               0.1                    4500                2                   300000.0          5.03390777967259
482               0.1                    4540                2                   300000.0          5.13327980426306
483               0.1                    4580                2                   300000.0          5.1915616530718
484               0.1                    4620                2                   300000.0          5.27607950618037
485               0.1                    4660                2                   300000.0          5.31403296323338
486               0.1                    4700                2                   300000.0          5.37696098997247
487               0.1                    4740                2                   300000.0          5.46576162053198
488               0.1                    4780                2                   300000.0          5.50107846400201
489               0.1                    4820                2                   300000.0          5.60158436369854
490               0.1                    4860                2                   300000.0          5.68579300733066
491               0.1                    4900                2                   300000.0          5.70607918152316
492               0.1                    4940                2                   300000.0          5.79187090357445
493               0.1                    4980                2                   300000.0          5.85260940838092
494               0.1                    5020                2                   300000.0          5.88370805533401
495               0.1                    5060                2                   300000.0          5.97762364573449
496               0.1                    5100                2                   300000.0          5.98566522431033
497               0.1                    5140                2                   300000.0          6.05046240373416
498               0.1                    5180                2                   300000.0          6.06719135785489
499               0.1                    5220                2                   300000.0          6.13182087478199
500               0.1                    5260                2                   300000.0          6.18704915255539
501               0.1                    5300                2                   300000.0          6.20709113408728
502               0.1                    5340                2                   300000.0          6.29518269467762
503               0.1                    5380                2                   300000.0          6.32906861969231
504               0.1                    5420                2                   300000.0          6.36385203035625
505               0.1                    5460                2                   300000.0          6.39955377027064
506               0.1                    5500                2                   300000.0          6.43619560112135
507               0.1                    5540                2                   300000.0          6.47380024286971
508               0.1                    5580                2                   300000.0          6.57487849067915
509               0.1                    5620                2                   300000.0          6.61550323964032
510               0.1                    5660                2                   300000.0          6.65719616369663
511               0.1                    5700                2                   300000.0          6.50695469362058
512               0.1                    5740                2                   300000.0          6.54761845812481
513               0.1                    5780                2                   300000.0          6.58933858255238
514               0.1                    5820                2                   300000.0          6.44115787871136
515               0.1                    5860                2                   300000.0          6.48184465903661
516               0.1                    5900                2                   300000.0          6.85985152170491
517               0.1                    5940                2                   300000.0          6.83721920171921
518               0.1                    5980                2                   300000.0          7.51518993117889
