225.0
225.1
225.2
225.29999999999998
225.39999999999998
225.49999999999997
225.59999999999997
225.69999999999996
225.79999999999995
225.89999999999995
225.99999999999994
226.09999999999994
226.19999999999993
226.29999999999993
226.39999999999992
226.49999999999991
226.5999999999999
226.6999999999999
226.7999999999999
226.8999999999999
226.9999999999999
227.09999999999988
227.19999999999987
227.29999999999987
227.39999999999986
227.49999999999986
227.59999999999985
227.69999999999985
227.79999999999984
227.89999999999984
227.99999999999983
228.09999999999982
228.19999999999982
228.2999999999998
228.3999999999998
228.4999999999998
228.5999999999998
228.6999999999998
228.79999999999978
228.89999999999978
228.99999999999977
229.09999999999977
229.19999999999976
229.29999999999976
229.39999999999975
229.49999999999974
229.59999999999974
229.69999999999973
229.79999999999973
229.89999999999972
229.99999999999972
230.0999999999997
230.1999999999997
230.2999999999997
230.3999999999997
230.4999999999997
230.59999999999968
230.69999999999968
230.79999999999967
230.89999999999966
230.99999999999966
231.09999999999965
231.19999999999965
231.29999999999964
231.39999999999964
231.49999999999963
231.59999999999962
231.69999999999962
231.7999999999996
231.8999999999996
231.9999999999996
232.0999999999996
232.1999999999996
232.29999999999959
232.39999999999958
232.49999999999957
232.59999999999957
232.69999999999956
232.79999999999956
232.89999999999955
232.99999999999955
233.09999999999954
233.19999999999953
233.29999999999953
233.39999999999952
233.49999999999952
233.5999999999995
233.6999999999995
233.7999999999995
233.8999999999995
233.9999999999995
234.09999999999948
234.19999999999948
234.29999999999947
234.39999999999947
234.49999999999946
234.59999999999945
234.69999999999945
234.79999999999944
234.89999999999944
234.99999999999943
235.09999999999943
235.19999999999942
235.29999999999941
235.3999999999994
235.4999999999994
235.5999999999994
235.6999999999994
235.7999999999994
235.89999999999938
235.99999999999937
236.09999999999937
236.19999999999936
236.29999999999936
236.39999999999935
236.49999999999935
236.59999999999934
236.69999999999933
236.79999999999933
236.89999999999932
236.99999999999932
237.0999999999993
237.1999999999993
237.2999999999993
237.3999999999993
237.4999999999993
237.59999999999928
237.69999999999928
237.79999999999927
237.89999999999927
237.99999999999926
238.09999999999926
238.19999999999925
238.29999999999924
238.39999999999924
238.49999999999923
238.59999999999923
238.69999999999922
238.79999999999922
238.8999999999992
238.9999999999992
239.0999999999992
239.1999999999992
239.2999999999992
239.39999999999918
239.49999999999918
239.59999999999917
239.69999999999916
239.79999999999916
239.89999999999915
