Simulation Number CPMU20.photonEnergy CPMU20.energySpread CPMU20.numberRays M3.radius
0                 1000                0                   500000.0          225.0    
1                 1000                0                   500000.0          225.1    
2                 1000                0                   500000.0          225.2    
3                  1000                0                   500000.0           225.29999999999998
4                  1000                0                   500000.0           225.39999999999998
5                  1000                0                   500000.0           225.49999999999997
6                  1000                0                   500000.0           225.59999999999997
7                  1000                0                   500000.0           225.69999999999996
8                  1000                0                   500000.0           225.79999999999995
9                  1000                0                   500000.0           225.89999999999995
10                 1000                0                   500000.0           225.99999999999994
11                 1000                0                   500000.0           226.09999999999994
12                 1000                0                   500000.0           226.19999999999993
13                 1000                0                   500000.0           226.29999999999993
14                 1000                0                   500000.0           226.39999999999992
15                 1000                0                   500000.0           226.49999999999991
16                1000                0                   500000.0          226.5999999999999
17                1000                0                   500000.0          226.6999999999999
18                1000                0                   500000.0          226.7999999999999
19                1000                0                   500000.0          226.8999999999999
20                1000                0                   500000.0          226.9999999999999
21                 1000                0                   500000.0           227.09999999999988
22                 1000                0                   500000.0           227.19999999999987
23                 1000                0                   500000.0           227.29999999999987
24                 1000                0                   500000.0           227.39999999999986
