Simulation Number ExitSlit.openingHeight CPMU20.photonEnergy PG.cFactor PG.orderDiffraction CPMU20.numberRays M1.roughnessCoating1 PremirrorM2.roughnessCoating1 PG.roughnessSubstrate M3.roughnessCoating1 KB_ver.roughnessCoating1 KB_hor.roughnessCoating1
0                 0.01                   500.0               5          1                   400000.0          0                    0                             0                     0                    0                        0                       
1                 0.01                   500.0               5          1                   400000.0          0.3                  0.3                           0.3                   0.3                  0.3                      0.3                     
2                 0.01                   500.0               5          1                   400000.0          0.1                  0                             0                     0                    0                        0                       
3                 0.01                   500.0               5          1                   400000.0          0.3                  0                             0                     0                    0                        0                       
4                 0.01                   500.0               5          1                   400000.0          0.5                  0                             0                     0                    0                        0                       
5                 0.01                   500.0               5          1                   400000.0          1.5                  0                             0                     0                    0                        0                       
6                 0.01                   500.0               5          1                   400000.0          0                    0.1                           0                     0                    0                        0                       
7                 0.01                   500.0               5          1                   400000.0          0                    0.3                           0                     0                    0                        0                       
8                 0.01                   500.0               5          1                   400000.0          0                    0.5                           0                     0                    0                        0                       
9                 0.01                   500.0               5          1                   400000.0          0                    1.5                           0                     0                    0                        0                       
10                0.01                   500.0               5          1                   400000.0          0                    0                             0.1                   0                    0                        0                       
11                0.01                   500.0               5          1                   400000.0          0                    0                             0.3                   0                    0                        0                       
12                0.01                   500.0               5          1                   400000.0          0                    0                             0.5                   0                    0                        0                       
13                0.01                   500.0               5          1                   400000.0          0                    0                             1.5                   0                    0                        0                       
14                0.01                   500.0               5          1                   400000.0          0                    0                             0                     0.1                  0                        0                       
15                0.01                   500.0               5          1                   400000.0          0                    0                             0                     0.3                  0                        0                       
16                0.01                   500.0               5          1                   400000.0          0                    0                             0                     0.5                  0                        0                       
17                0.01                   500.0               5          1                   400000.0          0                    0                             0                     1.5                  0                        0                       
18                0.01                   500.0               5          1                   400000.0          0                    0                             0                     0                    0.1                      0                       
19                0.01                   500.0               5          1                   400000.0          0                    0                             0                     0                    0.3                      0                       
20                0.01                   500.0               5          1                   400000.0          0                    0                             0                     0                    0.5                      0                       
21                0.01                   500.0               5          1                   400000.0          0                    0                             0                     0                    1.5                      0                       
22                0.01                   500.0               5          1                   400000.0          0                    0                             0                     0                    0                        0.1                     
23                0.01                   500.0               5          1                   400000.0          0                    0                             0                     0                    0                        0.3                     
24                0.01                   500.0               5          1                   400000.0          0                    0                             0                     0                    0                        0.5                     
25                0.01                   500.0               5          1                   400000.0          0                    0                             0                     0                    0                        1.5                     
26                0.01                   750.0               5          1                   400000.0          0                    0                             0                     0                    0                        0                       
27                0.01                   750.0               5          1                   400000.0          0.3                  0.3                           0.3                   0.3                  0.3                      0.3                     
28                0.01                   750.0               5          1                   400000.0          0.1                  0                             0                     0                    0                        0                       
29                0.01                   750.0               5          1                   400000.0          0.3                  0                             0                     0                    0                        0                       
30                0.01                   750.0               5          1                   400000.0          0.5                  0                             0                     0                    0                        0                       
31                0.01                   750.0               5          1                   400000.0          1.5                  0                             0                     0                    0                        0                       
32                0.01                   750.0               5          1                   400000.0          0                    0.1                           0                     0                    0                        0                       
33                0.01                   750.0               5          1                   400000.0          0                    0.3                           0                     0                    0                        0                       
34                0.01                   750.0               5          1                   400000.0          0                    0.5                           0                     0                    0                        0                       
35                0.01                   750.0               5          1                   400000.0          0                    1.5                           0                     0                    0                        0                       
36                0.01                   750.0               5          1                   400000.0          0                    0                             0.1                   0                    0                        0                       
37                0.01                   750.0               5          1                   400000.0          0                    0                             0.3                   0                    0                        0                       
38                0.01                   750.0               5          1                   400000.0          0                    0                             0.5                   0                    0                        0                       
39                0.01                   750.0               5          1                   400000.0          0                    0                             1.5                   0                    0                        0                       
40                0.01                   750.0               5          1                   400000.0          0                    0                             0                     0.1                  0                        0                       
41                0.01                   750.0               5          1                   400000.0          0                    0                             0                     0.3                  0                        0                       
42                0.01                   750.0               5          1                   400000.0          0                    0                             0                     0.5                  0                        0                       
43                0.01                   750.0               5          1                   400000.0          0                    0                             0                     1.5                  0                        0                       
44                0.01                   750.0               5          1                   400000.0          0                    0                             0                     0                    0.1                      0                       
45                0.01                   750.0               5          1                   400000.0          0                    0                             0                     0                    0.3                      0                       
46                0.01                   750.0               5          1                   400000.0          0                    0                             0                     0                    0.5                      0                       
47                0.01                   750.0               5          1                   400000.0          0                    0                             0                     0                    1.5                      0                       
48                0.01                   750.0               5          1                   400000.0          0                    0                             0                     0                    0                        0.1                     
49                0.01                   750.0               5          1                   400000.0          0                    0                             0                     0                    0                        0.3                     
50                0.01                   750.0               5          1                   400000.0          0                    0                             0                     0                    0                        0.5                     
51                0.01                   750.0               5          1                   400000.0          0                    0                             0                     0                    0                        1.5                     
52                0.01                   1000.0              5          1                   400000.0          0                    0                             0                     0                    0                        0                       
53                0.01                   1000.0              5          1                   400000.0          0.3                  0.3                           0.3                   0.3                  0.3                      0.3                     
54                0.01                   1000.0              5          1                   400000.0          0.1                  0                             0                     0                    0                        0                       
55                0.01                   1000.0              5          1                   400000.0          0.3                  0                             0                     0                    0                        0                       
56                0.01                   1000.0              5          1                   400000.0          0.5                  0                             0                     0                    0                        0                       
57                0.01                   1000.0              5          1                   400000.0          1.5                  0                             0                     0                    0                        0                       
58                0.01                   1000.0              5          1                   400000.0          0                    0.1                           0                     0                    0                        0                       
59                0.01                   1000.0              5          1                   400000.0          0                    0.3                           0                     0                    0                        0                       
60                0.01                   1000.0              5          1                   400000.0          0                    0.5                           0                     0                    0                        0                       
61                0.01                   1000.0              5          1                   400000.0          0                    1.5                           0                     0                    0                        0                       
62                0.01                   1000.0              5          1                   400000.0          0                    0                             0.1                   0                    0                        0                       
63                0.01                   1000.0              5          1                   400000.0          0                    0                             0.3                   0                    0                        0                       
64                0.01                   1000.0              5          1                   400000.0          0                    0                             0.5                   0                    0                        0                       
65                0.01                   1000.0              5          1                   400000.0          0                    0                             1.5                   0                    0                        0                       
66                0.01                   1000.0              5          1                   400000.0          0                    0                             0                     0.1                  0                        0                       
67                0.01                   1000.0              5          1                   400000.0          0                    0                             0                     0.3                  0                        0                       
68                0.01                   1000.0              5          1                   400000.0          0                    0                             0                     0.5                  0                        0                       
69                0.01                   1000.0              5          1                   400000.0          0                    0                             0                     1.5                  0                        0                       
70                0.01                   1000.0              5          1                   400000.0          0                    0                             0                     0                    0.1                      0                       
71                0.01                   1000.0              5          1                   400000.0          0                    0                             0                     0                    0.3                      0                       
72                0.01                   1000.0              5          1                   400000.0          0                    0                             0                     0                    0.5                      0                       
73                0.01                   1000.0              5          1                   400000.0          0                    0                             0                     0                    1.5                      0                       
74                0.01                   1000.0              5          1                   400000.0          0                    0                             0                     0                    0                        0.1                     
75                0.01                   1000.0              5          1                   400000.0          0                    0                             0                     0                    0                        0.3                     
76                0.01                   1000.0              5          1                   400000.0          0                    0                             0                     0                    0                        0.5                     
77                0.01                   1000.0              5          1                   400000.0          0                    0                             0                     0                    0                        1.5                     
78                0.01                   1250.0              5          1                   400000.0          0                    0                             0                     0                    0                        0                       
79                0.01                   1250.0              5          1                   400000.0          0.3                  0.3                           0.3                   0.3                  0.3                      0.3                     
80                0.01                   1250.0              5          1                   400000.0          0.1                  0                             0                     0                    0                        0                       
81                0.01                   1250.0              5          1                   400000.0          0.3                  0                             0                     0                    0                        0                       
82                0.01                   1250.0              5          1                   400000.0          0.5                  0                             0                     0                    0                        0                       
83                0.01                   1250.0              5          1                   400000.0          1.5                  0                             0                     0                    0                        0                       
84                0.01                   1250.0              5          1                   400000.0          0                    0.1                           0                     0                    0                        0                       
85                0.01                   1250.0              5          1                   400000.0          0                    0.3                           0                     0                    0                        0                       
86                0.01                   1250.0              5          1                   400000.0          0                    0.5                           0                     0                    0                        0                       
87                0.01                   1250.0              5          1                   400000.0          0                    1.5                           0                     0                    0                        0                       
88                0.01                   1250.0              5          1                   400000.0          0                    0                             0.1                   0                    0                        0                       
89                0.01                   1250.0              5          1                   400000.0          0                    0                             0.3                   0                    0                        0                       
90                0.01                   1250.0              5          1                   400000.0          0                    0                             0.5                   0                    0                        0                       
91                0.01                   1250.0              5          1                   400000.0          0                    0                             1.5                   0                    0                        0                       
92                0.01                   1250.0              5          1                   400000.0          0                    0                             0                     0.1                  0                        0                       
93                0.01                   1250.0              5          1                   400000.0          0                    0                             0                     0.3                  0                        0                       
94                0.01                   1250.0              5          1                   400000.0          0                    0                             0                     0.5                  0                        0                       
95                0.01                   1250.0              5          1                   400000.0          0                    0                             0                     1.5                  0                        0                       
96                0.01                   1250.0              5          1                   400000.0          0                    0                             0                     0                    0.1                      0                       
97                0.01                   1250.0              5          1                   400000.0          0                    0                             0                     0                    0.3                      0                       
98                0.01                   1250.0              5          1                   400000.0          0                    0                             0                     0                    0.5                      0                       
99                0.01                   1250.0              5          1                   400000.0          0                    0                             0                     0                    1.5                      0                       
100               0.01                   1250.0              5          1                   400000.0          0                    0                             0                     0                    0                        0.1                     
101               0.01                   1250.0              5          1                   400000.0          0                    0                             0                     0                    0                        0.3                     
102               0.01                   1250.0              5          1                   400000.0          0                    0                             0                     0                    0                        0.5                     
103               0.01                   1250.0              5          1                   400000.0          0                    0                             0                     0                    0                        1.5                     
104               0.01                   1500.0              5          1                   400000.0          0                    0                             0                     0                    0                        0                       
105               0.01                   1500.0              5          1                   400000.0          0.3                  0.3                           0.3                   0.3                  0.3                      0.3                     
106               0.01                   1500.0              5          1                   400000.0          0.1                  0                             0                     0                    0                        0                       
107               0.01                   1500.0              5          1                   400000.0          0.3                  0                             0                     0                    0                        0                       
108               0.01                   1500.0              5          1                   400000.0          0.5                  0                             0                     0                    0                        0                       
109               0.01                   1500.0              5          1                   400000.0          1.5                  0                             0                     0                    0                        0                       
110               0.01                   1500.0              5          1                   400000.0          0                    0.1                           0                     0                    0                        0                       
111               0.01                   1500.0              5          1                   400000.0          0                    0.3                           0                     0                    0                        0                       
112               0.01                   1500.0              5          1                   400000.0          0                    0.5                           0                     0                    0                        0                       
113               0.01                   1500.0              5          1                   400000.0          0                    1.5                           0                     0                    0                        0                       
114               0.01                   1500.0              5          1                   400000.0          0                    0                             0.1                   0                    0                        0                       
115               0.01                   1500.0              5          1                   400000.0          0                    0                             0.3                   0                    0                        0                       
116               0.01                   1500.0              5          1                   400000.0          0                    0                             0.5                   0                    0                        0                       
117               0.01                   1500.0              5          1                   400000.0          0                    0                             1.5                   0                    0                        0                       
118               0.01                   1500.0              5          1                   400000.0          0                    0                             0                     0.1                  0                        0                       
119               0.01                   1500.0              5          1                   400000.0          0                    0                             0                     0.3                  0                        0                       
120               0.01                   1500.0              5          1                   400000.0          0                    0                             0                     0.5                  0                        0                       
121               0.01                   1500.0              5          1                   400000.0          0                    0                             0                     1.5                  0                        0                       
122               0.01                   1500.0              5          1                   400000.0          0                    0                             0                     0                    0.1                      0                       
123               0.01                   1500.0              5          1                   400000.0          0                    0                             0                     0                    0.3                      0                       
124               0.01                   1500.0              5          1                   400000.0          0                    0                             0                     0                    0.5                      0                       
125               0.01                   1500.0              5          1                   400000.0          0                    0                             0                     0                    1.5                      0                       
126               0.01                   1500.0              5          1                   400000.0          0                    0                             0                     0                    0                        0.1                     
127               0.01                   1500.0              5          1                   400000.0          0                    0                             0                     0                    0                        0.3                     
128               0.01                   1500.0              5          1                   400000.0          0                    0                             0                     0                    0                        0.5                     
129               0.01                   1500.0              5          1                   400000.0          0                    0                             0                     0                    0                        1.5                     
130               0.01                   1750.0              5          1                   400000.0          0                    0                             0                     0                    0                        0                       
131               0.01                   1750.0              5          1                   400000.0          0.3                  0.3                           0.3                   0.3                  0.3                      0.3                     
132               0.01                   1750.0              5          1                   400000.0          0.1                  0                             0                     0                    0                        0                       
133               0.01                   1750.0              5          1                   400000.0          0.3                  0                             0                     0                    0                        0                       
134               0.01                   1750.0              5          1                   400000.0          0.5                  0                             0                     0                    0                        0                       
135               0.01                   1750.0              5          1                   400000.0          1.5                  0                             0                     0                    0                        0                       
136               0.01                   1750.0              5          1                   400000.0          0                    0.1                           0                     0                    0                        0                       
137               0.01                   1750.0              5          1                   400000.0          0                    0.3                           0                     0                    0                        0                       
138               0.01                   1750.0              5          1                   400000.0          0                    0.5                           0                     0                    0                        0                       
139               0.01                   1750.0              5          1                   400000.0          0                    1.5                           0                     0                    0                        0                       
140               0.01                   1750.0              5          1                   400000.0          0                    0                             0.1                   0                    0                        0                       
141               0.01                   1750.0              5          1                   400000.0          0                    0                             0.3                   0                    0                        0                       
142               0.01                   1750.0              5          1                   400000.0          0                    0                             0.5                   0                    0                        0                       
143               0.01                   1750.0              5          1                   400000.0          0                    0                             1.5                   0                    0                        0                       
144               0.01                   1750.0              5          1                   400000.0          0                    0                             0                     0.1                  0                        0                       
145               0.01                   1750.0              5          1                   400000.0          0                    0                             0                     0.3                  0                        0                       
146               0.01                   1750.0              5          1                   400000.0          0                    0                             0                     0.5                  0                        0                       
147               0.01                   1750.0              5          1                   400000.0          0                    0                             0                     1.5                  0                        0                       
148               0.01                   1750.0              5          1                   400000.0          0                    0                             0                     0                    0.1                      0                       
149               0.01                   1750.0              5          1                   400000.0          0                    0                             0                     0                    0.3                      0                       
150               0.01                   1750.0              5          1                   400000.0          0                    0                             0                     0                    0.5                      0                       
151               0.01                   1750.0              5          1                   400000.0          0                    0                             0                     0                    1.5                      0                       
152               0.01                   1750.0              5          1                   400000.0          0                    0                             0                     0                    0                        0.1                     
153               0.01                   1750.0              5          1                   400000.0          0                    0                             0                     0                    0                        0.3                     
154               0.01                   1750.0              5          1                   400000.0          0                    0                             0                     0                    0                        0.5                     
155               0.01                   1750.0              5          1                   400000.0          0                    0                             0                     0                    0                        1.5                     
156               0.01                   2000.0              5          1                   400000.0          0                    0                             0                     0                    0                        0                       
157               0.01                   2000.0              5          1                   400000.0          0.3                  0.3                           0.3                   0.3                  0.3                      0.3                     
158               0.01                   2000.0              5          1                   400000.0          0.1                  0                             0                     0                    0                        0                       
159               0.01                   2000.0              5          1                   400000.0          0.3                  0                             0                     0                    0                        0                       
160               0.01                   2000.0              5          1                   400000.0          0.5                  0                             0                     0                    0                        0                       
161               0.01                   2000.0              5          1                   400000.0          1.5                  0                             0                     0                    0                        0                       
162               0.01                   2000.0              5          1                   400000.0          0                    0.1                           0                     0                    0                        0                       
163               0.01                   2000.0              5          1                   400000.0          0                    0.3                           0                     0                    0                        0                       
164               0.01                   2000.0              5          1                   400000.0          0                    0.5                           0                     0                    0                        0                       
165               0.01                   2000.0              5          1                   400000.0          0                    1.5                           0                     0                    0                        0                       
166               0.01                   2000.0              5          1                   400000.0          0                    0                             0.1                   0                    0                        0                       
167               0.01                   2000.0              5          1                   400000.0          0                    0                             0.3                   0                    0                        0                       
168               0.01                   2000.0              5          1                   400000.0          0                    0                             0.5                   0                    0                        0                       
169               0.01                   2000.0              5          1                   400000.0          0                    0                             1.5                   0                    0                        0                       
170               0.01                   2000.0              5          1                   400000.0          0                    0                             0                     0.1                  0                        0                       
171               0.01                   2000.0              5          1                   400000.0          0                    0                             0                     0.3                  0                        0                       
172               0.01                   2000.0              5          1                   400000.0          0                    0                             0                     0.5                  0                        0                       
173               0.01                   2000.0              5          1                   400000.0          0                    0                             0                     1.5                  0                        0                       
174               0.01                   2000.0              5          1                   400000.0          0                    0                             0                     0                    0.1                      0                       
175               0.01                   2000.0              5          1                   400000.0          0                    0                             0                     0                    0.3                      0                       
176               0.01                   2000.0              5          1                   400000.0          0                    0                             0                     0                    0.5                      0                       
177               0.01                   2000.0              5          1                   400000.0          0                    0                             0                     0                    1.5                      0                       
178               0.01                   2000.0              5          1                   400000.0          0                    0                             0                     0                    0                        0.1                     
179               0.01                   2000.0              5          1                   400000.0          0                    0                             0                     0                    0                        0.3                     
180               0.01                   2000.0              5          1                   400000.0          0                    0                             0                     0                    0                        0.5                     
181               0.01                   2000.0              5          1                   400000.0          0                    0                             0                     0                    0                        1.5                     
