Simulation Number ExitSlit.totalHeight CPMU20.photonEnergy PG.orderDiffraction CPMU20.numberRays PG.cFactor
0                 0.02                 502                 2                   500000.0          1.17662360156545
1                 0.02                 504                 2                   500000.0          1.17747901516844
2                 0.02                 506                 2                   500000.0          1.17837189466193
3                 0.02                 508                 2                   500000.0          1.1791362468331
4                 0.02                 510                 2                   500000.0          1.18000708146274
5                 0.02                 512                 2                   500000.0          1.18089388467086
6                 0.02                 514                 2                   500000.0          1.18169303123046
7                 0.02                 516                 2                   500000.0          1.18256256858225
8                 0.02                 518                 2                   500000.0          1.18333929872482
9                 0.02                 520                 2                   500000.0          1.18413280440169
10                0.02                 522                 2                   500000.0          1.184814908884
11                0.02                 524                 2                   500000.0          1.18564428721044
12                0.02                 526                 2                   500000.0          1.18623535979449
13                0.02                 528                 2                   500000.0          1.18691311580508
14                0.02                 530                 2                   500000.0          1.18740617352132
15                0.02                 532                 2                   500000.0          1.18810554884438
16                0.02                 534                 2                   500000.0          1.18943277689967
17                0.02                 536                 2                   500000.0          1.19165789569026
18                0.02                 538                 2                   500000.0          1.1933953170949
19                0.02                 540                 2                   500000.0          1.19462031821519
20                0.02                 542                 2                   500000.0          1.19557065892945
21                0.02                 544                 2                   500000.0          1.19668353378915
22                0.02                 546                 2                   500000.0          1.19757869607337
23                0.02                 548                 2                   500000.0          1.19860065465315
24                0.02                 550                 2                   500000.0          1.19963845879841
25                0.02                 552                 2                   500000.0          1.20065872263705
26                0.02                 554                 2                   500000.0          1.20181115118366
27                0.02                 556                 2                   500000.0          1.20295231364558
28                0.02                 558                 2                   500000.0          1.20410472404016
29                0.02                 560                 2                   500000.0          1.20514112000624
30                0.02                 562                 2                   500000.0          1.20653239223348
31                0.02                 564                 2                   500000.0          1.20811897847302
32                0.02                 566                 2                   500000.0          1.2098506842126
33                0.02                 568                 2                   500000.0          1.21147483348648
34                0.02                 570                 2                   500000.0          1.21322571296527
35                0.02                 572                 2                   500000.0          1.22040172983306
36                0.02                 574                 2                   500000.0          1.22372713714585
37                0.02                 576                 2                   500000.0          1.22027554950736
38                0.02                 578                 2                   500000.0          1.21702969464689
39                0.02                 580                 2                   500000.0          1.21534946177801
40                0.02                 582                 2                   500000.0          1.21559007975785
41                0.02                 584                 2                   500000.0          1.21587072513883
42                0.02                 586                 2                   500000.0          1.21614745395122
43                0.02                 588                 2                   500000.0          1.21641984515278
44                0.02                 590                 2                   500000.0          1.21696884226858
45                0.02                 592                 2                   500000.0          1.21747564218327
46                0.02                 594                 2                   500000.0          1.21811891168984
47                0.02                 596                 2                   500000.0          1.21860384648691
48                0.02                 598                 2                   500000.0          1.21910049382016
49                0.02                 600                 2                   500000.0          1.21985929056978
50                0.02                 602                 2                   500000.0          1.22050059246538
51                0.02                 604                 2                   500000.0          1.22113579614298
52                0.02                 606                 2                   500000.0          1.22175151083902
53                0.02                 608                 2                   500000.0          1.22238215795596
54                0.02                 610                 2                   500000.0          1.22318836533182
55                0.02                 612                 2                   500000.0          1.22388822314828
56                0.02                 614                 2                   500000.0          1.2245971197151
57                0.02                 616                 2                   500000.0          1.2252878876884
58                0.02                 618                 2                   500000.0          1.225923815419
59                0.02                 620                 2                   500000.0          1.22668718395639
60                0.02                 622                 2                   500000.0          1.22741865002142
61                0.02                 624                 2                   500000.0          1.22816432589286
62                0.02                 626                 2                   500000.0          1.22887045718098
63                0.02                 628                 2                   500000.0          1.22959507691401
64                0.02                 630                 2                   500000.0          1.23040421769492
65                0.02                 632                 2                   500000.0          1.23117903184959
66                0.02                 634                 2                   500000.0          1.2319261619573
67                0.02                 636                 2                   500000.0          1.23270341452702
68                0.02                 638                 2                   500000.0          1.23347773841695
69                0.02                 640                 2                   500000.0          1.23422873606346
70                0.02                 642                 2                   500000.0          1.23521015912391
71                0.02                 644                 2                   500000.0          1.23598529338285
72                0.02                 646                 2                   500000.0          1.23678336528058
73                0.02                 648                 2                   500000.0          1.2375610899281
74                0.02                 650                 2                   500000.0          1.23833604842222
75                0.02                 652                 2                   500000.0          1.23915559600907
76                0.02                 654                 2                   500000.0          1.23991243430684
77                0.02                 656                 2                   500000.0          1.24074079328274
78                0.02                 658                 2                   500000.0          1.24155651007879
79                0.02                 660                 2                   500000.0          1.24231942993718
80                0.02                 662                 2                   500000.0          1.24314995045508
81                0.02                 664                 2                   500000.0          1.24399008048548
82                0.02                 666                 2                   500000.0          1.24478593786844
83                0.02                 668                 2                   500000.0          1.24561914540455
84                0.02                 670                 2                   500000.0          1.24636834168605
85                0.02                 672                 2                   500000.0          1.24722718437682
86                0.02                 674                 2                   500000.0          1.24809630082086
87                0.02                 676                 2                   500000.0          1.24884567323607
88                0.02                 678                 2                   500000.0          1.24968323318255
89                0.02                 680                 2                   500000.0          1.25043238280315
90                0.02                 682                 2                   500000.0          1.2512710931248
91                0.02                 684                 2                   500000.0          1.25210187482514
92                0.02                 686                 2                   500000.0          1.2528606408531
93                0.02                 688                 2                   500000.0          1.2537017293449
94                0.02                 690                 2                   500000.0          1.25445082841514
95                0.02                 692                 2                   500000.0          1.25529326238378
96                0.02                 694                 2                   500000.0          1.25608149875268
97                0.02                 696                 2                   500000.0          1.25688263441476
98                0.02                 698                 2                   500000.0          1.25768349177669
99                0.02                 700                 2                   500000.0          1.25848494585637
100               0.02                 702                 2                   500000.0          1.25928548443795
101               0.02                 704                 2                   500000.0          1.2600864681475
102               0.02                 706                 2                   500000.0          1.26088685337121
103               0.02                 708                 2                   500000.0          1.26168753417693
104               0.02                 710                 2                   500000.0          1.26248794694978
105               0.02                 712                 2                   500000.0          1.2634870605769
106               0.02                 714                 2                   500000.0          1.2642888534796
107               0.02                 716                 2                   500000.0          1.26509115522965
108               0.02                 718                 2                   500000.0          1.26589288992069
109               0.02                 720                 2                   500000.0          1.266694990595
110               0.02                 722                 2                   500000.0          1.26742532522346
111               0.02                 724                 2                   500000.0          1.26822702873633
112               0.02                 726                 2                   500000.0          1.26902888811467
113               0.02                 728                 2                   500000.0          1.26983031425198
114               0.02                 730                 2                   500000.0          1.27055805381929
115               0.02                 732                 2                   500000.0          1.27135901229813
116               0.02                 734                 2                   500000.0          1.272159837589
117               0.02                 736                 2                   500000.0          1.27296098866863
118               0.02                 738                 2                   500000.0          1.27368491854199
119               0.02                 740                 2                   500000.0          1.27448555561608
120               0.02                 742                 2                   500000.0          1.27528577565715
121               0.02                 744                 2                   500000.0          1.276086046278
122               0.02                 746                 2                   500000.0          1.27688630008345
123               0.02                 748                 2                   500000.0          1.27768646892401
124               0.02                 750                 2                   500000.0          1.27848648389625
125               0.02                 752                 2                   500000.0          1.2792868307211
126               0.02                 754                 2                   500000.0          1.28016843760962
127               0.02                 756                 2                   500000.0          1.28096914587123
128               0.02                 758                 2                   500000.0          1.2817699952141
129               0.02                 760                 2                   500000.0          1.28257035434233
130               0.02                 762                 2                   500000.0          1.28337129179016
131               0.02                 764                 2                   500000.0          1.28418710389317
132               0.02                 766                 2                   500000.0          1.28505838495462
133               0.02                 768                 2                   500000.0          1.28585885107582
134               0.02                 770                 2                   500000.0          1.28689382385114
135               0.02                 772                 2                   500000.0          1.28769614424958
136               0.02                 774                 2                   500000.0          1.28835108195056
137               0.02                 776                 2                   500000.0          1.2891523913895
138               0.02                 778                 2                   500000.0          1.28995378710095
139               0.02                 780                 2                   500000.0          1.29084637328192
140               0.02                 782                 2                   500000.0          1.29164824012589
141               0.02                 784                 2                   500000.0          1.29245061579877
142               0.02                 786                 2                   500000.0          1.29326685540874
143               0.02                 788                 2                   500000.0          1.29414859932067
144               0.02                 790                 2                   500000.0          1.29519742122294
145               0.02                 792                 2                   500000.0          1.29600119569745
146               0.02                 794                 2                   500000.0          1.29690183422233
147               0.02                 796                 2                   500000.0          1.29770587029687
148               0.02                 798                 2                   500000.0          1.29851063884867
149               0.02                 800                 2                   500000.0          1.29941365924252
