Energy	Efficiency(PM)	theta(PM)
500	0.01801424793	74.54655129
502	0.01656146393	74.61082334
504	0.01512380918	74.67462958
506	0.01430536118	74.73933131
508	0.01290231999	74.79822969
510	0.01134231332	74.86100831
512	0.009792708191	74.92385132
514	0.008938193162	74.9825574
516	0.007719044612	75.04371053
518	0.006489866244	75.1006124
520	0.005115687143	75.15767779
522	0.004165151627	75.21393791
524	0.003316695066	75.27140868
526	0.002378983153	75.31929016
528	0.001749094269	75.37021599
530	0.001156886337	75.4136307
532	8.129343617E-4	75.46460156
534	7.02989329E-4	75.53879946
536	9.182012295E-4	75.64123181
538	0.001686306698	75.72815176
540	0.00275060691	75.7914867
542	0.004205287153	75.85255496
544	0.006809895499	75.91071597
546	0.01025471328	75.96868308
548	0.01470091801	76.02655992
550	0.02033823887	76.08442912
552	0.02617724566	76.14123963
554	0.03756274122	76.19762771
556	0.05002918099	76.25710807
558	0.06424639153	76.31637373
560	0.07986228424	76.37529036
562	0.1088107338	76.4405448
564	0.1501817144	76.51079071
566	0.193011707	76.58072043
568	0.2356095887	76.65433845
570	0.2821401322	76.72667923
572	0.4975172447	76.94906532
574	0.3089318955	76.9619893
576	0.1986860573	76.90425464
578	0.1390695373	76.87073431
580	0.1088272935	76.86544558
582	0.1038138563	76.89467144
584	0.09910728999	76.92884022
586	0.0950469653	76.96274025
588	0.09167582374	76.99637484
590	0.09004977851	77.0372588
592	0.08885942462	77.07644701
594	0.08803955212	77.11138847
596	0.08728663787	77.14958384
598	0.08685232861	77.18789154
600	0.08668872475	77.22917258
602	0.08661970003	77.2667989
604	0.08648652154	77.30802853
606	0.08661997703	77.34454443
608	0.08681025042	77.38521631
610	0.08699609154	77.42244262
612	0.08728106255	77.46437892
614	0.08762524537	77.50229397
616	0.08806542367	77.53953407
618	0.08834105617	77.579184
620	0.08878195032	77.61774043
622	0.08928296865	77.65526235
624	0.08969626239	77.69289939
626	0.09013459857	77.73334596
628	0.09063978363	77.77000613
630	0.09107572259	77.80843474
632	0.09162271024	77.84579613
634	0.091758144	77.88228403
636	0.0924467951	77.91923852
638	0.09319005646	77.95988103
640	0.09341409781	77.99577319
642	0.09391428238	78.03302823
644	0.09486198618	78.06897591
646	0.09541149936	78.10520741
648	0.09574712147	78.14075845
650	0.09666190446	78.17603135
652	0.09742460053	78.21205273
654	0.0976894658	78.25048859
656	0.09855769054	78.28625474
658	0.0991127927	78.32152038
660	0.09966618908	78.35543097
662	0.1003165641	78.3905731
664	0.1006034645	78.42569638
666	0.1012684719	78.45966974
668	0.1019973981	78.49420903
670	0.1024739222	78.52679449
672	0.1032294365	78.56143862
674	0.1039194063	78.59606615
676	0.1044591193	78.62805688
678	0.105568424	78.66162559
680	0.1060305682	78.69322534
682	0.1069893554	78.73041628
684	0.1079164205	78.76324412
686	0.1084368366	78.79445234
688	0.1094750063	78.82709222
690	0.1101154317	78.85774759
692	0.1111180655	78.89002695
694	0.1118219889	78.92106754
696	0.1126005164	78.952172
698	0.1134796898	78.98309061
700	0.1143644644	79.01782863
702	0.1151838019	79.04837817
704	0.116015861	79.07874902
706	0.1168602137	79.1089437
708	0.1178815426	79.1389555
710	0.1187431844	79.16879431
712	0.1196184083	79.19846216
714	0.1205086789	79.22796226
716	0.121553208	79.25729387
718	0.1224621579	79.28645798
720	0.1233820181	79.31945441
722	0.1250139754	79.34703143
724	0.1260354918	79.37569746
726	0.1269897704	79.40420161
728	0.1279587025	79.43254564
730	0.1296073113	79.45946107
732	0.1306000219	79.48748053
734	0.1316073816	79.51534395
736	0.132634876	79.54705173
738	0.1343991004	79.57332407
740	0.1354572925	79.60072156
742	0.1365252243	79.62796581
744	0.1375990146	79.65505659
746	0.1386882665	79.68199892
748	0.139798653	79.70879239
750	0.1409134616	79.735437
752	0.1420473261	79.76193697
754	0.1423654628	79.78959749
756	0.1435136184	79.81980861
758	0.1446917923	79.84587857
760	0.145905067	79.8718071
762	0.1471363604	79.89759373
764	0.1481418513	79.92348589
766	0.1486581636	79.95007881
768	0.1499322399	79.97545145
770	0.1512048621	80.00068941
772	0.1524896613	80.0257934
774	0.152777543	80.05209922
776	0.1540905092	80.07693794
778	0.1554081755	80.10164605
780	0.1556518827	80.12756788
782	0.1570205294	80.15201538
784	0.1584159456	80.17633531
786	0.1594342941	80.20073952
788	0.1599442551	80.22595073
790	0.1612594035	80.24989326
792	0.1626741197	80.27770889
794	0.1629817914	80.30276993
796	0.1644289367	80.3263416
798	0.1658963384	80.34979116
800	0.166202393	80.37449864
802	0.1676941831	80.39770963
804	0.1682934299	80.42174271
806	0.1694057032	80.44516219
808	0.1707205194	80.46801862
810	0.1710444598	80.4921569
812	0.1725963573	80.5147831
814	0.1741744162	80.53729482
816	0.1745018453	80.56110053
818	0.1756909156	80.58338817
820	0.1773102774	80.60556199
822	0.1776468741	80.62904194
824	0.1793122512	80.65099852
826	0.1809893845	80.67284169
828	0.1808268119	80.69600353
830	0.182530146	80.71763505
832	0.1842581016	80.73915603
834	0.1846163796	80.76200651
836	0.1860984101	80.78331945
838	0.1877621929	80.80452637
840	0.188028281	80.82707295
842	0.1897495676	80.84807448
844	0.1911168254	80.86934873
846	0.1917699599	80.89122381
848	0.1935441738	80.91192057
850	0.1938228237	80.93398001
852	0.1956144403	80.95447889
854	0.1973426217	80.97894585
856	0.1976537786	80.99665042
858	0.1994925296	81.02085742
860	0.1997214135	81.03844226
862	0.2015858853	81.06245647
864	0.2018216481	81.07986113
866	0.2036952413	81.10368701
868	0.2038845009	81.12090946
870	0.2057688782	81.14455069
872	0.205963145	81.16159782
874	0.2078687972	81.18505393
876	0.2084904544	81.20155149
878	0.2100024917	81.22120284
880	0.2112248714	81.24100227
882	0.2120910921	81.26100029
884	0.2140589568	81.28401112
886	0.2141891735	81.30045528
888	0.2151821411	81.32010003
890	0.2162998184	81.33956491
892	0.2183049975	81.36223904
894	0.2184147815	81.37834211
896	0.2195572809	81.39748701
898	0.220413843	81.41678702
900	0.2208705779	81.43632636
902	0.2224340359	81.45490709
904	0.2242680467	81.47320332
906	0.2244649229	81.49270255
908	0.225817554	81.51122574
910	0.226448038	81.53018191
912	0.2273587329	81.54884812
914	0.2283939302	81.56734921
916	0.230419054	81.58503178
918	0.2303460028	81.60420605
920	0.2323918254	81.62173116
922	0.2323134898	81.6407596
924	0.2343510813	81.65813088
926	0.2342124291	81.67701125
928	0.2362632715	81.69423146
930	0.2361162746	81.71296991
932	0.2381850175	81.73003861
934	0.2380161759	81.74863243
936	0.2401111387	81.76555442
938	0.2399202082	81.78400993
940	0.241989661	81.80078467
942	0.2417454507	81.81910029
944	0.2438395302	81.83573267
946	0.2458159989	81.85238512
948	0.2456918789	81.87040164
950	0.247819635	81.88681914
952	0.2475487979	81.90479681
954	0.2496962767	81.92107565
956	0.2493868343	81.93891917
958	0.2515437286	81.95505974
960	0.2512235997	81.97277542
962	0.2534029787	81.98878048
964	0.254671197	82.00531661
966	0.2552563588	82.02223612
968	0.257475237	82.03803988
970	0.2570844564	82.05543525
972	0.2592834625	82.07110555
974	0.2588661039	82.08837734
976	0.2610937771	82.10391989
978	0.2606530885	82.12106872
980	0.2628939177	82.13648069
982	0.2631297039	82.15307903
984	0.2646910895	82.16879618
986	0.2668122314	82.18408773
988	0.2663884049	82.20086631
990	0.2686409605	82.21596499
992	0.2680862044	82.23269835
994	0.2703558054	82.24767346
996	0.269766561	82.26428878
998	0.272058578	82.27914301
1000	0.2736313389	82.29435757
1002	0.2736683415	82.31038114
1004	0.2759113197	82.32505432
1006	0.2751995585	82.34138781
1008	0.2774679838	82.35594539
1010	0.2767262345	82.37216896
1012	0.2790043226	82.38660829
1014	0.2783867838	82.40263425
1016	0.2805188498	82.41704955
1018	0.2827701857	82.43131727
1020	0.2818943405	82.44726848
1022	0.2841508826	82.461423
1024	0.2832703089	82.473271
1026	0.2855248559	82.49131503
1028	0.2872619164	82.50559735
1030	0.2868935957	82.51698965
1032	0.289170439	82.53486743
1034	0.2882420843	82.54645679
1036	0.2904753805	82.56022507
1038	0.292131061	82.57426698
1040	0.2917688541	82.5893757
1042	0.2940374425	82.60298548
1044	0.2930458543	82.61832272
1046	0.2953235852	82.63182651
1048	0.2943940256	82.64701692
1050	0.2965767282	82.66046981
1052	0.298843376	82.67381794
1054	0.2977443788	82.68891259
1056	0.3000246168	82.70215897
1058	0.3004906209	82.71632134
1060	0.3011916051	82.73030821
1062	0.3034924709	82.74340274
1064	0.3023215292	82.75826406
1066	0.3046346291	82.77126158
1068	0.3069297769	82.78420976
1070	0.3056692461	82.79893155
1072	0.3079593492	82.81178032
1074	0.3081458735	82.82566082
1076	0.3089722512	82.83916869
1078	0.311286919	82.85187311
1080	0.3099442226	82.86637164
1082	0.3122736819	82.87898244
1084	0.3145897427	82.89154554
1086	0.3131691623	82.90591407
1088	0.3154653813	82.91838306
1090	0.3173481275	82.93101609
1092	0.3163031145	82.94504438
1094	0.3186315209	82.95737721
1096	0.3188359284	82.970696
1098	0.3194404332	82.98377383
1100	0.3217838552	82.99597012
1102	0.3204930773	83.00985561
1104	0.3225015758	83.0221098
1106	0.3248123661	83.03417106
1108	0.3231458441	83.04807796
1110	0.3254771561	83.06005391
1112	0.3278177076	83.07198575
1114	0.3260987736	83.08577142
1116	0.3284432126	83.09761603
1118	0.3307936181	83.10941717
1120	0.3289943054	83.12308589
1122	0.331318526	83.13480378
1124	0.3336373967	83.1464779
1126	0.3317692825	83.16002973
1128	0.3341083404	83.17162244
1130	0.3364557053	83.18317335
1132	0.3345574231	83.19261028
1134	0.3368793486	83.20807765
1136	0.3392392587	83.21950389
1138	0.3373012382	83.22882975
1140	0.3395859177	83.24017691
1142	0.3418801269	83.25548131
1144	0.3399205319	83.26469555
1146	0.3422159314	83.27592253
1148	0.344520182	83.28710966
1150	0.3425234076	83.30021628
1152	0.3448293299	83.31132425
1154	0.3471436322	83.32239314
1156	0.3450581161	83.33539328
1158	0.3472413749	83.34643517
1160	0.348260965	83.35795302
1162	0.3491541368	83.36948896
1164	0.3500509701	83.38098659
1166	0.3509560332	83.39244636
1168	0.3518640673	83.40386755
1170	0.3527640193	83.4152487
1172	0.3536678373	83.42659196
1174	0.3545683827	83.43789618
1176	0.3554500101	83.44916034
1178	0.3563326332	83.46038668
1180	0.357207447	83.47157459
1182	0.3580883733	83.48272573
1184	0.3589742688	83.4938404
1186	0.3598667578	83.50491918
1188	0.3607558253	83.51595996
1190	0.3616405131	83.52696331
1192	0.3625320163	83.5379313
1194	0.3633993965	83.5488595
1196	0.364267591	83.55975205
1198	0.3651295393	83.57060756
1200	0.3659889917	83.58142723
1202	0.3668552677	83.59221207
1204	0.3677256192	83.60296224
1206	0.3686010329	83.61367799
1208	0.3694704424	83.62435764
1210	0.3703407835	83.63500211
1212	0.3712073595	83.64561151
1214	0.3720574111	83.65618343
1216	0.3729125543	83.66672119
1218	0.3737573252	83.67722366
1220	0.3746046777	83.68769258
1222	0.3754578267	83.6981284
1224	0.3763145952	83.70853143
1226	0.377176639	83.71890152
1228	0.3780297818	83.72923643
1230	0.3788856499	83.73953799
1232	0.3797339683	83.74980519
1234	0.3805733314	83.76003688
1236	0.3814152274	83.77023652
1238	0.3822500702	83.78040275
1240	0.3830959947	83.78653654
1242	0.3839582907	83.79663936
1244	0.3848260335	83.80671045
1246	0.3856955516	83.8167502
1248	0.3865606124	83.82675751
1250	0.387426605	83.83673318
1252	0.3882863657	83.84667604
1254	0.3891339057	83.8565854
1256	0.3899853033	83.86646435
1258	0.3908318375	83.87631071
1260	0.3916770515	83.88612613
1262	0.392529662	83.89591158
1264	0.3933849975	83.90566718
1266	0.3942451876	83.9153931
1268	0.3950994658	83.92508777
1270	0.3959568446	83.9347524
1272	0.3968059125	83.94438624
1274	0.3976408885	83.95398808
1276	0.3984794107	83.96356114
1278	0.3993180284	83.97310432
1280	0.4001540007	83.98261781
1282	0.4009936452	83.99210252
1284	0.4018372814	84.00155912
1286	0.4026865586	84.01098734
1288	0.4035346534	84.02038608
1290	0.4043736033	84.0297547
1292	0.405216376	84.03909527
1294	0.4060301713	84.0484034
1296	0.4068500238	84.05768441
1298	0.4076709185	84.06693707
1300	0.408484025	84.07616092
1302	0.4093013007	84.08535729
1304	0.4101223556	84.09452649
1306	0.4109476247	84.10366873
1308	0.4117777766	84.11278386
1310	0.412600904	84.12187126
1312	0.4134197981	84.13093083
1314	0.4142271191	84.13996102
1316	0.415025085	84.14896304
1318	0.4158278233	84.15793868
1320	0.4166282706	84.16688731
1322	0.417422569	84.17580801
1324	0.4182195463	84.18470279
1326	0.4190239914	84.1935717
1328	0.4198292835	84.20241511
1330	0.4206376808	84.21123216
1332	0.4214356224	84.22002211
1334	0.4222326019	84.22878565
1336	0.4230116765	84.23751989
1338	0.4237897381	84.24622798
1340	0.4245725543	84.25491124
1342	0.4253513577	84.26356878
1344	0.4261275698	84.27220088
1346	0.4269089707	84.28080854
1348	0.4276937393	84.28939132
1350	0.4284811308	84.29794971
1352	0.4292886743	84.30248331
1354	0.4300906218	84.31099049
1356	0.43088827	84.31947215
1358	0.4316696286	84.3279261
1360	0.4324502383	84.33635608
1362	0.4332365502	84.34476202
1364	0.4340156744	84.35314311
1366	0.4347954226	84.36149943
1368	0.4355784255	84.36983244
1370	0.4363651015	84.37814223
1372	0.4371555477	84.38642846
1374	0.4379478877	84.39469166
1376	0.4387327429	84.40293014
1378	0.4395115617	84.41114425
1380	0.4402736042	84.41933136
1382	0.4410367037	84.42749529
1384	0.4418061098	84.43563687
1386	0.4425688924	84.44375454
1388	0.4433300988	84.45184792
1390	0.4440935493	84.4599191
1392	0.4448609494	84.46796809
1394	0.4456308751	84.47599461
1396	0.4464046761	84.48399935
1398	0.4471700042	84.49198036
1400	0.4479291365	84.49993803
1402	0.4486735285	84.50787047
1404	0.4494163394	84.51578039
1406	0.4501639784	84.52366869
1408	0.4509116257	84.53153472
1410	0.4516515173	84.53937792
1412	0.452394819	84.5471996
1414	0.4531415685	84.55500002
1416	0.4538917683	84.56277928
1418	0.4546473216	84.57053747
1420	0.4553962171	84.57827398
1422	0.4561403197	84.58598845
1424	0.4568677551	84.59367769
1426	0.4575909013	84.60134482
1428	0.4583190689	84.60899119
1430	0.4590492565	84.61661704
1432	0.4597754299	84.624221
1434	0.4604983136	84.63180385
1436	0.4612254154	84.63936622
1438	0.4619546715	84.64690842
1440	0.4626870733	84.65443067
1442	0.4634221144	84.66193255
1444	0.4641504973	84.66941311
1446	0.4648687406	84.67687143
1448	0.4655771629	84.68430614
1450	0.4662893799	84.69172091
1452	0.4670021739	84.69911595
1454	0.4677176416	84.70649115
1456	0.4684291546	84.7138457
1458	0.4691390723	84.72118064
1460	0.469851478	84.72849595
1462	0.4705685642	84.73579212
1464	0.4712881446	84.74306928
1466	0.4720094075	84.75032731
1468	0.4727201296	84.75756471
1470	0.4734220639	84.76477956
1472	0.4741182273	84.77197324
1474	0.4748396724	84.77514781
1476	0.4755653509	84.78230368
1478	0.4762955229	84.78944108
1480	0.4770141458	84.79655736
1482	0.4777368258	84.80365557
1484	0.4784639014	84.81073511
1486	0.4791919991	84.81779639
1488	0.4799247515	84.82483947
1490	0.4806583221	84.83186435
1492	0.4813835177	84.83886958
1494	0.4821016277	84.84585442
1496	0.4828230757	84.85281942
1498	0.4835458658	84.85976669
1500	0.4842694949	84.86669594
1502	0.4849983377	84.87360728
1504	0.4857202187	84.88049972
1506	0.4864446737	84.88737431
1508	0.4871710766	84.89423141
1510	0.4879002241	84.90107096
1512	0.4886335038	84.90789301
1514	0.4893668063	84.91469782
1516	0.4900940657	84.92148469
1518	0.4908010521	84.92825186
1520	0.4914999961	84.93500019
1522	0.4922016702	84.94173193
1524	0.4929035412	84.94844615
1526	0.4936093309	84.95514393
1528	0.4943134481	84.9618237
1530	0.4950138837	84.96848583
1532	0.4957173768	84.97513108
1534	0.4964229958	84.98175993
1536	0.4971308693	84.9883722
1538	0.4978428361	84.99496807
1540	0.4985498413	85.0015464
1542	0.4992394851	85.00810586
1544	0.4999118631	85.0146459
1546	0.5005875035	85.02116989
1548	0.5012664985	85.02767749
1550	0.501947908	85.03416923
1552	0.5026279857	85.04064461
1554	0.5033039145	85.04710293
1556	0.5039824552	85.05354521
1558	0.5046664667	85.05997172
1560	0.5053487738	85.0663824
1562	0.506034394	85.07277733
1564	0.5067203805	85.0791564
1566	0.5073973769	85.08551837
1568	0.5080548016	85.09186138
1570	0.5087071807	85.09818797
1572	0.5093617808	85.10449926
1574	0.5100178595	85.11079495
1576	0.5106783504	85.11707549
1578	0.5113332264	85.12333976
1580	0.511987549	85.12958756
1582	0.5126442125	85.13582045
1584	0.5133007113	85.14203765
1586	0.5139614895	85.14824045
1588	0.5146229841	85.15442831
1590	0.5152874878	85.16060079
1592	0.5159324499	85.16675603
1594	0.5165601751	85.17289302
1596	0.5171893527	85.17901499
1598	0.5178193181	85.18512217
1600	0.5184522906	85.19121509
1602	0.5190888988	85.19729315
1604	0.519721709	85.20335611
1606	0.5203581854	85.20540359
1608	0.5210188862	85.21143692
1610	0.5216819439	85.21745588
1612	0.5223483474	85.22346028
1614	0.5230159534	85.22945069
1616	0.5236876267	85.23542623
1618	0.5243291299	85.24134561
1620	0.5249280082	85.24711457
1622	0.5255292487	85.25286908
1624	0.5261467139	85.26260964
1626	0.5268071068	85.26833641
1628	0.5274690171	85.27404925
1630	0.5281257871	85.27974763
1632	0.5287788377	85.28543121
1634	0.529430741	85.29110058
1636	0.5300831709	85.29675631
1638	0.5307405841	85.30239867
1640	0.5313934718	85.30802757
1642	0.5320481984	85.31364277
1644	0.5326858447	85.31924182
1646	0.5333036492	85.3248246
1648	0.5339207204	85.33039346
1650	0.5345382474	85.33594926
1652	0.535157606	85.3414917
1654	0.5357747957	85.34702077
1656	0.5363933962	85.3525368
1658	0.537004375	85.35803877
1660	0.5376188167	85.3635277
1662	0.5382323449	85.36900362
1664	0.5388461028	85.37446659
1666	0.5394618968	85.37991666
1668	0.5400775454	85.38535386
1670	0.5406817704	85.39077637
1672	0.5412675914	85.39618323
1674	0.5418428599	85.40157573
1676	0.5424220562	85.40695553
1678	0.5430000234	85.41232306
1680	0.5435798766	85.41767785
1682	0.5441584349	85.42301966
1684	0.5447361221	85.42834915
1686	0.5453061286	85.4336651
1688	0.545881229	85.43896877
1690	0.5464559445	85.44426028
1692	0.5470484434	85.45353952
1694	0.5476877329	85.45880613
1696	0.5483232373	85.46406013
1698	0.5489456764	85.46929965
1700	0.5495486491	85.47452306
1702	0.5501538723	85.47973466
1704	0.5507562855	85.48493408
1706	0.5513608488	85.49012125
1708	0.5519623946	85.49529665
1710	0.5525666538	85.50045998
1712	0.5531650158	85.50561047
1714	0.5537592214	85.51074845
1716	0.5543550697	85.5158746
1718	0.5549501817	85.52098879
1720	0.5555462217	85.52609179
1722	0.5561418921	85.53118253
1724	0.5567384367	85.53626171
1726	0.5573156356	85.54132582
1728	0.5578860086	85.54637667
1730	0.5584562794	85.55141608
1732	0.5590258551	85.55644375
1734	0.5595953603	85.56146
1736	0.5601665366	85.5664652
1738	0.5607365275	85.57145875
1740	0.5613029459	85.57644008
1742	0.5618659321	85.5814099
1744	0.5624305165	85.58636873
1746	0.5629933929	85.59131608
1748	0.5635566434	85.59625228
1750	0.5641193421	85.60117735
1752	0.5646818171	85.60609066
1754	0.565224073	85.61099047
1756	0.5657518979	85.615877
1758	0.5662797969	85.62075232
1760	0.5668491548	85.6296167
1762	0.5674466468	85.63446997
1764	0.5680428498	85.63931276
1766	0.5686388899	85.64414475
1768	0.5692327779	85.64896558
1770	0.5698220018	85.65377514
1772	0.5704138879	85.65857434
1774	0.5710031131	85.66336286
1776	0.5715935113	85.66814053
1778	0.5721833538	85.67290758
1780	0.5727709539	85.6776639
1782	0.5733424507	85.68240677
1784	0.5738981967	85.68713696
1786	0.5744528291	85.69185618
1788	0.5750042844	85.69656498
1790	0.5755567081	85.70126355
1792	0.576110505	85.70595146
1794	0.5766614917	85.71062937
1796	0.5772114999	85.71529658
1798	0.5777573201	85.71995329
1800	0.5783043891	85.72459978
1802	0.5788503137	85.72923609
1804	0.5793942193	85.73386195
1806	0.5799396707	85.73847786
1808	0.5804823529	85.74308367
1810	0.5810227897	85.74767891
1812	0.5815332255	85.75225948
1814	0.5820428511	85.75682954
1816	0.5825463845	85.76138976
1818	0.5830524142	85.76594026
1820	0.5835572656	85.77048041
1822	0.5840619341	85.77501072
1824	0.5845668463	85.77953155
1826	0.5850795309	85.78804244
1828	0.5856512647	85.7925427
1830	0.5862230025	85.79703325
1832	0.5867928155	85.80151451
1834	0.587364667	85.80598606
1836	0.5879335443	85.81044766
1838	0.5885032385	85.81489999
1840	0.5890538997	85.81933978
1842	0.5895926424	85.82376827
1844	0.590122678	85.82818622
1846	0.5906540412	85.83259479
1848	0.5911838074	85.83699393
1850	0.5917122248	85.84138367
1852	0.5922396455	85.84576403
1854	0.5927677102	85.85013505
1856	0.5932918308	85.85449648
1858	0.5938119914	85.85884836
1860	0.5943316875	85.86319075
1862	0.5948496217	85.86752402
1864	0.5953677095	85.87184809
1866	0.59588543	85.876163
1868	0.5964031836	85.88046864
1870	0.5969043367	85.88476183
1872	0.5973941419	85.88904497
1874	0.5978801032	85.89331865
1876	0.5983643188	85.89758348
1878	0.5988468116	85.901839
1880	0.5993298897	85.90608561
1882	0.5998133326	85.91032337
1884	0.6002942621	85.91455242
1886	0.6007720707	85.91877152
1888	0.6012433604	85.92298114
1890	0.6017155347	85.92718144
1892	0.6021829128	85.93137316
1894	0.6027182501	85.93955598
1896	0.6032650993	85.94372997
1898	0.603810851	85.94789516
1900	0.6043397588	85.9520494
1902	0.6048604743	85.95619404
1904	0.6053725457	85.96032943
1906	0.605880253	85.96445589
1908	0.6063904682	85.96857399
1910	0.6068984217	85.97268358
1912	0.6074057382	85.9767842
1914	0.607912382	85.98087675
1916	0.6084156345	85.98496076
1918	0.6089153943	85.9890359
1920	0.6094104561	85.99310233
1922	0.6099057539	85.99716035
1924	0.6104000565	86.00121002
1926	0.6108940113	86.00525114
1928	0.6113873348	86.00928402
1930	0.6118741813	86.01330822
1932	0.6123429119	86.01732072
1934	0.6128041591	86.02132421
1936	0.6132643828	86.0253191
1938	0.6137199189	86.02930582
1940	0.6141770925	86.03328439
1942	0.6146336665	86.03725483
1944	0.6150860625	86.04121718
1946	0.615537398	86.04517137
1948	0.6159874383	86.04911732
1950	0.6164338619	86.05305488
1952	0.6168772512	86.05698444
1954	0.6173214032	86.06090592
1956	0.6177622749	86.06481924
1958	0.6182039548	86.06872464
1960	0.6187030101	86.07662155
1962	0.6192166711	86.08050957
1964	0.6197177935	86.08438743
1966	0.6202113997	86.08825688
1968	0.6207009757	86.09211813
1970	0.6211869573	86.0959716
1972	0.6216744794	86.09981732
1974	0.6221573487	86.1036553
1976	0.6226425179	86.10748558
1978	0.6231240035	86.11130807
1980	0.623602218	86.11512268
1982	0.6240747272	86.11892917
1984	0.624546497	86.1227279
1986	0.6250149583	86.12651904
1988	0.6254832864	86.13030283
1990	0.6259521689	86.13407905
1992	0.6264159352	86.13784713
1994	0.6268651974	86.1416055
1996	0.6273058805	86.14535501
1998	0.6277372919	86.14909648
2000	0.628164399	86.15283046
2002	0.6285890351	86.15655699
2004	0.6290173098	86.16027622
2006	0.6294390267	86.16398806
2008	0.6298605474	86.16769249
2010	0.6302824535	86.17138968
2012	0.6307016869	86.17507942
2014	0.6311146451	86.17876133
2016	0.6315266379	86.18243585
2018	0.6319370851	86.18610307
2020	0.6323455611	86.18976307
2022	0.6327527725	86.19341584
2024	0.6331587696	86.19706138
2026	0.6336452107	86.2046973
2028	0.6341248714	86.20832534
2030	0.6346047664	86.21194518
2032	0.6350771913	86.21555767
2034	0.6355477715	86.21916294
2036	0.6360162318	86.22276098
2038	0.6364828875	86.2263521
2040	0.6369468399	86.22993632
2042	0.6374082334	86.23351331
2044	0.6378693441	86.23708331
2046	0.638327612	86.24064646
2048	0.6387791435	86.24420262
2050	0.6392312759	86.24775185
2052	0.6396814444	86.25129401
2054	0.6401295841	86.25482936
2056	0.6405749035	86.25835801
2058	0.6410114675	86.26187825
2060	0.641441143	86.26539086
2062	0.6418584372	86.26889498
2064	0.6422754766	86.27239213
2066	0.6426859979	86.27588215
2068	0.6430939091	86.27936545
2070	0.6435014168	86.28284205
2072	0.6439060448	86.28631218
2074	0.6443086297	86.28977558
2076	0.6447130244	86.2932322
2078	0.6451115774	86.29668201
2080	0.6455085834	86.30012511
2082	0.6458992229	86.30356124
2084	0.6462898139	86.30699065
2086	0.6466765165	86.31041316
2088	0.6470643759	86.31382932
2090	0.6474781661	86.3212391
2092	0.6479435374	86.32463991
2094	0.6484054215	86.32803382
2096	0.6488580249	86.33142072
2098	0.6493092386	86.33480118
2100	0.6497553061	86.33817523
2102	0.6501994042	86.34154273
2104	0.6506427873	86.34490382
2106	0.6510829187	86.34825874
2108	0.6515206067	86.35160722
2110	0.6519553733	86.35494918
2112	0.6523862521	86.3582845
2114	0.652814011	86.36161328
2116	0.6532361534	86.36493514
2118	0.6536563847	86.36825061
2120	0.6540738144	86.37155975
2122	0.6544878617	86.37486265
2124	0.6548987918	86.37815928
2126	0.6553028613	86.38144789
2128	0.6556969543	86.38472896
2130	0.6560865183	86.38800389
2132	0.6564742208	86.39127269
2134	0.6568549604	86.39453528
2136	0.657234686	86.39779173
2138	0.6576121061	86.40104196
2140	0.6579891727	86.40428613
2142	0.6583621185	86.40752426
2144	0.6587353122	86.41075636
2146	0.6591073449	86.41398246
2148	0.6594724088	86.41720205
2150	0.6598345404	86.42041557
2152	0.6601932523	86.42362288
2154	0.6605515412	86.42682424
2156	0.6609903206	86.43401969
2158	0.6614381912	86.43720857
2160	0.6618801517	86.44039087
2162	0.6623148236	86.44356601
2164	0.6627457305	86.44673465
2166	0.6631678252	86.44989745
2168	0.6635871443	86.45305441
2170	0.6640031759	86.45620551
2172	0.6644156679	86.45935082
2174	0.6648260577	86.46249035
2176	0.6652363321	86.46562405
2178	0.6656434243	86.46875189
2180	0.6660490388	86.47187404
2182	0.6664499183	86.47499054
2184	0.6668455225	86.47810036
2186	0.6672336504	86.48120395
2188	0.6676211448	86.48430188
2190	0.6680056919	86.48739417
2192	0.6683889858	86.49048066
2194	0.6687676917	86.49356143
2196	0.6691315722	86.49663401
2198	0.6694929541	86.49970098
2200	0.6698507299	86.50276228
2202	0.6702031358	86.50581796
2204	0.6705492183	86.50886788
2206	0.6708967555	86.51191219
2208	0.6712411944	86.51495086
2210	0.6715862467	86.51798413
2212	0.6719246682	86.52101203
2214	0.6722647552	86.52403447
2216	0.6725993567	86.52705145
2218	0.6729324361	86.53006257
2220	0.6733087681	86.53706805
2222	0.6737338349	86.54006783
2224	0.6741574852	86.54306212
2226	0.6745779202	86.54605102
2228	0.6749934585	86.54903456
2230	0.6754007977	86.55201081
2232	0.6758036172	86.55498144
2234	0.6762027297	86.55794589
2236	0.676595848	86.56090497
2238	0.6769830167	86.56385835
2240	0.6773671224	86.56680644
2242	0.6777484466	86.56974921
2244	0.6781236978	86.57268674
2246	0.6785005923	86.57561906
2248	0.678874286	86.57854615
2250	0.6792460162	86.58146804
2252	0.6796130898	86.5843847
2254	0.6799778689	86.58729591
2256	0.6803383216	86.59020184
2258	0.6806934519	86.59310196
2260	0.6810446678	86.59599695
2262	0.6813950144	86.59888681
2264	0.6817386432	86.60177129
2266	0.6820764302	86.60464933
2268	0.6824094978	86.60752207
2270	0.6827381444	86.61038866
2272	0.6830614573	86.61325017
2274	0.6833809363	86.61610654
2276	0.6836967596	86.61895786
2278	0.6840070634	86.62180402
2280	0.6843188321	86.62464517
2282	0.6846248523	86.62748134
2284	0.6849508203	86.63431253
2286	0.6853612907	86.63713876
2288	0.6857670191	86.63996002
2290	0.686172063	86.64277612
2292	0.6865716874	86.6455873
2294	0.6869660881	86.64839332
2296	0.6873536359	86.65119443
2298	0.6877419072	86.65399069
2300	0.6881255803	86.65678207
2302	0.6885000063	86.65956712
2304	0.6888705433	86.66234716
2306	0.6892354906	86.66512148
2308	0.6895957342	86.66789078
2310	0.6899513005	86.67065482
2312	0.6902990747	86.6734139
2314	0.6906473045	86.67616778
2316	0.6909881641	86.67891668
2318	0.6913295743	86.6816609
2320	0.6916639147	86.68440044
2322	0.6919991351	86.68713526
2324	0.6923304869	86.68986537
2326	0.6926584507	86.69259073
2328	0.692985388	86.69531132
2330	0.6933072401	86.69802696
2332	0.6936214631	86.70073719
2334	0.6939311121	86.70344276
2336	0.6942420944	86.7061437
2338	0.694549136	86.70883996
2340	0.6948454303	86.71152968
2342	0.6951387057	86.71421478
2344	0.6954258201	86.71689466
2346	0.6957094375	86.71956987
2348	0.6959902776	86.72624027
2350	0.6963787541	86.72890602
2352	0.6967594786	86.7315671
2354	0.697137008	86.73422357
2356	0.6975143039	86.73687549
2358	0.6978857708	86.73952288
2360	0.6982553063	86.74216577
2362	0.6986225106	86.74480418
2364	0.6989828459	86.74743811
2366	0.6993408086	86.7500676
2368	0.6996973975	86.75269263
2370	0.7000459538	86.7553127
2372	0.7003913836	86.75792827
2374	0.7007328406	86.7605394
2376	0.7010758559	86.7631461
2378	0.701406816	86.76574707
2380	0.7017309568	86.76834241
2382	0.7020505229	86.77093336
2384	0.7023669779	86.77351994
2386	0.7026809755	86.77610211
2388	0.7029868267	86.77867949
2390	0.7032896464	86.78125253
2392	0.7035914846	86.78382119
2394	0.7038875727	86.78638553
2396	0.7041827975	86.78894556
2398	0.7044762239	86.7915013
2400	0.704764849	86.79405281
2402	0.7050509737	86.79660016
2404	0.7053338768	86.79914317
2406	0.705614657	86.80168155
2408	0.705892066	86.80421568
2410	0.7061655123	86.80674536
2412	0.7064340761	86.80927078
2414	0.7067932603	86.81579134
2416	0.7071687427	86.81830731
2418	0.7075367873	86.82081856
2420	0.7078948398	86.82332466
2422	0.7082516492	86.82582657
2424	0.7086047675	86.82832409
2426	0.7089506609	86.83081746
2428	0.7092924916	86.833306
2430	0.7096280299	86.83579022
2432	0.7099616303	86.83827031
2434	0.7102905157	86.84074627
2436	0.7106165197	86.84321815
2438	0.7109391407	86.84568596
2440	0.7112607214	86.84814969
2442	0.711576144	86.85060933
2444	0.7118897841	86.85306492
2446	0.7121988035	86.85551619
2448	0.7125002676	86.85796319
2450	0.7128011924	86.86040615
2452	0.7130978027	86.86284505
2454	0.7133920236	86.86527995
2456	0.7136734082	86.867709
2458	0.7139500928	86.87013372
2460	0.714224504	86.87255439
2462	0.7144940388	86.87497103
2464	0.7147611957	86.87738369
2466	0.7150262614	86.87979227
2468	0.7152867642	86.88219692
2470	0.7155439755	86.88459774
2472	0.7157963581	86.88699468
2474	0.7160467536	86.88938771
2476	0.7162971981	86.89177684
2478	0.7166377435	86.89816208
2480	0.7169979485	86.90054346
2482	0.7173568018	86.90292097
2484	0.7177069844	86.90529418
2486	0.7180546406	86.90766324
2488	0.7183964263	86.91002838
2490	0.7187324457	86.91238931
2492	0.7190631882	86.91474641
2494	0.7193879756	86.91709846
2496	0.7197079434	86.9194463
2498	0.7200199574	86.92179007
2500	0.7203292246	86.92412951
2502	0.7206329889	86.92646517
2504	0.7209350804	86.92879674
2506	0.7212319953	86.93112451
2508	0.7215239298	86.93344843
2510	0.7218094079	86.93576847
2512	0.7220954384	86.93808479
2514	0.7223737549	86.94039721
2516	0.7226521926	86.94270592
2518	0.7229251588	86.945011
2520	0.7231952285	86.94731244
2522	0.7234637243	86.94961018
2524	0.7237299604	86.95190401
2526	0.7239930893	86.95419418
2528	0.7242489441	86.95648048
2530	0.7245014783	86.95876298
2532	0.7247477443	86.96104177
2534	0.7249875619	86.96331602
2536	0.7252240561	86.96558664
2538	0.7254569949	86.96785291
2540	0.7256800261	86.97011502
2542	0.725997882	86.97637353
2544	0.7263375767	86.97862855
2546	0.7266752778	86.98087998
2548	0.7270039207	86.98312746
2550	0.7273296466	86.98537101
2552	0.7276507271	86.98761101
2554	0.7279682663	86.98984761
2556	0.7282809776	86.99208067
2558	0.7285924916	86.99431013
2560	0.728899534	86.99653599
2562	0.7292037304	86.99875834
2564	0.729501332	87.00097729
2566	0.7297976156	87.00319276
2568	0.7300868397	87.00540448
2570	0.7303716472	87.00761222
2572	0.7306538975	87.00981647
2574	0.730926781	87.01201665
2576	0.7311926691	87.01421316
2578	0.7314607974	87.01640601
2580	0.7317165251	87.01859436
2582	0.7319694234	87.02077928
2584	0.7322207239	87.02296068
2586	0.7324678187	87.02513859
2588	0.7327106977	87.02731308
2590	0.7329507167	87.02948415
2592	0.7331849191	87.03165182
2594	0.7334159359	87.03381616
2596	0.7336457957	87.03597722
2598	0.7338700974	87.0381349
2600	0.7340933011	87.04028909
2602	0.7343132379	87.04243988
2604	0.7345313977	87.04458732
2606	0.73484138	87.05073159
2608	0.7351786566	87.05287252
2610	0.7355070522	87.05500956
2612	0.7358275812	87.05714253
2614	0.7361450136	87.05927218
2616	0.7364536242	87.06139776
2618	0.7367571699	87.06351982
2620	0.7370568758	87.06563849
2622	0.7373475466	87.06775304
2624	0.7376336764	87.06986432
2626	0.7379152005	87.07197228
2628	0.738195684	87.07407688
2630	0.7384724024	87.07617823
2632	0.7387424233	87.07827631
2634	0.7390084374	87.08037113
2636	0.7392724305	87.08246273
2638	0.7395305505	87.08455111
2640	0.7397866334	87.08663627
2642	0.740038729	87.08871822
2644	0.7402877466	87.09079695
2646	0.7405319514	87.0928725
2648	0.7407732624	87.09494485
2650	0.7410116728	87.09701404
2652	0.7412475434	87.09908005
2654	0.7414739084	87.10114248
2656	0.7416973427	87.10320168
2658	0.7419165117	87.10525758
2660	0.742127331	87.10730882
2662	0.7423365925	87.10935692
2664	0.7425413353	87.1114017
2666	0.7427372966	87.11344297
2668	0.7429338015	87.11548113
2670	0.7432238335	87.12151611
2672	0.7435425854	87.12354795
2674	0.7438545509	87.12557669
2676	0.7441607935	87.12760205
2678	0.7444591236	87.12962424
2680	0.74475479	87.13164336
2682	0.7450457193	87.13365924
2684	0.7453368206	87.13567206
2686	0.7456208382	87.13768184
2688	0.7459001451	87.13968856
2690	0.7461775692	87.14169226
2692	0.7464497418	87.14369286
2694	0.7467174369	87.14569034
2696	0.7469828332	87.14768481
2698	0.7472380409	87.14967599
2700	0.7474914151	87.15166393
2702	0.7477390313	87.15364886
2704	0.7479800142	87.1556295
2706	0.7482104418	87.15760654
2708	0.7484392935	87.15958061
2710	0.7486638382	87.16155157
2712	0.7488865693	87.16351953
2714	0.7491044311	87.16548454
2716	0.7493192222	87.16744672
2718	0.749527786	87.16940596
2720	0.7497348649	87.17136226
2722	0.7499362058	87.17331557
2724	0.7501348578	87.17526595
2726	0.7503292639	87.1772134
2728	0.7505221588	87.17915783
2730	0.7507114935	87.18109935
2732	0.7508983025	87.18303802
2734	0.751184065	87.18897388
2736	0.7514947481	87.19090685
2738	0.7518015969	87.19283668
2740	0.7520972762	87.19476318
2742	0.7523888842	87.1966868
2744	0.7526754962	87.19860688
2746	0.7529568908	87.20052324
2748	0.7532319509	87.20243675
2750	0.7534994584	87.2043469
2752	0.7537608113	87.2062537
2754	0.7540174118	87.20815768
2756	0.7542712579	87.21005884
2758	0.7545197784	87.21195718
2760	0.7547657582	87.21385271
2762	0.7550073133	87.21574567
2764	0.7552424385	87.21763599
2766	0.7554766681	87.21952352
2768	0.755706849	87.22140831
2770	0.7559329721	87.22329034
2772	0.7561541821	87.2251696
2774	0.7563747806	87.22704601
2776	0.7565886969	87.22891962
2778	0.7567991179	87.23079047
2780	0.7570095852	87.23265862
2782	0.7572131868	87.23452406
2784	0.7574140429	87.23638676
2786	0.7576058239	87.23824601
2788	0.757792787	87.24010203
2790	0.7579741291	87.24195534
2792	0.7581512489	87.24380495
2794	0.7583168713	87.24565108
2796	0.7584812714	87.24749452
2798	0.758746797	87.25333526
2800	0.7590406743	87.25517333
2802	0.7593271708	87.25700871
2804	0.7596100098	87.2588414
2806	0.7598864362	87.26067138
2808	0.7601607265	87.2624987
2810	0.7604298688	87.26432333
2812	0.7606927994	87.26614524
2814	0.7609529438	87.26796451
2816	0.7612065606	87.26978109
2818	0.7614576867	87.27159493
2820	0.7617053171	87.27340613
2822	0.761945899	87.27521474
2824	0.7621823976	87.27702084
2826	0.7624166872	87.27882433
2828	0.7626488599	87.28062519
2830	0.7628732352	87.28242337
2832	0.7630939637	87.28421895
2834	0.7633097004	87.28601194
2836	0.7635152716	87.28780106
2838	0.7637155077	87.28958755
2840	0.7639153037	87.29137147
2842	0.7641053501	87.29315247
2844	0.7642931257	87.29493082
2846	0.7644775614	87.29670662
2848	0.7646558421	87.29847975
2850	0.7648351335	87.30025027
2852	0.7650094226	87.30201826
2854	0.7651752515	87.30378343
2856	0.7653382717	87.30554583
2858	0.7654940364	87.30730569
2860	0.7656526083	87.30906297
2862	0.7659180057	87.31481762
2864	0.7662031668	87.31656974
2866	0.7664860994	87.31831938
2868	0.7667652421	87.32006662
2870	0.7670360424	87.32181135
2872	0.7673034107	87.3235536
2874	0.7675660383	87.32529304
2876	0.7678236996	87.32702997
2878	0.7680776818	87.32876442
2880	0.7683202124	87.33049547
2882	0.7685553748	87.33222365
2884	0.7687880021	87.33394937
2886	0.7690168806	87.33567219
2888	0.7692354697	87.33739205
2890	0.7694528596	87.33910947
2892	0.7696660948	87.34082444
2894	0.7698737021	87.34253697
2896	0.7700766532	87.34424706
2898	0.7702758051	87.34595472
2900	0.7704705058	87.34766
2902	0.7706595564	87.34936287
2904	0.770845085	87.35106333
2906	0.771029398	87.35276126
2908	0.7712077745	87.35445673
2910	0.7713820602	87.35614981
2912	0.7715520042	87.35784055
2914	0.7717194576	87.35952899
2916	0.7718811787	87.36121505
2918	0.7720432284	87.36289872
2920	0.7721981092	87.3645798
2922	0.7723515075	87.36625851
2924	0.7724998876	87.36793486
2926	0.7727476524	87.3736079
2928	0.773023878	87.37527822
2930	0.7732938834	87.3769462
2932	0.7735595033	87.37861148
2934	0.7738161014	87.38027382
2936	0.7740690684	87.38193384
2938	0.7743155405	87.38359153
2940	0.7745579362	87.38524689
2942	0.7747951398	87.38689994
2944	0.7750280035	87.38855068
2946	0.7752545733	87.39019905
2948	0.7754796667	87.39184507
2950	0.775696727	87.3934888
2952	0.7759100827	87.39513025
2954	0.7761172472	87.39676947
2956	0.7763221662	87.39840641
2958	0.7765207104	87.40004107
2960	0.77671578	87.40167333
2962	0.7769088935	87.40330331
2964	0.7770977614	87.40493102
2966	0.7772826038	87.40655646
2968	0.7774619481	87.40817964
2970	0.7776371849	87.40980056
2972	0.7778093599	87.41141923
2974	0.7779710479	87.41303484
2976	0.7781272575	87.4146482
2978	0.7782816139	87.41625933
2980	0.7784298686	87.41786773
2982	0.7785711821	87.41947349
2984	0.7787116956	87.42107703
2986	0.7788486734	87.42267836
2988	0.7789782954	87.42427758
2990	0.7792127446	87.4298746
2992	0.7794815818	87.43146942
2994	0.779742886	87.4330617
2996	0.7800008223	87.43465156
2998	0.7802534316	87.43623922
3000	0.7804982866	87.43782469
3002	0.780739328	87.43940782
3004	0.7809730724	87.44098878
3006	0.7812043009	87.44256757
3008	0.7814293143	87.44414411
3010	0.7816515461	87.44571841
3012	0.781868361	87.44729056
3014	0.7820790318	87.44886056
3016	0.7822871949	87.45042854
3018	0.7824880871	87.45199437
3020	0.7826858867	87.45355806
3022	0.7828780597	87.45511895
3024	0.7830615362	87.45667701
3026	0.7832409858	87.45823294
3028	0.7834151032	87.45978675
3030	0.783583867	87.46133785
3032	0.7837507651	87.46288679
3034	0.7839090205	87.46443361
3036	0.7840676509	87.46597836
3038	0.7842169427	87.46752109
3040	0.7843665984	87.46906171
3042	0.784510034	87.47060025
3044	0.7846491324	87.47213621
3046	0.784782074	87.4736699
3048	0.7849120609	87.47520152
3050	0.7850383258	87.47673103
3052	0.7851614723	87.47825825
3054	0.785379723	87.48378341
3056	0.7856411455	87.48530651
3058	0.7858986487	87.48682755
3060	0.7861516117	87.48834654
3062	0.786398768	87.48986348
3064	0.7866408723	87.49137837
3066	0.7868756826	87.49289115
3068	0.7871040553	87.49440188
3070	0.7873309908	87.49591057
3072	0.7875513178	87.49741703
3074	0.7877602304	87.49892035
3076	0.7879626381	87.50042166
3078	0.7881588708	87.50192094
3080	0.7883538951	87.50341808
3082	0.7885416508	87.50491308
3084	0.7887236294	87.50640606
3086	0.7889046179	87.50789704
3088	0.7890794028	87.50938602
3090	0.7892503563	87.510873
3092	0.7894156687	87.51235798
3094	0.7895767036	87.51384097
3096	0.7897328876	87.51532181
3098	0.7898840035	87.51680067
3100	0.7900326229	87.51827754
3102	0.7901763486	87.51975244
3104	0.790317978	87.52122535
3106	0.7904503034	87.5226963
3108	0.7905815004	87.52416528
3110	0.7907126525	87.52563236
3112	0.7908348662	87.52709754
3114	0.7909540542	87.52856077
3116	0.7910734413	87.53002204
3118	0.7912660025	87.53548068
3120	0.7915215533	87.53693714
3122	0.7917715842	87.53839167
3124	0.7920168477	87.53984427
3126	0.7922500112	87.54129362
3128	0.792477269	87.54274099
3130	0.7926996713	87.54418643
3132	0.7929144763	87.54562995
3134	0.7931268236	87.54707146
3136	0.7933340266	87.54851105
3138	0.7935342967	87.54994874
3140	0.7937340225	87.55138451
3142	0.7939258379	87.55281835
3144	0.7941122962	87.55425028
3146	0.7942964088	87.55568033
3148	0.7944734694	87.55710846
3150	0.7946412791	87.55853469
3152	0.794810759	87.55995904
3154	0.7949717555	87.5613815
3156	0.7951325756	87.56280203
3158	0.7952864515	87.56422062
3160	0.7954346343	87.56563736
3162	0.7955808513	87.56705222
3164	0.7957237819	87.56846533
3166	0.7958585177	87.56987663
3168	0.7959918132	87.57128607
3170	0.7961215365	87.57269366
3172	0.7962423143	87.57409846
3174	0.7963562081	87.57550114
3176	0.7964652486	87.57690199
3178	0.7965721259	87.578301
3180	0.7966711724	87.57969785
3182	0.7968321119	87.58509281
3184	0.7970757514	87.58648595
3186	0.7973191961	87.58787726
3188	0.7975506839	87.58926676
3190	0.7977826706	87.59065444
3192	0.7980056869	87.59204032
3194	0.7982250222	87.59342438
3196	0.7984377759	87.59480652
3198	0.7986447707	87.59618685
3200	0.798848805	87.59756538
3202	0.7990439506	87.59894212
3204	0.7992354059	87.60031687
3206	0.7994230393	87.60168982
3208	0.7996053474	87.60306098
3210	0.7997839962	87.60443036
3212	0.7999561075	87.60579808
3214	0.8001220625	87.60716404
3216	0.8002855998	87.60852822
3218	0.8004438207	87.60989064
3220	0.8005951604	87.61125098
3222	0.8007412883	87.61260954
3224	0.8008822666	87.61396634
3226	0.801020056	87.61532138
3228	0.8011500815	87.61667351
3230	0.8012703041	87.61802371
3232	0.8013908055	87.61937217
3234	0.8015074581	87.62071888
3236	0.8016185492	87.62206395
3238	0.8017245004	87.62340732
3240	0.8018274958	87.62474895
3242	0.8019248141	87.62608886
3244	0.8020188753	87.62742691
3246	0.8021492585	87.63276319
3248	0.802394178	87.63409775
3250	0.8026311916	87.63543059
3252	0.8028627057	87.63676129
3254	0.8030858902	87.63808997
3256	0.8033023051	87.63941695
3258	0.8035165717	87.64074223
3260	0.8037235248	87.64206587
3262	0.8039265035	87.64338787
3264	0.8041191378	87.64470818
3266	0.8043129463	87.6460268
3268	0.8044985104	87.64734373
3270	0.8046810468	87.64865896
3272	0.8048549349	87.64997252
3274	0.8050272502	87.65128439
3276	0.8051916407	87.65259439
3278	0.8053465257	87.65390137
3280	0.8054945493	87.65520668
3282	0.8056393997	87.65651032
3284	0.8057813802	87.65781231
3286	0.8059152515	87.65911252
3288	0.8060473141	87.66041107
3290	0.8061718126	87.66170797
3292	0.8062947636	87.66300322
3294	0.8064105706	87.66429683
3296	0.8065242696	87.66558881
3298	0.8066320133	87.66687914
3300	0.8067367216	87.66816784
3302	0.8068366309	87.66945479
3304	0.8069314019	87.67073999
3306	0.8070219074	87.67202356
3308	0.8071127461	87.67330551
3310	0.8071950125	87.67458582
3312	0.8074337705	87.67986449
3314	0.8076652244	87.68114154
3316	0.8078951225	87.68241698
3318	0.8081166588	87.68369081
3320	0.8083328445	87.68496304
3322	0.808542581	87.68623367
3324	0.8087487013	87.6875027
3326	0.8089480762	87.68877013
3328	0.809138806	87.69003524
3330	0.8093220429	87.69129835
3332	0.8095006248	87.69255986
3334	0.8096755269	87.69381979
3336	0.8098404969	87.695078
3338	0.8100039518	87.69633433
3340	0.8101588063	87.69758909
3342	0.8103080324	87.69884228
3344	0.8104534597	87.70009389
3346	0.8105932065	87.70134404
3348	0.8107286924	87.70259262
3350	0.8108587767	87.70383965
3352	0.8109867242	87.70508511
3354	0.8111059223	87.70632886
3356	0.8112259315	87.70757095
3358	0.8113385703	87.70881149
3360	0.8114437158	87.71005047
3362	0.8115481652	87.71128788
3364	0.8116480149	87.71252365
3366	0.811742399	87.71375788
3368	0.8118334576	87.71499057
3370	0.8119179307	87.71622172
3372	0.8120008231	87.71745144
3374	0.8120807461	87.71867966
3376	0.8122695664	87.72390635
3378	0.8124989735	87.72513151
3380	0.8127231342	87.72635474
3382	0.8129385397	87.72757562
3384	0.8131480955	87.72879498
3386	0.813353561	87.73001282
3388	0.8135501653	87.73122916
3390	0.813739641	87.73244314
3392	0.8139197392	87.73365548
3394	0.8140957403	87.73486632
3396	0.8142668654	87.73607566
3398	0.8144335607	87.73728354
3400	0.8145917767	87.73849
3402	0.8147462225	87.73969497
3404	0.8148981201	87.74089844
3406	0.8150431158	87.74210043
3408	0.8151825226	87.74330095
3410	0.8153186978	87.74449999
3412	0.8154503873	87.74569755
3414	0.815575913	87.74689363
3416	0.8156979793	87.74808829
3418	0.81581195	87.74928158
3420	0.8159276649	87.7504734
3422	0.8160352857	87.75166375
3424	0.8161381849	87.75285263
3426	0.8162401746	87.75404007
3428	0.8163345955	87.75522605
3430	0.8164275255	87.75641058
3432	0.81651228	87.75759365
3434	0.816594025	87.75877512
3436	0.8166653562	87.75995448
3438	0.8167365812	87.76113239
3440	0.8168570106	87.76630885
3442	0.8170828458	87.76748388
3444	0.8173015347	87.76865681
3446	0.8175096973	87.76982781
3448	0.8177124365	87.77099737
3450	0.8179069031	87.7721655
3452	0.8181008154	87.7733322
3454	0.8182852504	87.77449747
3456	0.818464547	87.7756613
3458	0.8186384698	87.77682372
3460	0.8188080843	87.77798471
3462	0.8189701938	87.77914432
3464	0.819129499	87.78030261
3466	0.8192821636	87.78145948
3468	0.8194307763	87.78261494
3470	0.8195726158	87.78376899
3472	0.8197081532	87.78492182
3474	0.8198407537	87.78607336
3476	0.8199667634	87.78722351
3478	0.8200910775	87.78837226
3480	0.8202066428	87.78951961
3482	0.8203225635	87.79066546
3484	0.8204311673	87.7918099
3486	0.8205348783	87.79295296
3488	0.8206339617	87.79409463
3490	0.8207291053	87.79523477
3492	0.8208144624	87.7963727
3494	0.8208978792	87.79750924
3496	0.8209752793	87.79864441
3498	0.8210467677	87.79977821
3500	0.8211134203	87.80091027
3502	0.8211754586	87.80204037
3504	0.8212316221	87.80316911
3506	0.8214395788	87.80829648
3508	0.8216530793	87.80942249
3510	0.8218612653	87.81054714
3512	0.8220614766	87.81167044
3514	0.8222555726	87.81279238
3516	0.8224490755	87.81391297
3518	0.8226293162	87.81503221
3520	0.8228081836	87.81615019
3522	0.8229805086	87.81726685
3524	0.8231469312	87.81838217
3526	0.8233095328	87.81949616
3528	0.8234643716	87.8206088
3530	0.8236135915	87.82172016
3532	0.8237603216	87.82283018
3534	0.8238996524	87.82393888
3536	0.8240339455	87.82504625
3538	0.8241644523	87.8261523
3540	0.8242901669	87.82725712
3542	0.8244120995	87.82836063
3544	0.8245267842	87.82946281
3546	0.8246365223	87.83056368
3548	0.8247408312	87.83166302
3550	0.8248351907	87.83276009
3552	0.8249236878	87.83385584
3554	0.8250082857	87.83495029
3556	0.8250885343	87.83604343
3558	0.8251660729	87.8371351
3560	0.8252332285	87.83822498
3562	0.8252971787	87.83931355
3564	0.8253562229	87.84040083
3566	0.8254102203	87.84148682
3568	0.8254621664	87.84257148
3570	0.8255888012	87.84765479
3572	0.8258027755	87.84873681
3574	0.826008016	87.84981755
3576	0.8262107351	87.850897
3578	0.8264059095	87.85197525
3580	0.8265939081	87.85305239
3582	0.8267755329	87.85412826
3584	0.8269499776	87.85520284
3586	0.827121414	87.85627616
3588	0.8272850545	87.8573482
3590	0.8274439277	87.85841896
3592	0.8276004197	87.85948845
3594	0.8277446805	87.86055668
3596	0.827888357	87.86162365
3598	0.8280286169	87.86268939
3600	0.8281591258	87.86375396
3602	0.8282864683	87.86481727
3604	0.8284070879	87.86587933
3606	0.8285245604	87.86694014
3608	0.828634093	87.86799926
3610	0.8287333034	87.86905571
3612	0.8288285222	87.87011091
3614	0.8289185731	87.87116488
3616	0.8290049862	87.87221759
3618	0.8290871206	87.87326903
3620	0.829161773	87.874319
3622	0.8292313769	87.87536774
3624	0.8292991921	87.87641524
3626	0.8293586277	87.87746151
3628	0.8294155408	87.87850655
3630	0.8294692402	87.87955036
3632	0.8295154398	87.88059295
3634	0.8295612165	87.88163432
3636	0.8297627202	87.88667446
3638	0.8299718334	87.88771338
3640	0.8301714629	87.88875136
3642	0.8303658779	87.88978817
3644	0.8305514092	87.89082376
3646	0.8307352508	87.89185813
3648	0.8309094463	87.8928913
3650	0.831080266	87.8939232
3652	0.8312454057	87.89495387
3654	0.8314058378	87.89598333
3656	0.8315567331	87.89701159
3658	0.8317060502	87.89803866
3660	0.8318463007	87.8990644
3662	0.831982131	87.90008883
3664	0.8321117203	87.90111207
3666	0.8322359413	87.90213411
3668	0.8323539033	87.90315497
3670	0.8324670065	87.9041744
3672	0.8325689079	87.90519199
3674	0.8326656404	87.90620839
3676	0.8327592029	87.90722361
3678	0.8328483996	87.90823766
3680	0.8329302799	87.90925052
3682	0.8330092089	87.91026221
3684	0.8330815708	87.91127273
3686	0.8331483274	87.91228207
3688	0.8332133241	87.91329025
3690	0.8332724638	87.91429725
3692	0.8333260111	87.91530302
3694	0.833379593	87.9163076
3696	0.8334235908	87.91731101
3698	0.8334653747	87.91831327
3700	0.8335621564	87.92331436
3702	0.8337696178	87.92431402
3704	0.8339684975	87.92531205
3706	0.8341595893	87.92630893
3708	0.8343447186	87.92730465
3710	0.8345265043	87.92829923
3712	0.8346968649	87.92929266
3714	0.8348615431	87.93028494
3716	0.8350233338	87.93127608
3718	0.835177449	87.93226608
3720	0.8353279573	87.93325494
3722	0.8354720634	87.93424266
3724	0.8356068275	87.93522885
3726	0.8357339603	87.93621367
3728	0.835855659	87.93719736
3730	0.8359735892	87.93817993
3732	0.836086779	87.93916136
3734	0.8361921632	87.94014166
3736	0.8362923236	87.94112081
3738	0.8363884277	87.94209883
3740	0.8364787401	87.94307574
3742	0.8365628369	87.94405152
3744	0.8366413496	87.94502619
3746	0.8367162279	87.94599973
3748	0.8367862186	87.94697215
3750	0.8368544358	87.94794346
3752	0.836914996	87.94891366
3754	0.8369695194	87.94988275
3756	0.8370205327	87.9508507
3758	0.8370674747	87.95181743
3760	0.8371088104	87.95278306
3762	0.8371456273	87.95374759
3764	0.8371793281	87.95471102
3766	0.8373198024	87.95967336
3768	0.8375185735	87.96063447
3770	0.8377140901	87.96159445
3772	0.8379039909	87.96255333
3774	0.8380842133	87.96351113
3776	0.8382576985	87.96446783
3778	0.8384268841	87.96542338
3780	0.8385890867	87.96637759
3782	0.8387439811	87.96733072
3784	0.8388924685	87.96828276
3786	0.8390387262	87.96923372
3788	0.8391764589	87.9701836
3790	0.8393035293	87.97113175
3792	0.8394256614	87.97207843
3794	0.8395415842	87.97302403
3796	0.8396547324	87.97396857
3798	0.8397621311	87.97491203
3800	0.839860011	87.97585442
3802	0.8399570472	87.9767957
3804	0.8400459878	87.97773591
3806	0.8401275439	87.97867506
3808	0.8402095773	87.97961315
3810	0.8402836142	87.98055018
3812	0.8403523742	87.98148615
3814	0.8404168214	87.98242107
3816	0.8404771422	87.98335495
3818	0.8405313377	87.98428776
3820	0.8405837773	87.98521953
3822	0.8406287534	87.98615024
3824	0.8406686948	87.98708005
3826	0.8407065824	87.98800889
3828	0.8407376893	87.98893668
3830	0.8407670509	87.98986342
3832	0.8409500779	87.99478912
3834	0.841148709	87.99571378
3836	0.8413395791	87.9966374
3838	0.8415257887	87.99755998
3840	0.8417061744	87.99848153
3842	0.8418802479	87.99940204
3844	0.8420441034	88.00032152
3846	0.842203334	88.00123976
3848	0.8423540636	88.0021562
3850	0.8424946119	88.00307161
3852	0.8426313792	88.00398599
3854	0.8427611697	88.00489935
3856	0.8428863626	88.00581169
3858	0.8430021683	88.00672273
3860	0.8431111791	88.00763238
3862	0.843213067	88.008541
3864	0.8433108588	88.00944862
3866	0.8434055343	88.01035521
3868	0.8434920606	88.0112608
3870	0.8435728799	88.01216537
3872	0.8436496663	88.01306894
3874	0.8437213394	88.01397149
3876	0.8437909032	88.01487304
3878	0.8438508066	88.01577359
3880	0.8439104884	88.01667313
3882	0.8439604212	88.01757178
3884	0.8440083824	88.01846946
3886	0.8440520351	88.01936615
3888	0.8440880472	88.02026184
3890	0.8441229353	88.02115653
3892	0.844153389	88.02205023
3894	0.8441758558	88.02294301
3896	0.8442042007	88.02783481
3898	0.8444056544	88.02872562
3900	0.8445966481	88.02961544
3902	0.8447837083	88.03050427
3904	0.8449619662	88.03139212
3906	0.8451357289	88.03227842
3908	0.845300126	88.03316371
3910	0.8454588743	88.03404801
3912	0.8456118741	88.03493133
3914	0.8457559654	88.03581368
3916	0.8458969367	88.03669505
3918	0.8460262021	88.03757476
3920	0.846148576	88.03845348
3922	0.8462678768	88.03933123
3924	0.8463817036	88.04020801
3926	0.846485019	88.04108383
3928	0.8465864934	88.04195867
3930	0.8466839258	88.04283253
3932	0.846770507	88.04370542
3934	0.8468565773	88.04457735
3936	0.8469358721	88.04544832
3938	0.847009076	88.04631833
3940	0.8470780011	88.04718738
3942	0.8471389778	88.04805538
3944	0.8471969024	88.04892242
3946	0.8472516233	88.04978851
3948	0.847297589	88.05065364
3950	0.8473415806	88.05151783
3952	0.8473806527	88.05238106
3954	0.847413335	88.05324317
3956	0.8474382521	88.05410431
3958	0.8474609868	88.0549645
3960	0.8474812115	88.05582375
3962	0.8475249694	88.06068206
3964	0.8477202106	88.06153942
3966	0.8479087287	88.0623956
3968	0.8480908835	88.06325076
3970	0.8482640579	88.06410499
3972	0.8484322835	88.06495828
3974	0.8485943778	88.06581064
3976	0.8487469094	88.06666206
3978	0.8488933954	88.0675121
3980	0.8490311968	88.06836091
3982	0.849161076	88.06920879
3984	0.849288094	88.07005575
3986	0.8494056236	88.07090178
3988	0.8495167355	88.07174689
3990	0.8496257961	88.07259103
3992	0.8497250072	88.07343421
3994	0.849819882	88.07427647
3996	0.8499078804	88.07511781
3998	0.84999129	88.07595823
4000	0.8500713035	88.07679774
4002	0.8501443628	88.07763633
4004	0.850211814	88.07847399
4006	0.8502710155	88.07931073
4008	0.8503297402	88.08014657
4010	0.8503793325	88.08098149
4012	0.8504291069	88.08181551
4014	0.8504699724	88.08264863
4016	0.8505076149	88.08348055
4018	0.8505359567	88.08431155
4020	0.8505605992	88.08514165
4022	0.8505841195	88.08597085
4024	0.8505985045	88.08679915
4026	0.8506111992	88.08762655
4028	0.8506488935	88.09245296
4030	0.8508395399	88.09327841
4032	0.8510243695	88.09410297
4034	0.8512005729	88.09492664
4036	0.8513688282	88.09574942
4038	0.8515342505	88.09657131
4040	0.851689576	88.0973922
4042	0.851835706	88.09821193
4044	0.851976638	88.09903078
4046	0.8521100619	88.09984875
4048	0.8522375976	88.10066583
4050	0.8523578879	88.10148204
4052	0.8524737357	88.10229736
4054	0.8525802958	88.10311188
4056	0.8526862257	88.10392554
4058	0.8527852164	88.10473832
4060	0.8528745545	88.10555022
4062	0.8529601626	88.10636125
4064	0.8530405365	88.10717141
4066	0.8531143486	88.10798069
4068	0.853183476	88.10878909
4070	0.8532473248	88.10959663
4072	0.8533046287	88.1104033
4074	0.8533609742	88.1112091
4076	0.85340758	88.11201404
4078	0.8534500098	88.11281811
4080	0.8534856152	88.11362101
4082	0.8535182438	88.11442305
4084	0.8535447535	88.11522423
4086	0.8535661797	88.11602455
4088	0.8535840794	88.11682401
4090	0.8535967706	88.11762262
4092	0.8536020673	88.11842029
4094	0.8536197844	88.12321703
4096	0.8538104444	88.12401292
4098	0.8539928512	88.12480796
4100	0.8541708095	88.12560215
4102	0.8543367364	88.12639549
4104	0.8545003623	88.12718799
4106	0.8546506317	88.12797882
4108	0.8547956183	88.12876878
4110	0.8549338313	88.1295579
4112	0.8550665751	88.13034618
4114	0.8551903586	88.13113362
4116	0.8553088106	88.13192022
4118	0.8554213858	88.1327059
4120	0.8555293917	88.13349061
4122	0.85562724	88.13427448
4124	0.8557200447	88.13505752
4126	0.8558078808	88.13583973
4128	0.8558876078	88.13662111
4130	0.8559635709	88.13740165
4132	0.8560343318	88.13818137
4134	0.8560981633	88.13896025
4136	0.8561562451	88.13973831
4138	0.8562108417	88.14051554
4140	0.8562612263	88.14129195
4142	0.8563028307	88.14206753
4144	0.8563416455	88.14284231
4146	0.8563765749	88.14361643
4148	0.856402971	88.14438972
4150	0.8564273095	88.1451622
4152	0.8564475482	88.14593386
4154	0.8564608844	88.14670471
4156	0.8564699929	88.14747474
4158	0.8564758731	88.14824391
4160	0.8564717326	88.14901219
4162	0.856651351	88.15377965
4164	0.856832953	88.15454631
4166	0.8570087543	88.15531216
4168	0.8571758944	88.15607719
4170	0.8573370593	88.15684143
4172	0.8574901556	88.15760433
4174	0.8576322336	88.15836605
4176	0.8577707262	88.15912698
4178	0.8578975658	88.1598871
4180	0.8580207295	88.16064643
4182	0.8581375005	88.16140495
4184	0.8582476966	88.16216267
4186	0.8583503546	88.16291917
4188	0.8584430325	88.16367476
4190	0.8585320309	88.16442955
4192	0.8586146944	88.16518355
4194	0.8586922539	88.16593676
4196	0.8587633054	88.16668917
4198	0.8588288148	88.16744079
4200	0.858888633	88.16819162
4202	0.8589436365	88.16894165
4204	0.8589894947	88.1696909
4206	0.8590364316	88.17043936
4208	0.8590733755	88.17118703
4210	0.859105903	88.17193392
4212	0.8591346676	88.17268006
4214	0.8591593815	88.17342605
4216	0.8591797969	88.17417125
4218	0.8591950732	88.17491568
4220	0.8592084222	88.17565933
4222	0.8592124406	88.1764022
4224	0.8592152822	88.1771443
4226	0.8592091542	88.17788561
4228	0.8593379983	88.18262599
4230	0.8595190569	88.1833656
4232	0.8596981541	88.18410445
4234	0.8598639968	88.18484252
4236	0.8600258045	88.18557982
4238	0.8601781413	88.18631635
4240	0.8603246623	88.18705202
4242	0.8604596372	88.18778614
4244	0.8605877753	88.18851948
4246	0.8607127063	88.18925207
4248	0.8608258329	88.18998389
4250	0.8609339251	88.19071495
4252	0.861039734	88.19144525
4254	0.861134771	88.19217475
4256	0.8612230131	88.19290305
4258	0.8613044029	88.19363059
4260	0.8613766856	88.19435738
4262	0.8614476891	88.19508341
4264	0.8615122155	88.19580869
4266	0.8615684122	88.19653322
4268	0.8616214303	88.19725699
4270	0.8616697158	88.19798
4272	0.8617100731	88.19870227
4274	0.8617456838	88.19942378
4276	0.8617789407	88.20014454
4278	0.8618054507	88.20086456
4280	0.8618243911	88.20158383
4282	0.8618395365	88.20230236
4284	0.8618514763	88.20302031
4286	0.8618580674	88.20373753
4288	0.8618591414	88.20445401
4290	0.8618570707	88.20516975
4292	0.8618485463	88.20588476
4294	0.8619109096	88.21059902
4296	0.8620945967	88.21131255
4298	0.8622684237	88.21202514
4300	0.8624322856	88.21273692
4302	0.8625890549	88.21344796
4304	0.8627406868	88.21415826
4306	0.8628841773	88.21486784
4308	0.8630192256	88.21557668
4310	0.8631494118	88.2162848
4312	0.863269658	88.21699195
4314	0.8633827751	88.21769811
4316	0.86348974	88.21840355
4318	0.8635909133	88.21910826
4320	0.8636833418	88.21981224
4322	0.8637681709	88.2205155
4324	0.8638505958	88.22121804
4326	0.8639260675	88.22191983
4328	0.8639939691	88.22262078
4330	0.864055433	88.223321
4332	0.8641115251	88.22402051
4334	0.8641629167	88.2247193
4336	0.8642081423	88.22541737
4338	0.864247985	88.22611472
4340	0.8642812262	88.22681136
4342	0.8643067907	88.22750725
4344	0.8643330869	88.22820241
4346	0.8643496978	88.22889687
4348	0.8643625204	88.22959061
4350	0.8643689485	88.23028364
4352	0.8643721203	88.23097596
4354	0.8643704545	88.23166758
4356	0.8643645738	88.23235833
4358	0.864349745	88.23304824
4360	0.8643303773	88.23373743
4362	0.8645055879	88.23842592
4364	0.8646781714	88.23911371
4366	0.8648445193	88.2398008
4368	0.8649982462	88.24048719
4370	0.8651493062	88.24117282
4372	0.8652901317	88.24185724
4374	0.8654240706	88.24254095
4376	0.8655514876	88.24322397
4378	0.8656724964	88.2439063
4380	0.8657854394	88.24458792
4382	0.8658928012	88.24526886
4384	0.8659924534	88.2459491
4386	0.8660870047	88.24662862
4388	0.8661725432	88.24730744
4390	0.8662553416	88.24798557
4392	0.866330208	88.248663
4394	0.8663986046	88.24933975
4396	0.8664599056	88.25001581
4398	0.8665158805	88.25069119
4400	0.86656682	88.25136588
4402	0.866611558	88.25203991
4404	0.8666519282	88.25271326
4406	0.8666860227	88.25338592
4408	0.866713651	88.2540579
4410	0.8667360979	88.2547292
4412	0.8667554296	88.25539982
4414	0.8667666235	88.25606976
4416	0.8667755033	88.25673896
4418	0.8667748835	88.2574074
4420	0.8667707051	88.25807517
4422	0.8667636301	88.25874227
4424	0.8667483815	88.25940869
4426	0.8667319515	88.26007443
4428	0.866806088	88.26473951
4430	0.8669830704	88.26540391
4432	0.8671513359	88.26606741
4434	0.8673100494	88.2667302
4436	0.8674644441	88.26739233
4438	0.8676087139	88.26805379
4440	0.8677458061	88.26871458
4442	0.8678741088	88.2693747
4444	0.8679981858	88.27003416
4446	0.8681140736	88.27069284
4448	0.8682221821	88.27135043
4450	0.8683209009	88.27200736
4452	0.8684156652	88.27266362
4454	0.8685050568	88.27331923
4456	0.8685845468	88.27397417
4458	0.8686580833	88.27462846
4460	0.8687273304	88.27528209
4462	0.8687885683	88.27593513
4464	0.8688435761	88.2765876
4466	0.8688962578	88.27723941
4468	0.8689422103	88.27789057
4470	0.8689771557	88.27854108
4472	0.8690135326	88.27919093
4474	0.8690400038	88.27984013
4476	0.8690624386	88.28048868
4478	0.8690787375	88.28113658
4480	0.8690903141	88.28178382
4482	0.8690983438	88.28243042
4484	0.8690983466	88.28307637
4486	0.8690925523	88.28372167
4488	0.8690823934	88.28436632
4490	0.8690694046	88.28501033
4492	0.8690522835	88.2856537
4494	0.8690239115	88.28629587
4496	0.869182932	88.29093729
4498	0.8693515479	88.29157807
4500	0.8695112847	88.29221822
4502	0.8696654924	88.29285772
4504	0.8698098025	88.29349658
4506	0.8699490054	88.29413481
4508	0.8700806621	88.2947724
4510	0.8701982299	88.29540894
4512	0.8703130446	88.29604481
4514	0.8704213513	88.29668005
4516	0.8705208232	88.29731466
4518	0.8706146566	88.29794864
4520	0.8707006331	88.29858198
4522	0.8707796308	88.2992147
4524	0.8708517044	88.29984678
4526	0.8709189733	88.30047832
4528	0.8709800501	88.30110923
4530	0.8710374579	88.30173951
4532	0.8710815647	88.30236917
4534	0.8711270656	88.3029982
4536	0.87116152	88.3036266
4538	0.8711920749	88.30425439
4540	0.8712183564	88.30488154
4542	0.8712403902	88.30550844
4544	0.871253415	88.30613472
4546	0.87126467	88.30676039
4548	0.8712677841	88.30738543
4550	0.8712686783	88.30800985
4552	0.8712626088	88.30863365
4554	0.8712494499	88.30925684
4556	0.871232604	88.30987941
4558	0.8712124543	88.31050122
4560	0.8711862082	88.31112241
4562	0.8711990384	88.31574298
4564	0.8713725586	88.31636294
4566	0.8715406111	88.31698229
4568	0.8717000809	88.31760102
4570	0.8718499983	88.31821914
4572	0.871995575	88.31883666
4574	0.8721243183	88.31945297
4576	0.8722511878	88.32006853
4578	0.8723667501	88.32068348
4580	0.8724774226	88.32129782
4582	0.8725787474	88.32191156
4584	0.8726741421	88.32252469
4586	0.8727615711	88.32313721
4588	0.8728435092	88.32374913
4590	0.872918573	88.32436008
4592	0.8729862927	88.32497019
4594	0.8730502218	88.3255797
4596	0.873103214	88.3261886
4598	0.8731532312	88.32679691
4600	0.8731943912	88.32740462
4602	0.8732316079	88.32801173
4604	0.8732620589	88.32861824
4606	0.8732896895	88.32922437
4608	0.8733123077	88.32983026
4610	0.8733262323	88.33043555
4612	0.8733363063	88.33104025
4614	0.8733424697	88.33164436
4616	0.873340486	88.33224787
4618	0.8733367569	88.3328508
4620	0.873326725	88.33345313
4622	0.8733095587	88.33405487
4624	0.8732865882	88.33465609
4626	0.873262047	88.33525672
4628	0.8732306658	88.33585676
4630	0.8732905948	88.34045622
4632	0.873463881	88.34105508
4634	0.8736294807	88.34165337
4636	0.873785462	88.34225106
4638	0.8739359282	88.34284817
4640	0.8740712491	88.34344429
4642	0.874204597	88.34403966
4644	0.8743245407	88.34463445
4646	0.8744417085	88.34522866
4648	0.8745483623	88.34582228
4650	0.8746485492	88.34641533
4652	0.8747428513	88.34700779
4654	0.874830479	88.34759968
4656	0.8749111907	88.34819083
4658	0.8749805835	88.34878102
4660	0.8750437938	88.34937063
4662	0.8750999821	88.34995966
4664	0.8751538001	88.35054812
4666	0.8751977198	88.351136
4668	0.8752363446	88.35172331
4670	0.8752680492	88.35231005
4672	0.8752970951	88.35289622
4674	0.875317329	88.35348169
4676	0.8753312707	88.35406655
4678	0.8753396837	88.35465084
4680	0.8753431544	88.35523457
4682	0.8753393324	88.35581772
4684	0.8753324309	88.35640031
4686	0.8753193367	88.35698234
4688	0.87529971	88.3575638
4690	0.8752757544	88.35814471
4692	0.8752451158	88.35872511
4694	0.8752123006	88.35930495
4696	0.8751751995	88.35988422
4698	0.875251539	88.36446294
4700	0.875422353	88.36504109
4702	0.8755775242	88.36561868
4704	0.8757314084	88.36619571
4706	0.8758725101	88.36677218
4708	0.8760079254	88.36734812
4710	0.8761352446	88.36792351
4712	0.8762547779	88.36849834
4714	0.8763659936	88.36907262
4716	0.876471174	88.36964634
4718	0.876568356	88.37021951
4720	0.876659685	88.37079212
4722	0.8767442373	88.37136418
4724	0.8768216776	88.37193568
4726	0.876890351	88.37250668
4728	0.8769538068	88.37307713
4730	0.8770138692	88.37364703
4732	0.8770616139	88.37421637
4734	0.8771079794	88.37478517
4736	0.8771468048	88.37535342
4738	0.8771791834	88.37592112
4740	0.8772021658	88.37648827
4742	0.877222056	88.37705478
4744	0.8772347878	88.37762042
4746	0.8772406585	88.37818552
4748	0.8772417678	88.37875008
4750	0.8772352128	88.37931409
4752	0.8772277135	88.37987756
4754	0.877210883	88.38044049
4756	0.8771903315	88.38100287
4758	0.8771622798	88.38156472
4760	0.8771268267	88.38212563
4762	0.8770860844	88.38268551
4764	0.8770386206	88.38324486
4766	0.8771265113	88.38780367
4768	0.8772872135	88.38836194
4770	0.87744184	88.38891967
4772	0.8775889927	88.38947687
4774	0.8777259454	88.39003353
4776	0.8778555392	88.39058966
4778	0.8779779734	88.39114525
4780	0.8780913661	88.3917003
4782	0.8781979068	88.39225482
4784	0.8782975217	88.39280881
4786	0.8783890743	88.39336226
4788	0.8784733536	88.39391519
4790	0.8785504185	88.39446758
4792	0.8786223896	88.39501945
4794	0.8786882637	88.39557078
4796	0.8787452736	88.39612195
4798	0.8787978282	88.39667277
4800	0.8788457976	88.39722307
4802	0.8788865709	88.39777284
4804	0.8789187575	88.39832209
4806	0.8789480652	88.39887081
4808	0.8789695059	88.39941901
4810	0.8789843894	88.39996668
4812	0.8789979222	88.40051384
4814	0.8790010323	88.40106036
4816	0.8789956375	88.40160631
4818	0.8789862046	88.40215173
4820	0.8789714681	88.40269664
4822	0.8789509383	88.40324102
4824	0.8789245425	88.40378489
4826	0.8788960369	88.40432824
4828	0.8788582514	88.40487107
4830	0.8788146492	88.40541339
4832	0.8787673244	88.405955
4834	0.8788367315	88.41049598
4836	0.879000469	88.41103643
4838	0.8791567063	88.41157638
4840	0.8793029322	88.41211581
4842	0.8794426493	88.41265472
4844	0.8795743546	88.41319313
4846	0.8796966942	88.41373102
4848	0.879809944	88.4142684
4850	0.8799193382	88.41480522
4852	0.8800175313	88.41534145
4854	0.8801078132	88.41587717
4856	0.8801933436	88.41641238
4858	0.880269533	88.41694709
4860	0.8803389265	88.41748129
4862	0.8804029423	88.41801498
4864	0.8804589425	88.41854816
4866	0.8805088095	88.41908084
4868	0.8805499706	88.41961298
4870	0.8805861327	88.42014447
4872	0.8806166906	88.42067546
4874	0.8806370929	88.42120595
4876	0.8806549794	88.42173594
4878	0.8806643185	88.42226542
4880	0.8806674106	88.4227944
4882	0.8806691913	88.42332289
4884	0.8806611943	88.42385087
4886	0.880647534	88.42437835
4888	0.8806270335	88.42490486
4890	0.8806012643	88.42543086
4892	0.8805700935	88.42595635
4894	0.8805317442	88.42648136
4896	0.8804897457	88.42700586
4898	0.880439886	88.42752987
4900	0.8803873774	88.42805339
4902	0.8804156107	88.43257641
4904	0.8805768305	88.43309894
4906	0.8807342463	88.43362087
4908	0.8808801515	88.43414225
4910	0.8810205351	88.43466314
4912	0.8811457737	88.43518353
4914	0.8812694222	88.43570344
4916	0.8813827505	88.43622286
4918	0.8814888124	88.43674178
4920	0.881587404	88.43726022
4922	0.8816759213	88.43777817
4924	0.8817592671	88.43829565
4926	0.88183483	88.43881271
4928	0.8819057041	88.43932929
4930	0.8819671481	88.43984538
4932	0.8820214108	88.44036098
4934	0.8820719845	88.4408761
4936	0.8821148252	88.44139074
4938	0.8821468345	88.44190489
4940	0.8821761642	88.44241856
4942	0.882198348	88.44293175
4944	0.8822134553	88.44344438
4946	0.8822213421	88.44395649
4948	0.8822224128	88.44446813
4950	0.882220771	88.44497928
4952	0.8822133324	88.44548996
4954	0.8821964429	88.44600016
4956	0.8821760706	88.44650988
4958	0.8821491274	88.44701912
4960	0.8821180821	88.44752789
4962	0.8820802482	88.44803612
4964	0.8820339076	88.44854359
4966	0.8819797318	88.44905058
4968	0.8819211555	88.44955709
4970	0.8818849254	88.45406313
4972	0.8820488659	88.4545687
4974	0.8822047166	88.4550738
4976	0.8823496605	88.45557842
4978	0.8824905064	88.45608257
4980	0.8826191143	88.45658626
4982	0.8827411894	88.45708943
4984	0.8828522516	88.4575921
4986	0.8829563579	88.4580943
4988	0.8830508701	88.45859604
4990	0.8831384883	88.4590973
4992	0.8832176039	88.4595981
4994	0.8832927219	88.46009843
4996	0.8833565502	88.46059829
4998	0.8834167069	88.46109769
5000	0.8834691726	88.46159662
5002	0.8835127436	88.46209517
5004	0.8835529733	88.46259327
5006	0.883580769	88.46309091
5008	0.8836073646	88.46358808
5010	0.8836237943	88.46408479
5012	0.8836376336	88.46458104
5014	0.8836431002	88.46507683
5016	0.8836404027	88.46557215
5018	0.8836356402	88.46606702
5020	0.8836227715	88.46656143
5022	0.8836030419	88.46705532
5024	0.8835778994	88.46754876
5026	0.8835487402	88.46804174
5028	0.8835103173	88.46853426
5030	0.8834689822	88.46902632
5032	0.8834215161	88.46951793
5034	0.8833699441	88.47000908
5036	0.8833085938	88.47049977
5038	0.8832453601	88.47099002
5040	0.8833431665	88.47547973
5042	0.8834994007	88.47596862
5044	0.8836462401	88.47645705
5046	0.883785077	88.47694503
5048	0.8839156233	88.47743256
5050	0.8840381595	88.47791963
5052	0.884151407	88.47840626
5054	0.8842567601	88.47889243
5056	0.8843531585	88.47937816
5058	0.8844408823	88.47986343
5060	0.8845230054	88.48034821
5062	0.8845980632	88.48083234
5064	0.8846627295	88.48131602
5066	0.8847210096	88.48179926
5068	0.884769584	88.48228205
5070	0.8848146339	88.48276439
5072	0.8848509487	88.48324629
5074	0.8848814763	88.48372774
5076	0.8849049439	88.48420875
5078	0.8849201553	88.48468931
5080	0.8849316039	88.48516946
5082	0.8849353936	88.48564925
5084	0.8849318938	88.48612861
5086	0.8849247568	88.48660752
5088	0.8849079202	88.48708599
5090	0.8848877099	88.48756402
5092	0.8848596835	88.48804161
5094	0.8848299147	88.48851876
5096	0.8847872329	88.48899548
5098	0.8847430728	88.48947175
5100	0.8846941737	88.48994758
5102	0.8846375152	88.49042297
5104	0.8845746215	88.49089792
5106	0.8845087494	88.49137244
5108	0.8844842679	88.49584651
5110	0.8846462098	88.49632016
5112	0.8848019672	88.49679336
5114	0.8849449367	88.49726614
5116	0.8850831264	88.49773848
5118	0.8852080662	88.49821038
5120	0.88532694	88.49868185
5122	0.8854326551	88.4991525
5124	0.8855298614	88.49962267
5126	0.8856203297	88.50009241
5128	0.8857017047	88.50056171
5130	0.8857771108	88.50103059
5132	0.8858454026	88.50149904
5134	0.8859025122	88.50196705
5136	0.8859548436	88.50243464
5138	0.8860004673	88.5029018
5140	0.8860374513	88.50336853
5142	0.8860691488	88.50383475
5144	0.8860884185	88.50430049
5146	0.8861038699	88.5047658
5148	0.8861132941	88.50523069
5150	0.8861128365	88.50569515
5152	0.8861086161	88.50615919
5154	0.8860970009	88.5066228
5156	0.8860775385	88.50708599
5158	0.8860560227	88.50754875
5160	0.886023724	88.50801109
5162	0.8859888617	88.50847304
5164	0.885947067	88.50893464
5166	0.8858986117	88.50939581
5168	0.885846148	88.50985657
5170	0.885784442	88.5103169
5172	0.8857201504	88.51077682
5174	0.8856491128	88.51123631
5176	0.8855731158	88.51169538
5178	0.885627924	88.51615404
5180	0.8857858683	88.51661228
5182	0.8859341544	88.5170701
5184	0.8860730531	88.51752751
5186	0.8861979545	88.51798451
5188	0.8863207406	88.51844109
5190	0.8864317365	88.51889725
5192	0.8865368503	88.519353
5194	0.8866313174	88.51980834
5196	0.8867156247	88.52026326
5198	0.8867941082	88.52071776
5200	0.8868680453	88.52117185
5202	0.8869290732	88.52162553
5204	0.8869856133	88.52207882
5206	0.8870337604	88.52253172
5208	0.8870702712	88.52298422
5210	0.887104588	88.5234363
5212	0.8871307877	88.52388797
5214	0.8871491523	88.52433923
5216	0.8871602532	88.52479009
5218	0.8871669064	88.52524053
5220	0.8871641044	88.52569056
5222	0.8871569965	88.52614019
5224	0.8871415782	88.52658941
5226	0.8871198872	88.52703811
5228	0.8870916197	88.52748636
5230	0.8870534344	88.52793421
5232	0.8870124301	88.52838165
5234	0.8869630096	88.52882869
5236	0.8869112053	88.52927532
5238	0.8868492309	88.52972155
5240	0.8867855091	88.53016737
5242	0.886709433	88.53061279
5244	0.8866331902	88.53105781
5246	0.8865501021	88.5315024
5248	0.8866798431	88.53594623
5250	0.8868320564	88.53638967
5252	0.8869740366	88.53683269
5254	0.8871030742	88.53727532
5256	0.8872249886	88.53771755
5258	0.8873415418	88.53815938
5260	0.887447235	88.53860081
5262	0.8875426507	88.53904184
5264	0.8876314254	88.53948248
5266	0.8877123998	88.53992271
5268	0.8877853228	88.54036255
5270	0.8878496265	88.54080199
5272	0.8879048558	88.54124104
5274	0.8879546538	88.54167969
5276	0.8879958024	88.54211794
5278	0.8880270406	88.5425558
5280	0.8880540084	88.54299326
5282	0.8880754561	88.54343033
5284	0.8880877138	88.543867
5286	0.8880895919	88.54430328
5288	0.8880901837	88.54473917
5290	0.8880796655	88.54517453
5292	0.8880582557	88.54560929
5294	0.8880291497	88.54604366
5296	0.8879978564	88.54647765
5298	0.8879591504	88.54691124
5300	0.887910829	88.54734444
5302	0.8878578815	88.54777725
5304	0.8878025011	88.54820967
5306	0.8877363838	88.5486417
5308	0.8876668028	88.54907335
5310	0.8875881627	88.54950461
5312	0.8875052232	88.54993552
5314	0.8874115916	88.55036609
5316	0.8873175611	88.55079628
5318	0.8874666592	88.55522608
5320	0.8876096791	88.5556555
5322	0.8877438648	88.55608453
5324	0.8878712869	88.55651318
5326	0.8879862358	88.55694144
5328	0.8880919639	88.55736931
5330	0.8881897951	88.55779681
5332	0.8882806764	88.55822392
5334	0.8883622236	88.55865088
5336	0.8884373007	88.55907779
5338	0.888506816	88.55950433
5340	0.8885636656	88.55993047
5342	0.8886142636	88.56035624
5344	0.8886585551	88.56078163
5346	0.8886940616	88.56120664
5348	0.8887218389	88.56163126
5350	0.8887426059	88.56205551
5352	0.8887544259	88.56247938
5354	0.8887592303	88.56290287
5356	0.8887590188	88.56332595
5358	0.8887496254	88.56374859
5360	0.888735056	88.56417086
5362	0.8887106877	88.56459275
5364	0.8886818755	88.56501426
5366	0.8886456311	88.56543539
5368	0.8886048505	88.56585615
5370	0.888554633	88.56627653
5372	0.8884994879	88.56669654
5374	0.8884373419	88.56711618
5376	0.8883678907	88.56753544
5378	0.8882932149	88.56795429
5380	0.8882067993	88.56837199
5382	0.8881139533	88.56878932
5384	0.8880127232	88.56920628
5386	0.8879138737	88.57362287
5388	0.8880651432	88.57403908
5390	0.8882043303	88.57445492
5392	0.888339954	88.5748704
5394	0.8884612982	88.5752855
5396	0.8885709813	88.57570024
5398	0.8886751398	88.5761146
5400	0.8887685118	88.5765286
5402	0.8888516127	88.57694228
5404	0.8889259341	88.5773556
5406	0.8889956792	88.57776856
5408	0.8890542297	88.57818116
5410	0.8891057806	88.57859339
5412	0.8891445508	88.57900525
5414	0.8891780423	88.57941674
5416	0.8892060167	88.57982787
5418	0.8892258381	88.58023863
5420	0.8892369061	88.58064903
5422	0.8892387534	88.58105907
5424	0.8892342229	88.58146888
5426	0.8892278083	88.58187868
5428	0.8892120879	88.58228812
5430	0.8891870454	88.58269719
5432	0.8891601303	88.5831059
5434	0.8891200468	88.58351425
5436	0.88907824	88.58392223
5438	0.8890263232	88.58432986
5440	0.8889698096	88.58473712
5442	0.8889081672	88.58514403
5444	0.8888373003	88.58555057
5446	0.8887591129	88.58595675
5448	0.8886783388	88.58636249
5450	0.8885883381	88.58676785
5452	0.8884930229	88.58717285
5454	0.888389072	88.58757749
5456	0.8882831217	88.58798177
5458	0.8884144009	88.5923857
5460	0.8885597306	88.59278927
5462	0.888696756	88.59319248
5464	0.8888263806	88.59359534
5466	0.8889400789	88.59399784
5468	0.8890485606	88.59439998
5470	0.8891430019	88.5948018
5472	0.8892240662	88.5952034
5474	0.8892906947	88.59560465
5476	0.8893524367	88.59600555
5478	0.8894063392	88.59640609
5480	0.8894466907	88.59680628
5482	0.8894846473	88.59720611
5484	0.889511167	88.5976056
5486	0.8895267645	88.59800473
5488	0.889540653	88.59840351
5490	0.8895439022	88.59880194
5492	0.8895391949	88.59920002
5494	0.8895244413	88.59959774
5496	0.8895022334	88.59999512
5498	0.8894742509	88.60039215
5500	0.889434607	88.60078884
5502	0.8893881071	88.60118517
5504	0.8893359584	88.60158115
5506	0.8892761624	88.60197679
5508	0.8892127093	88.60237208
5510	0.8891380082	88.60276702
5512	0.8890601659	88.60316161
5514	0.8889735155	88.60355586
5516	0.8888787376	88.60394976
5518	0.8887770661	88.60434316
5520	0.8886694811	88.60473613
5522	0.8885582647	88.60512876
5524	0.8884359132	88.60552104
5526	0.8883077849	88.60591298
5528	0.8883513478	88.61030457
5530	0.8884846998	88.61069582
5532	0.8886121586	88.61108673
5534	0.8887247343	88.61147729
5536	0.8888331614	88.61186751
5538	0.8889275322	88.61225739
5540	0.8890133652	88.61264693
5542	0.8890886524	88.61303616
5544	0.8891564638	88.61342507
5546	0.8892152533	88.61381364
5548	0.8892640889	88.61420188
5550	0.8893068227	88.61458977
5552	0.8893368824	88.61497732
5554	0.8893627534	88.61536453
5556	0.8893770217	88.6157514
5558	0.8893860789	88.61613794
5560	0.8893832946	88.61652413
5562	0.8893735806	88.61690999
5564	0.8893575657	88.61729551
5566	0.8893238431	88.61768123
5568	0.8892811426	88.61806685
5570	0.8892291818	88.61845214
5572	0.8891709583	88.61883709
5574	0.8891036841	88.61922171
5576	0.8890305305	88.61960599
5578	0.8889486137	88.61998993
5580	0.8888618032	88.62037354
5582	0.88876755	88.62075682
5584	0.8886650652	88.62113976
5586	0.8885565875	88.62152237
5588	0.8884399433	88.62190464
5590	0.8883173726	88.62228661
5592	0.8881863908	88.62266827
5594	0.8880531146	88.6230496
5596	0.8879096336	88.6234306
5598	0.8877941471	88.62781126
5600	0.8879243293	88.6281916
5602	0.8880475276	88.6285716
5604	0.8881557268	88.62895128
5606	0.8882548148	88.62933062
5608	0.8883478392	88.62970963
5610	0.8884252808	88.63008832
5612	0.888498964	88.63046667
5614	0.8885579113	88.63084471
5616	0.8886102892	88.63122246
5618	0.8886535096	88.63159988
5620	0.8886878945	88.63197697
5622	0.8887109218	88.63235373
5624	0.8887243949	88.63273017
5626	0.8887315767	88.63310628
5628	0.8887310561	88.63348206
5630	0.8887200143	88.63385752
5632	0.8887036784	88.63423265
5634	0.8886747744	88.63460746
5636	0.8886385308	88.63498194
5638	0.8885968967	88.6353561
5640	0.8885373243	88.63573024
5642	0.8884658506	88.63610406
5644	0.8883887281	88.63647756
5646	0.8883043165	88.63685074
5648	0.8882118877	88.63722359
5650	0.8881108954	88.63759612
5652	0.8880043193	88.63796833
5654	0.8878883749	88.63834022
5656	0.8877681597	88.63871178
5658	0.8876396008	88.63908302
5660	0.8875014189	88.63945394
5662	0.8873586369	88.63982454
5664	0.8872001487	88.64019536
5666	0.8870246762	88.64056633
5668	0.8868456006	88.64093698
5670	0.8867789134	88.6453073
5672	0.8868810852	88.64567731
5674	0.8869746772	88.646047
5676	0.8870566771	88.64641637
5678	0.8871288894	88.64678542
5680	0.8871878346	88.64715416
5682	0.8872402097	88.64752258
5684	0.8872759054	88.64789067
5686	0.8873072956	88.64825846
5688	0.887328945	88.64862592
5690	0.8873409857	88.64899315
5692	0.8873426287	88.64936006
5694	0.8873361577	88.64972665
5696	0.8873206964	88.65009293
5698	0.8872954466	88.65045889
5700	0.8872595213	88.65082454
5702	0.8872188644	88.65118988
5704	0.8871663395	88.6515549
5706	0.8871047783	88.6519196
5708	0.8870390223	88.652284
5710	0.8869635843	88.65264808
5712	0.8868760974	88.65301185
5714	0.8867834293	88.65337531
5716	0.8866797975	88.65373847
5718	0.8865712994	88.65410131
5720	0.8864521406	88.65446385
5722	0.8863249309	88.65482607
5724	0.8861946639	88.65518799
5726	0.8860523574	88.65554959
5728	0.8859013552	88.65591089
5730	0.8857450476	88.65627187
5732	0.8855823363	88.65663254
5734	0.8854095423	88.65699291
5736	0.8852293696	88.65735296
5738	0.8850413353	88.65771271
5740	0.8848286023	88.65807364
5742	0.8847183943	88.66243569
5744	0.8847839488	88.66279743
5746	0.8848354441	88.66315887
5748	0.8848795586	88.66352
5750	0.8849088666	88.66388082
5752	0.8849294195	88.66424133
5754	0.8849400297	88.66460153
5756	0.8849423587	88.66496143
5758	0.8849295136	88.66532102
5760	0.8849093393	88.6656803
5762	0.8848781311	88.66603928
5764	0.8848380501	88.66639796
5766	0.8847776755	88.66675682
5768	0.8847044563	88.66711571
5770	0.8846184098	88.66747429
5772	0.8845263359	88.66783257
5774	0.8844251845	88.66819054
5776	0.8843133357	88.66854821
5778	0.884188795	88.66890558
5780	0.8840609177	88.66926264
5782	0.8839206448	88.66961939
5784	0.8837726209	88.66997585
5786	0.8836147435	88.670332
5788	0.8834487899	88.67068785
5790	0.8832726468	88.6710434
5792	0.8830875395	88.67139849
5794	0.8828912724	88.67175317
5796	0.882685293	88.67210755
5798	0.8824744791	88.67246164
5800	0.8822531266	88.67281542
5802	0.8820271705	88.6731689
5804	0.881783913	88.67352208
5806	0.8815390964	88.67387496
5808	0.8812818608	88.67422754
5810	0.8810197662	88.67457982
5812	0.8807494256	88.67493181
5814	0.8804665531	88.67528349
5816	0.8804873743	88.67963488
5818	0.8805085269	88.67998714
5820	0.8804954638	88.68034051
5822	0.8804716534	88.68069359
5824	0.8804390486	88.68104636
5826	0.8803900952	88.68139884
5828	0.880336125	88.68175102
5830	0.8802632755	88.6821029
5832	0.8801861326	88.68245449
5834	0.8800936535	88.68280578
5836	0.8799910228	88.68315678
5838	0.8798782326	88.68350748
5840	0.8797578601	88.68385788
5842	0.879623754	88.68420799
5844	0.8794471379	88.68455984
5846	0.8791402432	88.68491968
5848	0.878821114	88.68527921
5850	0.8784876292	88.68563845
5852	0.87814789	88.68599738
5854	0.8777937864	88.68635602
5856	0.8774315449	88.68671437
5858	0.877057023	88.68707242
5860	0.876673779	88.68743017
5862	0.8762763763	88.68778762
5864	0.875866248	88.68814478
5866	0.8754460797	88.68850164
5868	0.8750154564	88.68885821
5870	0.8745732198	88.68921448
5872	0.8741166324	88.68957023
5874	0.8736477705	88.68992563
5876	0.873168407	88.69028073
5878	0.8726800111	88.69063554
5880	0.8721750747	88.69099006
5882	0.8716622297	88.69134428
5884	0.8711355858	88.69169821
5886	0.8705951532	88.69205185
5888	0.8700455527	88.6924052
5890	0.8695713383	88.69675825
5892	0.8693763771	88.69711101
5894	0.8691675658	88.69746348
5896	0.8689455595	88.69781566
5898	0.8687084622	88.69816752
5900	0.8684565898	88.69851901
5902	0.868191325	88.69887021
5904	0.8679102777	88.69922112
5906	0.8676201544	88.69957174
5908	0.867312503	88.69992207
5910	0.8669910048	88.70027212
5912	0.8666587703	88.70062187
5914	0.8663109324	88.70097134
5916	0.8659469967	88.70132051
5918	0.865573198	88.7016694
5920	0.8651830217	88.702018
5922	0.8647817298	88.70236631
5924	0.8643675859	88.70271434
5926	0.8614901081	88.70319138
5928	0.8573664244	88.70372493
5930	0.853038892	88.70425814
5932	0.8484906168	88.70479101
5934	0.8437134284	88.70532352
5936	0.8386930979	88.70585569
5938	0.8334140654	88.70638751
5940	0.827862892	88.70691898
5942	0.8220206816	88.70745011
5944	0.8158763118	88.7079809
5946	0.8094105196	88.70851133
5948	0.8026078685	88.70904142
5950	0.795443765	88.70957117
5952	0.7879039018	88.71010057
5954	0.7771435653	88.71070383
5956	0.7654488174	88.71131122
5958	0.752930392	88.71191825
5960	0.7395383458	88.71252491
5962	0.7252160314	88.71313122
5964	0.7099118009	88.71373716
5966	0.693575816	88.71434273
5968	0.6761653104	88.71494795
5970	0.6576239643	88.7155528
5972	0.6379196996	88.71615729
5974	0.6170176506	88.71676142
5976	0.5948913983	88.71736518
5978	0.5725462262	88.72196858
5980	0.5498564542	88.72254184
5982	0.5291222499	88.72267113
5984	0.5105554377	88.72280025
5986	0.4938072135	88.72292919
5988	0.4785825039	88.72305796
5990	0.4646429568	88.72318655
5992	0.4517957642	88.72331496
5994	0.4398931053	88.7234432
5996	0.4314254111	88.72757127
5998	0.4258267286	88.72769916
6000	0.4204202729	88.72782687
