"Harmonic Energy (eV)"	"Harmonic: 1"	"Harmonic Energy (eV)"	"Harmonic: 3"	"Harmonic Energy (eV)"	"Harmonic: 5"	"Harmonic Energy (eV)"	"Harmonic: 7"	"Harmonic Energy (eV)"	"Harmonic: 9"
1.34734e+3	1.32062e+14	4.04201e+3	4.08814e+11	6.73669e+3	1.36578e+9	9.43136e+3	4.62381e+6	1.21260e+4	1.57272e+4
1.34363e+3	1.39876e+14	4.03088e+3	4.87545e+11	6.71813e+3	1.83373e+9	9.40538e+3	6.98987e+6	1.20926e+4	2.67704e+4
1.33982e+3	1.47943e+14	4.01946e+3	5.78003e+11	6.69910e+3	2.43789e+9	9.37873e+3	1.04222e+7	1.20584e+4	4.47690e+4
1.33592e+3	1.56182e+14	4.00776e+3	6.81424e+11	6.67960e+3	3.21113e+9	9.35145e+3	1.53394e+7	1.20233e+4	7.36297e+4
1.33193e+3	1.64679e+14	3.99580e+3	7.99112e+11	6.65966e+3	4.19260e+9	9.32352e+3	2.23009e+7	1.19874e+4	1.19200e+5
1.32785e+3	1.73248e+14	3.98356e+3	9.32443e+11	6.63927e+3	5.42868e+9	9.29498e+3	3.20466e+7	1.19507e+4	1.90110e+5
1.32369e+3	1.81866e+14	3.97107e+3	1.08286e+12	6.61845e+3	6.97390e+9	9.26583e+3	4.55458e+7	1.19132e+4	2.98936e+5
1.31944e+3	1.90733e+14	3.95832e+3	1.25188e+12	6.59721e+3	8.89198e+9	9.23609e+3	6.40560e+7	1.18750e+4	4.63768e+5
1.31511e+3	1.99861e+14	3.94533e+3	1.44107e+12	6.57554e+3	1.12569e+10	9.20576e+3	8.91944e+7	1.18360e+4	7.10325e+5
1.31070e+3	2.09015e+14	3.93209e+3	1.65207e+12	6.55348e+3	1.41543e+10	9.17487e+3	1.23023e+8	1.17963e+4	1.07476e+6
1.30620e+3	2.18172e+14	3.91861e+3	1.88658e+12	6.53101e+3	1.76822e+10	9.14342e+3	1.68149e+8	1.17558e+4	1.60732e+6
1.30163e+3	2.27578e+14	3.90490e+3	2.14635e+12	6.50816e+3	2.19529e+10	9.11143e+3	2.27846e+8	1.17147e+4	2.37719e+6
1.29699e+3	2.37245e+14	3.89096e+3	2.43319e+12	6.48494e+3	2.70940e+10	9.07891e+3	3.06190e+8	1.16729e+4	3.47861e+6
1.29227e+3	2.46892e+14	3.87681e+3	2.74895e+12	6.46134e+3	3.32499e+10	9.04588e+3	4.08221e+8	1.16304e+4	5.03875e+6
1.28748e+3	2.56495e+14	3.86244e+3	3.09553e+12	6.43739e+3	4.05831e+10	9.01235e+3	5.40130e+8	1.15873e+4	7.22771e+6
1.28262e+3	2.66348e+14	3.84786e+3	3.47487e+12	6.41309e+3	4.92758e+10	8.97833e+3	7.09473e+8	1.15436e+4	1.02710e+7
1.27769e+3	2.76466e+14	3.83307e+3	3.88895e+12	6.38846e+3	5.95314e+10	8.94384e+3	9.25407e+8	1.14992e+4	1.44651e+7
1.27270e+3	2.86341e+14	3.81810e+3	4.33976e+12	6.36349e+3	7.15761e+10	8.90889e+3	1.19897e+9	1.14543e+4	2.01965e+7
1.26764e+3	2.96470e+14	3.80293e+3	4.82935e+12	6.33821e+3	8.56600e+10	8.87350e+3	1.54338e+9	1.14088e+4	2.79654e+7
1.26252e+3	3.06868e+14	3.78757e+3	5.35976e+12	6.31262e+3	1.02059e+11	8.83767e+3	1.97438e+9	1.13627e+4	3.84143e+7
1.25735e+3	3.17160e+14	3.77204e+3	5.93305e+12	6.28673e+3	1.21077e+11	8.80143e+3	2.51064e+9	1.13161e+4	5.23622e+7
1.25211e+3	3.27321e+14	3.75633e+3	6.55130e+12	6.26056e+3	1.43044e+11	8.76478e+3	3.17412e+9	1.12690e+4	7.08459e+7
1.24682e+3	3.37949e+14	3.74046e+3	7.21658e+12	6.23410e+3	1.68323e+11	8.72774e+3	3.99059e+9	1.12214e+4	9.51696e+7
1.24148e+3	3.48434e+14	3.72443e+3	7.93097e+12	6.20738e+3	1.97307e+11	8.69033e+3	4.99011e+9	1.11733e+4	1.26962e+8
1.23608e+3	3.58751e+14	3.70824e+3	8.69654e+12	6.18040e+3	2.30421e+11	8.65256e+3	6.20757e+9	1.11247e+4	1.68247e+8
1.23063e+3	3.69564e+14	3.69190e+3	9.51532e+12	6.15317e+3	2.68124e+11	8.61443e+3	7.68326e+9	1.10757e+4	2.21518e+8
1.22514e+3	3.80197e+14	3.67542e+3	1.03894e+13	6.12570e+3	3.10911e+11	8.57597e+3	9.46354e+9	1.10263e+4	2.89839e+8
1.21960e+3	3.90621e+14	3.65880e+3	1.13207e+13	6.09800e+3	3.59311e+11	8.53719e+3	1.16015e+10	1.09764e+4	3.76941e+8
1.21401e+3	4.01320e+14	3.64204e+3	1.23112e+13	6.07007e+3	4.13891e+11	8.49810e+3	1.41577e+10	1.09261e+4	4.87354e+8
1.20839e+3	4.12307e+14	3.62517e+3	1.33629e+13	6.04194e+3	4.75255e+11	8.45872e+3	1.72008e+10	1.08755e+4	6.26539e+8
1.20272e+3	4.23065e+14	3.60816e+3	1.44777e+13	6.01361e+3	5.44045e+11	8.41905e+3	2.08086e+10	1.08245e+4	8.01050e+8
1.19702e+3	4.33564e+14	3.59105e+3	1.56574e+13	5.98508e+3	6.20940e+11	8.37912e+3	2.50686e+10	1.07731e+4	1.01871e+9
1.19127e+3	4.44635e+14	3.57382e+3	1.69039e+13	5.95637e+3	7.06660e+11	8.33892e+3	3.00791e+10	1.07215e+4	1.28881e+9
1.18550e+3	4.55437e+14	3.55649e+3	1.82187e+13	5.92749e+3	8.01961e+11	8.29849e+3	3.59498e+10	1.06695e+4	1.62235e+9
1.17969e+3	4.66246e+14	3.53907e+3	1.96037e+13	5.89844e+3	9.07639e+11	8.25782e+3	4.28031e+10	1.06172e+4	2.03224e+9
1.17385e+3	4.77056e+14	3.52154e+3	2.10604e+13	5.86924e+3	1.02453e+12	8.21694e+3	5.07748e+10	1.05646e+4	2.53363e+9
1.16798e+3	4.87864e+14	3.50393e+3	2.25904e+13	5.83989e+3	1.15350e+12	8.17585e+3	6.00150e+10	1.05118e+4	3.14416e+9
1.16208e+3	4.98665e+14	3.48624e+3	2.41951e+13	5.81040e+3	1.29547e+12	8.13456e+3	7.06893e+10	1.04587e+4	3.88435e+9
1.15616e+3	5.09455e+14	3.46847e+3	2.58759e+13	5.78078e+3	1.45137e+12	8.09309e+3	8.29795e+10	1.04054e+4	4.77786e+9
1.15021e+3	5.20231e+14	3.45063e+3	2.76517e+13	5.75104e+3	1.62219e+12	8.05146e+3	9.70847e+10	1.03519e+4	5.85200e+9
1.14424e+3	5.30989e+14	3.43271e+3	2.94898e+13	5.72119e+3	1.80894e+12	8.00967e+3	1.13222e+11	1.02981e+4	7.13802e+9
1.13825e+3	5.41724e+14	3.41474e+3	3.14077e+13	5.69123e+3	2.01268e+12	7.96772e+3	1.31629e+11	1.02442e+4	8.67164e+9
1.13224e+3	5.52435e+14	3.39671e+3	3.34064e+13	5.66118e+3	2.23447e+12	7.92565e+3	1.52561e+11	1.01901e+4	1.04935e+10
1.12621e+3	5.63116e+14	3.37862e+3	3.54869e+13	5.63104e+3	2.47543e+12	7.88345e+3	1.76297e+11	1.01359e+4	1.26497e+10
1.12016e+3	5.73765e+14	3.36049e+3	3.76500e+13	5.60081e+3	2.73669e+12	7.84114e+3	2.03135e+11	1.00815e+4	1.51922e+10
1.11410e+3	5.84377e+14	3.34231e+3	3.98964e+13	5.57052e+3	3.01942e+12	7.79872e+3	2.33398e+11	1.00269e+4	1.81796e+10
1.10803e+3	5.94953e+14	3.32409e+3	4.22269e+13	5.54015e+3	3.32480e+12	7.75622e+3	2.67431e+11	9.97228e+3	2.16774e+10
1.10195e+3	6.05487e+14	3.30584e+3	4.46420e+13	5.50974e+3	3.65402e+12	7.71363e+3	3.05604e+11	9.91752e+3	2.57591e+10
1.09585e+3	6.15976e+14	3.28756e+3	4.71420e+13	5.47927e+3	4.00833e+12	7.67097e+3	3.48310e+11	9.86268e+3	3.05063e+10
1.08975e+3	6.26417e+14	3.26925e+3	4.97274e+13	5.44875e+3	4.38895e+12	7.62825e+3	3.95969e+11	9.80775e+3	3.60097e+10
1.08364e+3	6.36807e+14	3.25092e+3	5.23983e+13	5.41820e+3	4.79714e+12	7.58548e+3	4.49026e+11	9.75276e+3	4.23696e+10
1.07752e+3	6.47190e+14	3.23257e+3	5.51555e+13	5.38762e+3	5.23415e+12	7.54267e+3	5.07951e+11	9.69772e+3	4.96967e+10
1.07140e+3	6.57432e+14	3.21421e+3	5.79981e+13	5.35702e+3	5.70127e+12	7.49983e+3	5.73241e+11	9.64264e+3	5.81127e+10
1.06528e+3	6.67659e+14	3.19584e+3	6.09261e+13	5.32640e+3	6.19976e+12	7.45697e+3	6.45420e+11	9.58753e+3	6.77509e+10
1.05916e+3	6.77827e+14	3.17747e+3	6.39394e+13	5.29578e+3	6.73089e+12	7.41409e+3	7.25038e+11	9.53240e+3	7.87573e+10
1.05303e+3	6.87931e+14	3.15909e+3	6.70384e+13	5.26515e+3	7.29594e+12	7.37121e+3	8.12670e+11	9.47726e+3	9.12906e+10
1.04690e+3	6.97972e+14	3.14071e+3	7.02224e+13	5.23452e+3	7.89618e+12	7.32833e+3	9.08918e+11	9.42213e+3	1.05524e+11
1.04078e+3	7.07947e+14	3.12234e+3	7.34908e+13	5.20390e+3	8.53287e+12	7.28546e+3	1.01441e+12	9.36702e+3	1.21644e+11
1.03466e+3	7.17855e+14	3.10398e+3	7.68432e+13	5.17330e+3	9.20725e+12	7.24262e+3	1.12981e+12	9.31193e+3	1.39853e+11
1.02854e+3	7.27693e+14	3.08563e+3	8.02788e+13	5.14271e+3	9.92056e+12	7.19980e+3	1.25578e+12	9.25688e+3	1.60369e+11
1.02243e+3	7.37460e+14	3.06729e+3	8.37971e+13	5.11216e+3	1.06740e+13	7.15702e+3	1.39303e+12	9.20188e+3	1.83426e+11
1.01633e+3	7.47154e+14	3.04898e+3	8.73972e+13	5.08163e+3	1.14688e+13	7.11428e+3	1.54229e+12	9.14694e+3	2.09276e+11
1.01023e+3	7.56773e+14	3.03069e+3	9.10781e+13	5.05114e+3	1.23061e+13	7.07160e+3	1.70431e+12	9.09206e+3	2.38188e+11
1.00414e+3	7.66317e+14	3.01242e+3	9.48389e+13	5.02070e+3	1.31871e+13	7.02898e+3	1.87985e+12	9.03726e+3	2.70448e+11
9.98060e+2	7.75784e+14	2.99418e+3	9.86785e+13	4.99030e+3	1.41129e+13	6.98642e+3	2.06972e+12	8.98254e+3	3.06360e+11
9.91991e+2	7.85173e+14	2.97597e+3	1.02596e+14	4.95995e+3	1.50845e+13	6.94393e+3	2.27472e+12	8.92792e+3	3.46249e+11
9.85933e+2	7.94482e+14	2.95780e+3	1.06590e+14	4.92966e+3	1.61030e+13	6.90153e+3	2.49568e+12	8.87340e+3	3.90458e+11
9.79887e+2	8.03711e+14	2.93966e+3	1.10659e+14	4.89944e+3	1.71694e+13	6.85921e+3	2.73346e+12	8.81899e+3	4.39349e+11
9.73855e+2	8.12859e+14	2.92157e+3	1.14801e+14	4.86928e+3	1.82848e+13	6.81699e+3	2.98890e+12	8.76470e+3	4.93303e+11
9.67837e+2	8.21923e+14	2.90351e+3	1.19017e+14	4.83918e+3	1.94500e+13	6.77486e+3	3.26289e+12	8.71053e+3	5.52723e+11
9.61834e+2	8.30905e+14	2.88550e+3	1.23303e+14	4.80917e+3	2.06659e+13	6.73284e+3	3.55632e+12	8.65650e+3	6.18026e+11
9.55846e+2	8.39803e+14	2.86754e+3	1.27659e+14	4.77923e+3	2.19333e+13	6.69092e+3	3.87007e+12	8.60262e+3	6.89658e+11
9.49875e+2	8.48616e+14	2.84963e+3	1.32082e+14	4.74938e+3	2.32532e+13	6.64913e+3	4.20507e+12	8.54888e+3	7.68077e+11
9.43922e+2	8.57343e+14	2.83177e+3	1.36572e+14	4.71961e+3	2.46261e+13	6.60745e+3	4.56222e+12	8.49530e+3	8.53764e+11
9.37986e+2	8.65985e+14	2.81396e+3	1.41127e+14	4.68993e+3	2.60528e+13	6.56590e+3	4.94244e+12	8.44188e+3	9.47217e+11
9.32070e+2	8.74540e+14	2.79621e+3	1.45744e+14	4.66035e+3	2.75339e+13	6.52449e+3	5.34666e+12	8.38863e+3	1.04896e+12
9.26172e+2	8.83009e+14	2.77852e+3	1.50422e+14	4.63086e+3	2.90700e+13	6.48321e+3	5.77578e+12	8.33555e+3	1.15952e+12
9.20295e+2	8.91390e+14	2.76089e+3	1.55160e+14	4.60148e+3	3.06617e+13	6.44207e+3	6.23074e+12	8.28266e+3	1.27945e+12
9.14439e+2	8.99684e+14	2.74332e+3	1.59955e+14	4.57220e+3	3.23094e+13	6.40107e+3	6.71245e+12	8.22995e+3	1.40934e+12
9.08604e+2	9.07890e+14	2.72581e+3	1.64806e+14	4.54302e+3	3.40135e+13	6.36023e+3	7.22183e+12	8.17744e+3	1.54976e+12
9.02792e+2	9.16008e+14	2.70837e+3	1.69710e+14	4.51396e+3	3.57744e+13	6.31954e+3	7.75977e+12	8.12512e+3	1.70132e+12
8.97001e+2	9.24038e+14	2.69100e+3	1.74667e+14	4.48501e+3	3.75925e+13	6.27901e+3	8.32718e+12	8.07301e+3	1.86465e+12
8.91234e+2	9.31979e+14	2.67370e+3	1.79673e+14	4.45617e+3	3.94678e+13	6.23864e+3	8.92493e+12	8.02111e+3	2.04038e+12
8.85491e+2	9.39833e+14	2.65647e+3	1.84727e+14	4.42746e+3	4.14007e+13	6.19844e+3	9.55390e+12	7.96942e+3	2.22914e+12
8.79772e+2	9.47598e+14	2.63932e+3	1.89827e+14	4.39886e+3	4.33912e+13	6.15840e+3	1.02149e+13	7.91795e+3	2.43162e+12
8.74078e+2	9.55276e+14	2.62223e+3	1.94971e+14	4.37039e+3	4.54394e+13	6.11854e+3	1.09089e+13	7.86670e+3	2.64847e+12
8.68408e+2	9.62864e+14	2.60523e+3	2.00157e+14	4.34204e+3	4.75454e+13	6.07886e+3	1.16366e+13	7.81568e+3	2.88038e+12
8.62765e+2	9.70365e+14	2.58829e+3	2.05383e+14	4.31382e+3	4.97090e+13	6.03935e+3	1.23988e+13	7.76488e+3	3.12804e+12
8.57147e+2	9.77781e+14	2.57144e+3	2.10647e+14	4.28574e+3	5.19302e+13	6.00003e+3	1.31963e+13	7.71433e+3	3.39215e+12
8.51556e+2	9.85103e+14	2.55467e+3	2.15947e+14	4.25778e+3	5.42088e+13	5.96089e+3	1.40299e+13	7.66401e+3	3.67341e+12
8.45992e+2	9.92342e+14	2.53798e+3	2.21282e+14	4.22996e+3	5.65446e+13	5.92194e+3	1.49003e+13	7.61393e+3	3.97254e+12
8.40455e+2	9.99493e+14	2.52136e+3	2.26649e+14	4.20227e+3	5.89373e+13	5.88318e+3	1.58081e+13	7.56409e+3	4.29024e+12
8.34945e+2	1.00656e+15	2.50484e+3	2.32044e+14	4.17473e+3	6.13866e+13	5.84462e+3	1.67541e+13	7.51451e+3	4.62724e+12
8.29464e+2	1.01354e+15	2.48839e+3	2.37469e+14	4.14732e+3	6.38920e+13	5.80625e+3	1.77389e+13	7.46517e+3	4.98425e+12
8.24010e+2	1.02043e+15	2.47203e+3	2.42921e+14	4.12005e+3	6.64888e+13	5.76807e+3	1.87630e+13	7.41609e+3	5.36198e+12
8.18586e+2	1.02723e+15	2.45576e+3	2.48397e+14	4.09293e+3	6.91069e+13	5.73010e+3	1.98272e+13	7.36727e+3	5.76116e+12
8.13190e+2	1.03395e+15	2.43957e+3	2.53894e+14	4.06595e+3	7.17799e+13	5.69233e+3	2.09318e+13	7.31871e+3	6.18249e+12
8.07823e+2	1.04059e+15	2.42347e+3	2.59413e+14	4.03911e+3	7.45071e+13	5.65476e+3	2.20775e+13	7.27040e+3	6.62669e+12
8.02485e+2	1.04714e+15	2.40745e+3	2.64950e+14	4.01242e+3	7.72880e+13	5.61739e+3	2.32646e+13	7.22236e+3	7.09444e+12
7.97177e+2	1.05361e+15	2.39153e+3	2.70503e+14	3.98588e+3	8.01217e+13	5.58024e+3	2.44937e+13	7.17459e+3	7.58645e+12
7.91899e+2	1.06000e+15	2.37570e+3	2.76072e+14	3.95949e+3	8.30077e+13	5.54329e+3	2.57650e+13	7.12709e+3	8.10339e+12
7.86650e+2	1.06630e+15	2.35995e+3	2.81653e+14	3.93325e+3	8.59451e+13	5.50655e+3	2.70790e+13	7.07985e+3	8.64595e+12
7.81432e+2	1.07252e+15	2.34430e+3	2.87246e+14	3.90716e+3	8.89332e+13	5.47003e+3	2.84361e+13	7.03289e+3	9.21477e+12
7.76244e+2	1.07866e+15	2.32873e+3	2.92849e+14	3.88122e+3	9.19711e+13	5.43371e+3	2.98363e+13	6.98620e+3	9.81052e+12
7.71087e+2	1.08472e+15	2.31326e+3	2.98459e+14	3.85544e+3	9.50581e+13	5.39761e+3	3.12801e+13	6.93979e+3	1.04338e+13
7.65961e+2	1.09070e+15	2.29788e+3	3.04075e+14	3.82980e+3	9.81931e+13	5.36172e+3	3.27676e+13	6.89365e+3	1.10853e+13
7.60865e+2	1.09660e+15	2.28259e+3	3.09696e+14	3.80432e+3	1.01375e+14	5.32605e+3	3.42989e+13	6.84778e+3	1.17655e+13
7.55800e+2	1.10242e+15	2.26740e+3	3.15320e+14	3.77900e+3	1.04603e+14	5.29060e+3	3.58743e+13	6.80220e+3	1.24751e+13
7.50766e+2	1.10816e+15	2.25230e+3	3.20944e+14	3.75383e+3	1.07877e+14	5.25536e+3	3.74936e+13	6.75690e+3	1.32146e+13
7.45764e+2	1.11383e+15	2.23729e+3	3.26569e+14	3.72882e+3	1.11195e+14	5.22035e+3	3.91571e+13	6.71187e+3	1.39845e+13
7.40792e+2	1.11942e+15	2.22238e+3	3.32191e+14	3.70396e+3	1.14555e+14	5.18555e+3	4.08648e+13	6.66713e+3	1.47855e+13
7.35852e+2	1.12493e+15	2.20756e+3	3.37810e+14	3.67926e+3	1.17958e+14	5.15097e+3	4.26164e+13	6.62267e+3	1.56179e+13
7.30944e+2	1.13037e+15	2.19283e+3	3.43424e+14	3.65472e+3	1.21402e+14	5.11661e+3	4.44121e+13	6.57849e+3	1.64822e+13
7.26067e+2	1.13573e+15	2.17820e+3	3.49032e+14	3.63033e+3	1.24885e+14	5.08247e+3	4.62517e+13	6.53460e+3	1.73790e+13
7.21221e+2	1.14102e+15	2.16366e+3	3.54632e+14	3.60610e+3	1.28408e+14	5.04855e+3	4.81350e+13	6.49099e+3	1.83085e+13
7.16407e+2	1.14680e+15	2.14922e+3	3.60223e+14	3.58203e+3	1.31968e+14	5.01485e+3	5.00618e+13	6.44766e+3	1.92713e+13
7.11624e+2	1.15138e+15	2.13487e+3	3.65803e+14	3.55812e+3	1.35564e+14	4.98137e+3	5.20319e+13	6.40462e+3	2.02677e+13
7.06873e+2	1.15702e+15	2.12062e+3	3.71372e+14	3.53436e+3	1.39195e+14	4.94811e+3	5.40451e+13	6.36186e+3	2.12980e+13
7.02154e+2	1.16144e+15	2.10646e+3	3.76927e+14	3.51077e+3	1.42861e+14	4.91507e+3	5.61011e+13	6.31938e+3	2.23626e+13
6.97466e+2	1.16697e+15	2.09240e+3	3.82469e+14	3.48733e+3	1.46559e+14	4.88226e+3	5.81995e+13	6.27719e+3	2.34618e+13
6.92809e+2	1.17124e+15	2.07843e+3	3.87994e+14	3.46405e+3	1.50290e+14	4.84967e+3	6.03399e+13	6.23528e+3	2.45957e+13
6.88185e+2	1.17664e+15	2.06455e+3	3.93504e+14	3.44092e+3	1.54050e+14	4.81729e+3	6.25220e+13	6.19366e+3	2.57647e+13
6.83592e+2	1.18076e+15	2.05077e+3	3.98995e+14	3.41796e+3	1.57840e+14	4.78514e+3	6.47454e+13	6.15232e+3	2.69690e+13
6.79030e+2	1.18603e+15	2.03709e+3	4.04468e+14	3.39515e+3	1.61658e+14	4.75321e+3	6.70405e+13	6.11127e+3	2.82086e+13
6.74500e+2	1.19000e+15	2.02350e+3	4.09921e+14	3.37250e+3	1.65503e+14	4.72150e+3	6.93462e+13	6.07050e+3	2.94839e+13
6.70001e+2	1.19516e+15	2.01000e+3	4.15353e+14	3.35001e+3	1.69373e+14	4.69001e+3	7.16917e+13	6.03001e+3	3.07948e+13
6.65534e+2	1.19899e+15	1.99660e+3	4.20762e+14	3.32767e+3	1.73268e+14	4.65874e+3	7.40765e+13	5.98980e+3	3.21415e+13
6.61098e+2	1.20404e+15	1.98329e+3	4.26150e+14	3.30549e+3	1.77186e+14	4.62768e+3	7.64999e+13	5.94988e+3	3.35240e+13
6.56693e+2	1.20838e+15	1.97008e+3	4.31514e+14	3.28346e+3	1.81126e+14	4.59685e+3	7.89615e+13	5.91024e+3	3.49424e+13
6.52319e+2	1.21265e+15	1.95696e+3	4.36853e+14	3.26160e+3	1.85086e+14	4.56623e+3	8.14606e+13	5.87087e+3	3.63967e+13
6.47977e+2	1.21687e+15	1.94393e+3	4.42167e+14	3.23988e+3	1.89067e+14	4.53584e+3	8.39965e+13	5.83179e+3	3.78868e+13
6.43665e+2	1.22103e+15	1.93100e+3	4.47454e+14	3.21833e+3	1.93065e+14	4.50566e+3	8.65686e+13	5.79299e+3	3.94127e+13
6.39385e+2	1.22512e+15	1.91815e+3	4.52715e+14	3.19692e+3	1.97081e+14	4.47569e+3	8.91762e+13	5.75446e+3	4.09742e+13
6.35135e+2	1.22916e+15	1.90540e+3	4.57948e+14	3.17567e+3	2.01113e+14	4.44594e+3	9.18186e+13	5.71621e+3	4.25714e+13
6.30916e+2	1.23314e+15	1.89275e+3	4.63152e+14	3.15458e+3	2.05160e+14	4.41641e+3	9.44950e+13	5.67824e+3	4.42039e+13
6.26728e+2	1.23706e+15	1.88018e+3	4.68328e+14	3.13364e+3	2.09220e+14	4.38709e+3	9.72048e+13	5.64055e+3	4.58718e+13
6.22570e+2	1.24092e+15	1.86771e+3	4.73473e+14	3.11285e+3	2.13293e+14	4.35799e+3	9.99472e+13	5.60313e+3	4.75748e+13
6.18443e+2	1.24472e+15	1.85533e+3	4.78588e+14	3.09221e+3	2.17378e+14	4.32910e+3	1.02721e+14	5.56598e+3	4.93126e+13
6.14346e+2	1.24848e+15	1.84304e+3	4.83673e+14	3.07173e+3	2.21473e+14	4.30042e+3	1.05527e+14	5.52911e+3	5.10850e+13
6.10279e+2	1.25217e+15	1.83084e+3	4.88726e+14	3.05139e+3	2.25577e+14	4.27195e+3	1.08362e+14	5.49251e+3	5.28917e+13
6.06242e+2	1.25581e+15	1.81873e+3	4.93747e+14	3.03121e+3	2.29689e+14	4.24369e+3	1.11227e+14	5.45618e+3	5.47325e+13
6.02235e+2	1.25940e+15	1.80670e+3	4.98735e+14	3.01117e+3	2.33808e+14	4.21564e+3	1.14120e+14	5.42011e+3	5.66070e+13
5.98258e+2	1.26294e+15	1.79477e+3	5.03690e+14	2.99129e+3	2.37934e+14	4.18781e+3	1.17042e+14	5.38432e+3	5.85149e+13
5.94310e+2	1.26642e+15	1.78293e+3	5.08612e+14	2.97155e+3	2.42064e+14	4.16017e+3	1.19990e+14	5.34879e+3	6.04559e+13
5.90393e+2	1.26985e+15	1.77118e+3	5.13500e+14	2.95196e+3	2.46198e+14	4.13275e+3	1.22964e+14	5.31353e+3	6.24553e+13
5.86504e+2	1.27324e+15	1.75951e+3	5.18354e+14	2.93252e+3	2.50335e+14	4.10553e+3	1.25964e+14	5.27854e+3	6.44622e+13
5.82645e+2	1.27657e+15	1.74793e+3	5.23173e+14	2.91322e+3	2.54475e+14	4.07851e+3	1.28988e+14	5.24380e+3	6.65009e+13
5.78815e+2	1.27985e+15	1.73644e+3	5.27957e+14	2.89407e+3	2.58615e+14	4.05170e+3	1.32036e+14	5.20933e+3	6.85711e+13
5.75014e+2	1.28309e+15	1.72504e+3	5.32706e+14	2.87507e+3	2.62755e+14	4.02509e+3	1.35106e+14	5.17512e+3	7.06722e+13
5.71241e+2	1.28627e+15	1.71372e+3	5.37419e+14	2.85621e+3	2.66895e+14	3.99869e+3	1.38198e+14	5.14117e+3	7.28037e+13
5.67497e+2	1.28941e+15	1.70249e+3	5.42098e+14	2.83749e+3	2.71032e+14	3.97248e+3	1.41312e+14	5.10748e+3	7.49653e+13
5.63782e+2	1.29251e+15	1.69135e+3	5.46739e+14	2.81891e+3	2.75167e+14	3.94647e+3	1.44445e+14	5.07404e+3	7.71563e+13
5.60095e+2	1.29555e+15	1.68029e+3	5.51344e+14	2.80048e+3	2.79299e+14	3.92067e+3	1.47597e+14	5.04086e+3	7.93763e+13
5.56436e+2	1.29856e+15	1.66931e+3	5.55913e+14	2.78218e+3	2.83426e+14	3.89505e+3	1.50769e+14	5.00793e+3	8.16247e+13
5.52806e+2	1.30152e+15	1.65842e+3	5.60445e+14	2.76403e+3	2.87547e+14	3.86964e+3	1.53957e+14	4.97525e+3	8.39009e+13
5.49203e+2	1.30443e+15	1.64761e+3	5.64941e+14	2.74601e+3	2.91663e+14	3.84442e+3	1.57162e+14	4.94282e+3	8.62045e+13
5.45628e+2	1.30730e+15	1.63688e+3	5.69398e+14	2.72814e+3	2.95772e+14	3.81939e+3	1.60384e+14	4.91065e+3	8.85348e+13
5.42080e+2	1.31013e+15	1.62624e+3	5.73819e+14	2.71040e+3	2.99873e+14	3.79456e+3	1.63620e+14	4.87872e+3	9.08912e+13
5.38559e+2	1.31283e+15	1.61568e+3	5.78203e+14	2.69280e+3	3.03966e+14	3.76992e+3	1.66870e+14	4.84704e+3	9.32732e+13
5.35066e+2	1.31566e+15	1.60520e+3	5.82550e+14	2.67533e+3	3.08050e+14	3.74546e+3	1.70134e+14	4.81560e+3	9.56801e+13
5.31600e+2	1.31836e+15	1.59480e+3	5.86859e+14	2.65800e+3	3.12124e+14	3.72120e+3	1.73410e+14	4.78440e+3	9.81113e+13
5.28161e+2	1.32103e+15	1.58448e+3	5.91130e+14	2.64080e+3	3.16187e+14	3.69713e+3	1.76698e+14	4.75345e+3	1.00566e+14
5.24748e+2	1.32365e+15	1.57424e+3	5.95365e+14	2.62374e+3	3.20240e+14	3.67324e+3	1.79996e+14	4.72273e+3	1.03044e+14
5.21362e+2	1.32624e+15	1.56409e+3	5.99562e+14	2.60681e+3	3.24280e+14	3.64953e+3	1.83305e+14	4.69226e+3	1.05545e+14
5.18002e+2	1.32879e+15	1.55401e+3	6.03721e+14	2.59001e+3	3.28308e+14	3.62601e+3	1.86623e+14	4.66202e+3	1.08067e+14
5.14668e+2	1.33130e+15	1.54401e+3	6.07842e+14	2.57334e+3	3.32323e+14	3.60268e+3	1.89949e+14	4.63202e+3	1.10611e+14
5.11361e+2	1.33377e+15	1.53408e+3	6.12233e+14	2.55680e+3	3.36324e+14	3.57952e+3	1.93284e+14	4.60225e+3	1.13174e+14
5.08079e+2	1.33620e+15	1.52424e+3	6.16284e+14	2.54039e+3	3.40311e+14	3.55655e+3	1.96625e+14	4.57271e+3	1.15758e+14
5.04822e+2	1.33861e+15	1.51447e+3	6.20298e+14	2.52411e+3	3.44283e+14	3.53376e+3	1.99972e+14	4.54340e+3	1.18361e+14
5.01591e+2	1.34097e+15	1.50477e+3	6.24274e+14	2.50796e+3	3.48240e+14	3.51114e+3	2.03324e+14	4.51432e+3	1.20983e+14
4.98386e+2	1.34330e+15	1.49516e+3	6.28212e+14	2.49193e+3	3.52181e+14	3.48870e+3	2.06682e+14	4.48547e+3	1.23622e+14
4.95205e+2	1.34553e+15	1.48562e+3	6.32113e+14	2.47603e+3	3.56105e+14	3.46644e+3	2.10043e+14	4.45685e+3	1.26279e+14
4.92049e+2	1.34785e+15	1.47615e+3	6.35978e+14	2.46025e+3	3.60013e+14	3.44435e+3	2.13407e+14	4.42845e+3	1.28952e+14
4.88919e+2	1.35008e+15	1.46676e+3	6.39805e+14	2.44459e+3	3.63903e+14	3.42243e+3	2.16774e+14	4.40027e+3	1.31642e+14
4.85812e+2	1.35227e+15	1.45744e+3	6.43595e+14	2.42906e+3	3.67776e+14	3.40068e+3	2.20143e+14	4.37231e+3	1.34346e+14
4.82730e+2	1.35443e+15	1.44819e+3	6.47345e+14	2.41365e+3	3.71630e+14	3.37911e+3	2.23513e+14	4.34457e+3	1.37065e+14
4.79672e+2	1.35711e+15	1.43902e+3	6.51063e+14	2.39836e+3	3.75466e+14	3.35771e+3	2.26883e+14	4.31705e+3	1.39798e+14
4.76638e+2	1.35866e+15	1.42992e+3	6.54746e+14	2.38319e+3	3.79282e+14	3.33647e+3	2.30253e+14	4.28975e+3	1.42544e+14
4.73628e+2	1.36128e+15	1.42089e+3	6.58390e+14	2.36814e+3	3.83080e+14	3.31540e+3	2.33622e+14	4.26266e+3	1.45303e+14
4.70642e+2	1.36276e+15	1.41193e+3	6.61995e+14	2.35321e+3	3.86857e+14	3.29449e+3	2.36990e+14	4.23578e+3	1.48074e+14
4.67679e+2	1.36477e+15	1.40304e+3	6.65565e+14	2.33840e+3	3.90615e+14	3.27375e+3	2.40356e+14	4.20911e+3	1.50857e+14
4.64740e+2	1.36675e+15	1.39422e+3	6.69102e+14	2.32370e+3	3.94352e+14	3.25318e+3	2.43719e+14	4.18266e+3	1.53650e+14
4.61823e+2	1.36869e+15	1.38547e+3	6.72605e+14	2.30912e+3	3.98068e+14	3.23276e+3	2.47079e+14	4.15641e+3	1.56453e+14
4.58930e+2	1.37119e+15	1.37679e+3	6.76070e+14	2.29465e+3	4.01763e+14	3.21251e+3	2.50434e+14	4.13037e+3	1.59266e+14
4.56059e+2	1.37250e+15	1.36818e+3	6.79499e+14	2.28030e+3	4.05437e+14	3.19241e+3	2.53786e+14	4.10453e+3	1.62087e+14
4.53211e+2	1.37495e+15	1.35963e+3	6.82893e+14	2.26606e+3	4.09090e+14	3.17248e+3	2.57132e+14	4.07890e+3	1.64917e+14
4.50385e+2	1.37620e+15	1.35116e+3	6.86253e+14	2.25193e+3	4.12720e+14	3.15270e+3	2.60473e+14	4.05347e+3	1.67754e+14
4.47582e+2	1.37860e+15	1.34275e+3	6.89577e+14	2.23791e+3	4.16328e+14	3.13307e+3	2.63808e+14	4.02824e+3	1.70599e+14
4.44801e+2	1.37979e+15	1.33440e+3	6.92867e+14	2.22400e+3	4.19914e+14	3.11360e+3	2.67136e+14	4.00321e+3	1.73450e+14
4.42041e+2	1.38215e+15	1.32612e+3	6.96122e+14	2.21021e+3	4.23477e+14	3.09429e+3	2.70457e+14	3.97837e+3	1.76306e+14
4.39303e+2	1.38388e+15	1.31791e+3	6.99344e+14	2.19652e+3	4.27018e+14	3.07512e+3	2.73771e+14	3.95373e+3	1.79168e+14