Simulation Number ExitSlit.openingHeight CPMU20.photonEnergy PG.cFactor PG.orderDiffraction CPMU20.numberRays M1.slopeErrorMer PremirrorM2.slopeErrorMer PG.slopeErrorMer M3.slopeErrorSag KB_ver.slopeErrorMer KB_hor.slopeErrorMer
0                 0.03                   500.0               2.25       1                   500000.0          0.7              0.07                      0.7              1                0.07                 0.07                
1                 0.03                   500.0               2.25       1                   500000.0          0.7              0.07                      0.7              1                0.07                 0.05                
2                 0.03                   500.0               2.25       1                   500000.0          0.7              0.07                      0.7              1                0.07                 0                   
3                 0.03                   500.0               2.25       1                   500000.0          0.7              0.07                      0.7              1                0.05                 0.07                
4                 0.03                   500.0               2.25       1                   500000.0          0.7              0.07                      0.7              1                0.05                 0.05                
5                 0.03                   500.0               2.25       1                   500000.0          0.7              0.07                      0.7              1                0.05                 0                   
6                 0.03                   500.0               2.25       1                   500000.0          0.7              0.07                      0.7              1                0                    0.07                
7                 0.03                   500.0               2.25       1                   500000.0          0.7              0.07                      0.7              1                0                    0.05                
8                 0.03                   500.0               2.25       1                   500000.0          0.7              0.07                      0.7              1                0                    0                   
9                 0.03                   500.0               2.25       1                   500000.0          0.7              0.07                      0.7              0.5              0.07                 0.07                
10                0.03                   500.0               2.25       1                   500000.0          0.7              0.07                      0.7              0.5              0.07                 0.05                
11                0.03                   500.0               2.25       1                   500000.0          0.7              0.07                      0.7              0.5              0.07                 0                   
12                0.03                   500.0               2.25       1                   500000.0          0.7              0.07                      0.7              0.5              0.05                 0.07                
13                0.03                   500.0               2.25       1                   500000.0          0.7              0.07                      0.7              0.5              0.05                 0.05                
14                0.03                   500.0               2.25       1                   500000.0          0.7              0.07                      0.7              0.5              0.05                 0                   
15                0.03                   500.0               2.25       1                   500000.0          0.7              0.07                      0.7              0.5              0                    0.07                
16                0.03                   500.0               2.25       1                   500000.0          0.7              0.07                      0.7              0.5              0                    0.05                
17                0.03                   500.0               2.25       1                   500000.0          0.7              0.07                      0.7              0.5              0                    0                   
18                0.03                   500.0               2.25       1                   500000.0          0.7              0.07                      0.7              0                0.07                 0.07                
19                0.03                   500.0               2.25       1                   500000.0          0.7              0.07                      0.7              0                0.07                 0.05                
20                0.03                   500.0               2.25       1                   500000.0          0.7              0.07                      0.7              0                0.07                 0                   
21                0.03                   500.0               2.25       1                   500000.0          0.7              0.07                      0.7              0                0.05                 0.07                
22                0.03                   500.0               2.25       1                   500000.0          0.7              0.07                      0.7              0                0.05                 0.05                
23                0.03                   500.0               2.25       1                   500000.0          0.7              0.07                      0.7              0                0.05                 0                   
24                0.03                   500.0               2.25       1                   500000.0          0.7              0.07                      0.7              0                0                    0.07                
25                0.03                   500.0               2.25       1                   500000.0          0.7              0.07                      0.7              0                0                    0.05                
26                0.03                   500.0               2.25       1                   500000.0          0.7              0.07                      0.7              0                0                    0                   
27                0.03                   500.0               2.25       1                   500000.0          0.7              0.07                      0.05             1                0.07                 0.07                
28                0.03                   500.0               2.25       1                   500000.0          0.7              0.07                      0.05             1                0.07                 0.05                
29                0.03                   500.0               2.25       1                   500000.0          0.7              0.07                      0.05             1                0.07                 0                   
30                0.03                   500.0               2.25       1                   500000.0          0.7              0.07                      0.05             1                0.05                 0.07                
31                0.03                   500.0               2.25       1                   500000.0          0.7              0.07                      0.05             1                0.05                 0.05                
32                0.03                   500.0               2.25       1                   500000.0          0.7              0.07                      0.05             1                0.05                 0                   
33                0.03                   500.0               2.25       1                   500000.0          0.7              0.07                      0.05             1                0                    0.07                
34                0.03                   500.0               2.25       1                   500000.0          0.7              0.07                      0.05             1                0                    0.05                
35                0.03                   500.0               2.25       1                   500000.0          0.7              0.07                      0.05             1                0                    0                   
36                0.03                   500.0               2.25       1                   500000.0          0.7              0.07                      0.05             0.5              0.07                 0.07                
37                0.03                   500.0               2.25       1                   500000.0          0.7              0.07                      0.05             0.5              0.07                 0.05                
38                0.03                   500.0               2.25       1                   500000.0          0.7              0.07                      0.05             0.5              0.07                 0                   
39                0.03                   500.0               2.25       1                   500000.0          0.7              0.07                      0.05             0.5              0.05                 0.07                
40                0.03                   500.0               2.25       1                   500000.0          0.7              0.07                      0.05             0.5              0.05                 0.05                
41                0.03                   500.0               2.25       1                   500000.0          0.7              0.07                      0.05             0.5              0.05                 0                   
42                0.03                   500.0               2.25       1                   500000.0          0.7              0.07                      0.05             0.5              0                    0.07                
43                0.03                   500.0               2.25       1                   500000.0          0.7              0.07                      0.05             0.5              0                    0.05                
44                0.03                   500.0               2.25       1                   500000.0          0.7              0.07                      0.05             0.5              0                    0                   
45                0.03                   500.0               2.25       1                   500000.0          0.7              0.07                      0.05             0                0.07                 0.07                
46                0.03                   500.0               2.25       1                   500000.0          0.7              0.07                      0.05             0                0.07                 0.05                
47                0.03                   500.0               2.25       1                   500000.0          0.7              0.07                      0.05             0                0.07                 0                   
48                0.03                   500.0               2.25       1                   500000.0          0.7              0.07                      0.05             0                0.05                 0.07                
49                0.03                   500.0               2.25       1                   500000.0          0.7              0.07                      0.05             0                0.05                 0.05                
50                0.03                   500.0               2.25       1                   500000.0          0.7              0.07                      0.05             0                0.05                 0                   
51                0.03                   500.0               2.25       1                   500000.0          0.7              0.07                      0.05             0                0                    0.07                
52                0.03                   500.0               2.25       1                   500000.0          0.7              0.07                      0.05             0                0                    0.05                
53                0.03                   500.0               2.25       1                   500000.0          0.7              0.07                      0.05             0                0                    0                   
54                0.03                   500.0               2.25       1                   500000.0          0.7              0.07                      0                1                0.07                 0.07                
55                0.03                   500.0               2.25       1                   500000.0          0.7              0.07                      0                1                0.07                 0.05                
56                0.03                   500.0               2.25       1                   500000.0          0.7              0.07                      0                1                0.07                 0                   
57                0.03                   500.0               2.25       1                   500000.0          0.7              0.07                      0                1                0.05                 0.07                
58                0.03                   500.0               2.25       1                   500000.0          0.7              0.07                      0                1                0.05                 0.05                
59                0.03                   500.0               2.25       1                   500000.0          0.7              0.07                      0                1                0.05                 0                   
60                0.03                   500.0               2.25       1                   500000.0          0.7              0.07                      0                1                0                    0.07                
61                0.03                   500.0               2.25       1                   500000.0          0.7              0.07                      0                1                0                    0.05                
62                0.03                   500.0               2.25       1                   500000.0          0.7              0.07                      0                1                0                    0                   
63                0.03                   500.0               2.25       1                   500000.0          0.7              0.07                      0                0.5              0.07                 0.07                
64                0.03                   500.0               2.25       1                   500000.0          0.7              0.07                      0                0.5              0.07                 0.05                
65                0.03                   500.0               2.25       1                   500000.0          0.7              0.07                      0                0.5              0.07                 0                   
66                0.03                   500.0               2.25       1                   500000.0          0.7              0.07                      0                0.5              0.05                 0.07                
67                0.03                   500.0               2.25       1                   500000.0          0.7              0.07                      0                0.5              0.05                 0.05                
68                0.03                   500.0               2.25       1                   500000.0          0.7              0.07                      0                0.5              0.05                 0                   
69                0.03                   500.0               2.25       1                   500000.0          0.7              0.07                      0                0.5              0                    0.07                
70                0.03                   500.0               2.25       1                   500000.0          0.7              0.07                      0                0.5              0                    0.05                
71                0.03                   500.0               2.25       1                   500000.0          0.7              0.07                      0                0.5              0                    0                   
72                0.03                   500.0               2.25       1                   500000.0          0.7              0.07                      0                0                0.07                 0.07                
73                0.03                   500.0               2.25       1                   500000.0          0.7              0.07                      0                0                0.07                 0.05                
74                0.03                   500.0               2.25       1                   500000.0          0.7              0.07                      0                0                0.07                 0                   
75                0.03                   500.0               2.25       1                   500000.0          0.7              0.07                      0                0                0.05                 0.07                
76                0.03                   500.0               2.25       1                   500000.0          0.7              0.07                      0                0                0.05                 0.05                
77                0.03                   500.0               2.25       1                   500000.0          0.7              0.07                      0                0                0.05                 0                   
78                0.03                   500.0               2.25       1                   500000.0          0.7              0.07                      0                0                0                    0.07                
79                0.03                   500.0               2.25       1                   500000.0          0.7              0.07                      0                0                0                    0.05                
80                0.03                   500.0               2.25       1                   500000.0          0.7              0.07                      0                0                0                    0                   
81                0.03                   500.0               2.25       1                   500000.0          0.7              0.05                      0.7              1                0.07                 0.07                
82                0.03                   500.0               2.25       1                   500000.0          0.7              0.05                      0.7              1                0.07                 0.05                
83                0.03                   500.0               2.25       1                   500000.0          0.7              0.05                      0.7              1                0.07                 0                   
84                0.03                   500.0               2.25       1                   500000.0          0.7              0.05                      0.7              1                0.05                 0.07                
85                0.03                   500.0               2.25       1                   500000.0          0.7              0.05                      0.7              1                0.05                 0.05                
86                0.03                   500.0               2.25       1                   500000.0          0.7              0.05                      0.7              1                0.05                 0                   
87                0.03                   500.0               2.25       1                   500000.0          0.7              0.05                      0.7              1                0                    0.07                
88                0.03                   500.0               2.25       1                   500000.0          0.7              0.05                      0.7              1                0                    0.05                
89                0.03                   500.0               2.25       1                   500000.0          0.7              0.05                      0.7              1                0                    0                   
90                0.03                   500.0               2.25       1                   500000.0          0.7              0.05                      0.7              0.5              0.07                 0.07                
91                0.03                   500.0               2.25       1                   500000.0          0.7              0.05                      0.7              0.5              0.07                 0.05                
92                0.03                   500.0               2.25       1                   500000.0          0.7              0.05                      0.7              0.5              0.07                 0                   
93                0.03                   500.0               2.25       1                   500000.0          0.7              0.05                      0.7              0.5              0.05                 0.07                
94                0.03                   500.0               2.25       1                   500000.0          0.7              0.05                      0.7              0.5              0.05                 0.05                
95                0.03                   500.0               2.25       1                   500000.0          0.7              0.05                      0.7              0.5              0.05                 0                   
96                0.03                   500.0               2.25       1                   500000.0          0.7              0.05                      0.7              0.5              0                    0.07                
97                0.03                   500.0               2.25       1                   500000.0          0.7              0.05                      0.7              0.5              0                    0.05                
98                0.03                   500.0               2.25       1                   500000.0          0.7              0.05                      0.7              0.5              0                    0                   
99                0.03                   500.0               2.25       1                   500000.0          0.7              0.05                      0.7              0                0.07                 0.07                
100               0.03                   500.0               2.25       1                   500000.0          0.7              0.05                      0.7              0                0.07                 0.05                
101               0.03                   500.0               2.25       1                   500000.0          0.7              0.05                      0.7              0                0.07                 0                   
102               0.03                   500.0               2.25       1                   500000.0          0.7              0.05                      0.7              0                0.05                 0.07                
103               0.03                   500.0               2.25       1                   500000.0          0.7              0.05                      0.7              0                0.05                 0.05                
104               0.03                   500.0               2.25       1                   500000.0          0.7              0.05                      0.7              0                0.05                 0                   
105               0.03                   500.0               2.25       1                   500000.0          0.7              0.05                      0.7              0                0                    0.07                
106               0.03                   500.0               2.25       1                   500000.0          0.7              0.05                      0.7              0                0                    0.05                
107               0.03                   500.0               2.25       1                   500000.0          0.7              0.05                      0.7              0                0                    0                   
108               0.03                   500.0               2.25       1                   500000.0          0.7              0.05                      0.05             1                0.07                 0.07                
109               0.03                   500.0               2.25       1                   500000.0          0.7              0.05                      0.05             1                0.07                 0.05                
110               0.03                   500.0               2.25       1                   500000.0          0.7              0.05                      0.05             1                0.07                 0                   
111               0.03                   500.0               2.25       1                   500000.0          0.7              0.05                      0.05             1                0.05                 0.07                
112               0.03                   500.0               2.25       1                   500000.0          0.7              0.05                      0.05             1                0.05                 0.05                
113               0.03                   500.0               2.25       1                   500000.0          0.7              0.05                      0.05             1                0.05                 0                   
114               0.03                   500.0               2.25       1                   500000.0          0.7              0.05                      0.05             1                0                    0.07                
115               0.03                   500.0               2.25       1                   500000.0          0.7              0.05                      0.05             1                0                    0.05                
116               0.03                   500.0               2.25       1                   500000.0          0.7              0.05                      0.05             1                0                    0                   
117               0.03                   500.0               2.25       1                   500000.0          0.7              0.05                      0.05             0.5              0.07                 0.07                
118               0.03                   500.0               2.25       1                   500000.0          0.7              0.05                      0.05             0.5              0.07                 0.05                
119               0.03                   500.0               2.25       1                   500000.0          0.7              0.05                      0.05             0.5              0.07                 0                   
120               0.03                   500.0               2.25       1                   500000.0          0.7              0.05                      0.05             0.5              0.05                 0.07                
121               0.03                   500.0               2.25       1                   500000.0          0.7              0.05                      0.05             0.5              0.05                 0.05                
122               0.03                   500.0               2.25       1                   500000.0          0.7              0.05                      0.05             0.5              0.05                 0                   
123               0.03                   500.0               2.25       1                   500000.0          0.7              0.05                      0.05             0.5              0                    0.07                
124               0.03                   500.0               2.25       1                   500000.0          0.7              0.05                      0.05             0.5              0                    0.05                
125               0.03                   500.0               2.25       1                   500000.0          0.7              0.05                      0.05             0.5              0                    0                   
126               0.03                   500.0               2.25       1                   500000.0          0.7              0.05                      0.05             0                0.07                 0.07                
127               0.03                   500.0               2.25       1                   500000.0          0.7              0.05                      0.05             0                0.07                 0.05                
128               0.03                   500.0               2.25       1                   500000.0          0.7              0.05                      0.05             0                0.07                 0                   
129               0.03                   500.0               2.25       1                   500000.0          0.7              0.05                      0.05             0                0.05                 0.07                
130               0.03                   500.0               2.25       1                   500000.0          0.7              0.05                      0.05             0                0.05                 0.05                
131               0.03                   500.0               2.25       1                   500000.0          0.7              0.05                      0.05             0                0.05                 0                   
132               0.03                   500.0               2.25       1                   500000.0          0.7              0.05                      0.05             0                0                    0.07                
133               0.03                   500.0               2.25       1                   500000.0          0.7              0.05                      0.05             0                0                    0.05                
134               0.03                   500.0               2.25       1                   500000.0          0.7              0.05                      0.05             0                0                    0                   
135               0.03                   500.0               2.25       1                   500000.0          0.7              0.05                      0                1                0.07                 0.07                
136               0.03                   500.0               2.25       1                   500000.0          0.7              0.05                      0                1                0.07                 0.05                
137               0.03                   500.0               2.25       1                   500000.0          0.7              0.05                      0                1                0.07                 0                   
138               0.03                   500.0               2.25       1                   500000.0          0.7              0.05                      0                1                0.05                 0.07                
139               0.03                   500.0               2.25       1                   500000.0          0.7              0.05                      0                1                0.05                 0.05                
140               0.03                   500.0               2.25       1                   500000.0          0.7              0.05                      0                1                0.05                 0                   
141               0.03                   500.0               2.25       1                   500000.0          0.7              0.05                      0                1                0                    0.07                
142               0.03                   500.0               2.25       1                   500000.0          0.7              0.05                      0                1                0                    0.05                
143               0.03                   500.0               2.25       1                   500000.0          0.7              0.05                      0                1                0                    0                   
144               0.03                   500.0               2.25       1                   500000.0          0.7              0.05                      0                0.5              0.07                 0.07                
145               0.03                   500.0               2.25       1                   500000.0          0.7              0.05                      0                0.5              0.07                 0.05                
146               0.03                   500.0               2.25       1                   500000.0          0.7              0.05                      0                0.5              0.07                 0                   
147               0.03                   500.0               2.25       1                   500000.0          0.7              0.05                      0                0.5              0.05                 0.07                
148               0.03                   500.0               2.25       1                   500000.0          0.7              0.05                      0                0.5              0.05                 0.05                
149               0.03                   500.0               2.25       1                   500000.0          0.7              0.05                      0                0.5              0.05                 0                   
