Simulation Number ExitSlit.totalHeight CPMU20.photonEnergy PG.cFactor PG.orderDiffraction CPMU20.numberRays
0                 0.04                 50                  1.5        1                   500000.0         
1                 0.04                 50                  2.25       1                   500000.0         
2                 0.04                 50                  3.0        1                   500000.0         
3                 0.04                 50                  5.0        1                   500000.0         
4                 0.04                 150                 1.5        1                   500000.0         
5                 0.04                 150                 2.25       1                   500000.0         
6                 0.04                 150                 3.0        1                   500000.0         
7                 0.04                 150                 5.0        1                   500000.0         
8                 0.04                 250                 1.5        1                   500000.0         
9                 0.04                 250                 2.25       1                   500000.0         
10                0.04                 250                 3.0        1                   500000.0         
11                0.04                 250                 5.0        1                   500000.0         
12                0.04                 350                 1.5        1                   500000.0         
13                0.04                 350                 2.25       1                   500000.0         
14                0.04                 350                 3.0        1                   500000.0         
15                0.04                 350                 5.0        1                   500000.0         
16                0.04                 450                 1.5        1                   500000.0         
17                0.04                 450                 2.25       1                   500000.0         
18                0.04                 450                 3.0        1                   500000.0         
19                0.04                 450                 5.0        1                   500000.0         
20                0.04                 550                 1.5        1                   500000.0         
21                0.04                 550                 2.25       1                   500000.0         
22                0.04                 550                 3.0        1                   500000.0         
23                0.04                 550                 5.0        1                   500000.0         
24                0.04                 650                 1.5        1                   500000.0         
25                0.04                 650                 2.25       1                   500000.0         
26                0.04                 650                 3.0        1                   500000.0         
27                0.04                 650                 5.0        1                   500000.0         
28                0.04                 750                 1.5        1                   500000.0         
29                0.04                 750                 2.25       1                   500000.0         
30                0.04                 750                 3.0        1                   500000.0         
31                0.04                 750                 5.0        1                   500000.0         
32                0.04                 850                 1.5        1                   500000.0         
33                0.04                 850                 2.25       1                   500000.0         
34                0.04                 850                 3.0        1                   500000.0         
35                0.04                 850                 5.0        1                   500000.0         
36                0.04                 950                 1.5        1                   500000.0         
37                0.04                 950                 2.25       1                   500000.0         
38                0.04                 950                 3.0        1                   500000.0         
39                0.04                 950                 5.0        1                   500000.0         
40                0.04                 1050                1.5        1                   500000.0         
41                0.04                 1050                2.25       1                   500000.0         
42                0.04                 1050                3.0        1                   500000.0         
43                0.04                 1050                5.0        1                   500000.0         
44                0.04                 1150                1.5        1                   500000.0         
45                0.04                 1150                2.25       1                   500000.0         
46                0.04                 1150                3.0        1                   500000.0         
47                0.04                 1150                5.0        1                   500000.0         
48                0.04                 1250                1.5        1                   500000.0         
49                0.04                 1250                2.25       1                   500000.0         
50                0.04                 1250                3.0        1                   500000.0         
51                0.04                 1250                5.0        1                   500000.0         
52                0.04                 1350                1.5        1                   500000.0         
53                0.04                 1350                2.25       1                   500000.0         
54                0.04                 1350                3.0        1                   500000.0         
55                0.04                 1350                5.0        1                   500000.0         
56                0.04                 1450                1.5        1                   500000.0         
57                0.04                 1450                2.25       1                   500000.0         
58                0.04                 1450                3.0        1                   500000.0         
59                0.04                 1450                5.0        1                   500000.0         
60                0.04                 1550                1.5        1                   500000.0         
61                0.04                 1550                2.25       1                   500000.0         
62                0.04                 1550                3.0        1                   500000.0         
63                0.04                 1550                5.0        1                   500000.0         
64                0.04                 1650                1.5        1                   500000.0         
65                0.04                 1650                2.25       1                   500000.0         
66                0.04                 1650                3.0        1                   500000.0         
67                0.04                 1650                5.0        1                   500000.0         
68                0.04                 1750                1.5        1                   500000.0         
69                0.04                 1750                2.25       1                   500000.0         
70                0.04                 1750                3.0        1                   500000.0         
71                0.04                 1750                5.0        1                   500000.0         
72                0.04                 1850                1.5        1                   500000.0         
73                0.04                 1850                2.25       1                   500000.0         
74                0.04                 1850                3.0        1                   500000.0         
75                0.04                 1850                5.0        1                   500000.0         
76                0.04                 1950                1.5        1                   500000.0         
77                0.04                 1950                2.25       1                   500000.0         
78                0.04                 1950                3.0        1                   500000.0         
79                0.04                 1950                5.0        1                   500000.0         
80                0.04                 2050                1.5        1                   500000.0         
81                0.04                 2050                2.25       1                   500000.0         
82                0.04                 2050                3.0        1                   500000.0         
83                0.04                 2050                5.0        1                   500000.0         
84                0.04                 2150                1.5        1                   500000.0         
85                0.04                 2150                2.25       1                   500000.0         
86                0.04                 2150                3.0        1                   500000.0         
87                0.04                 2150                5.0        1                   500000.0         
88                0.04                 2250                1.5        1                   500000.0         
89                0.04                 2250                2.25       1                   500000.0         
90                0.04                 2250                3.0        1                   500000.0         
91                0.04                 2250                5.0        1                   500000.0         
92                0.04                 2350                1.5        1                   500000.0         
93                0.04                 2350                2.25       1                   500000.0         
94                0.04                 2350                3.0        1                   500000.0         
95                0.04                 2350                5.0        1                   500000.0         
96                0.04                 2450                1.5        1                   500000.0         
97                0.04                 2450                2.25       1                   500000.0         
98                0.04                 2450                3.0        1                   500000.0         
99                0.04                 2450                5.0        1                   500000.0         
100               0.04                 2550                1.5        1                   500000.0         
101               0.04                 2550                2.25       1                   500000.0         
102               0.04                 2550                3.0        1                   500000.0         
103               0.04                 2550                5.0        1                   500000.0         
