Simulation Number CPMU20.photonEnergy ExitSlit.totalHeight PG.orderDiffraction CPMU20.numberRays PG.cFactor
0                 1500                0.05                 1                   20000             1.33      
1                 1500                0.05                 1                   20000             1.33      
2                 1500                0.05                 1                   20000             1.33      
3                 1500                0.05                 1                   20000             1.33      
4                 1500                0.05                 1                   20000             1.33      
5                 1500                0.05                 1                   20000             1.33      
6                 1500                0.05                 1                   20000             1.33      
7                 1500                0.05                 1                   20000             1.33      
8                 1500                0.05                 1                   20000             1.33      
9                 1500                0.05                 1                   20000             1.33      
10                1500                0.05                 1                   20000             1.33      
11                1500                0.05                 1                   20000             1.33      
12                1500                0.05                 1                   20000             1.33      
13                1500                0.05                 1                   20000             1.33      
14                1500                0.05                 1                   20000             1.33      
15                1500                0.05                 1                   20000             1.33      
16                1500                0.05                 1                   20000             1.33      
17                1500                0.05                 1                   20000             1.33      
18                1500                0.05                 1                   20000             1.33      
19                1500                0.05                 1                   20000             1.33      
20                1500                0.05                 1                   20000             1.33      
21                1500                0.05                 1                   20000             1.33      
22                1500                0.05                 1                   20000             1.33      
23                1500                0.05                 1                   20000             1.33      
24                1500                0.05                 1                   20000             1.33      
25                1500                0.05                 1                   20000             1.33      
26                1500                0.05                 1                   20000             1.33      
27                1500                0.05                 1                   20000             1.33      
28                1500                0.05                 1                   20000             1.33      
29                1500                0.05                 1                   20000             1.33      
30                1500                0.05                 1                   20000             1.33      
31                1500                0.05                 1                   20000             1.33      
32                1500                0.05                 1                   20000             1.33      
33                1500                0.05                 1                   20000             1.33      
34                1500                0.05                 1                   20000             1.33      
35                1500                0.05                 1                   20000             1.33      
36                1500                0.05                 1                   20000             1.33      
37                1500                0.05                 1                   20000             1.33      
38                1500                0.05                 1                   20000             1.33      
39                1500                0.05                 1                   20000             1.33      
40                1500                0.05                 1                   20000             1.33      
41                1500                0.05                 1                   20000             1.33      
42                1500                0.05                 1                   20000             1.33      
43                1500                0.05                 1                   20000             1.33      
44                1500                0.05                 1                   20000             1.33      
45                1500                0.05                 1                   20000             1.33      
46                1500                0.05                 1                   20000             1.33      
47                1500                0.05                 1                   20000             1.33      
48                1500                0.05                 1                   20000             1.33      
49                1500                0.05                 1                   20000             1.33      
