 Pt 8.nm/Au 30.nm/Si at 1.5deg, P=0.
 Photon Energy (eV), Reflectivity, Transmission into substrate
   30.0000  0.939394  1.911550E-07
   34.9499  0.946253  7.495964E-08
   39.8998  0.939642  8.098180E-08
   44.8497  0.922630  6.638419E-08
   49.7996  0.903165  5.629055E-08
   54.7495  0.902384  3.361466E-08
   59.6994  0.910141  1.411091E-08
   64.6493  0.908584  8.197439E-09
   69.5992  0.904015  6.153771E-09
   74.5491  0.918373  3.409538E-09
   79.4990  0.929313  2.242072E-09
   84.4489  0.936194  2.153470E-09
   89.3988  0.942380  2.553740E-09
   94.3487  0.946144  8.626598E-09
   99.2986  0.947773  2.460721E-08
   104.248  0.948181  2.253155E-08
   109.198  0.948366  3.098883E-08
   114.148  0.948142  3.974124E-08
   119.098  0.947278  4.873827E-08
   124.048  0.945219  5.894305E-08
   128.998  0.939612  7.209456E-08
   133.948  0.933247  8.991098E-08
   138.898  0.925878  1.169806E-07
   143.848  0.916893  1.590219E-07
   148.798  0.906064  2.107115E-07
   153.747  0.893762  2.629316E-07
   158.697  0.880480  3.522993E-07
   163.647  0.866268  4.467248E-07
   168.597  0.851726  5.268779E-07
   173.547  0.838276  5.898950E-07
   178.497  0.826419  6.436311E-07
   183.447  0.815702  7.006773E-07
   188.397  0.806859  7.256576E-07
   193.347  0.800147  7.233106E-07
   198.297  0.793479  6.991160E-07
   203.246  0.787055  6.512774E-07
   208.196  0.780790  5.897517E-07
   213.146  0.775645  5.023341E-07
   218.096  0.771576  4.203626E-07
   223.046  0.768965  3.530063E-07
   227.996  0.766586  2.938249E-07
   232.946  0.764823  2.389138E-07
   237.896  0.764403  1.924951E-07
   242.846  0.764516  1.573387E-07
   247.796  0.763917  1.291059E-07
   252.745  0.763155  1.042845E-07
   257.695  0.762630  8.516338E-08
   262.645  0.762066  7.015896E-08
   267.595  0.761053  5.785876E-08
   272.545  0.759795  4.726671E-08
   277.495  0.758323  3.849760E-08
   282.445  0.756657  3.219740E-08
   287.395  0.755026  2.719048E-08
   292.345  0.753429  2.302406E-08
   297.295  0.751850  1.951076E-08
   302.244  0.750272  1.651414E-08
   307.194  0.748709  1.392359E-08
   312.144  0.747200  1.172969E-08
   317.094  0.745742  9.942483E-09
   322.044  0.744332  8.476713E-09
   326.994  0.742970  7.244794E-09
   331.944  0.741664  6.192939E-09
   336.894  0.740423  5.288832E-09
   341.844  0.739244  4.507223E-09
   346.794  0.738131  3.826185E-09
   351.743  0.737104  3.204605E-09
   356.693  0.736145  2.732280E-09
   361.643  0.735280  2.350374E-09
   366.593  0.734521  2.030448E-09
   371.543  0.733884  1.756314E-09
   376.493  0.733395  1.521035E-09
   381.443  0.733115  1.317745E-09
   386.393  0.733295  1.139331E-09
   391.343  0.733863  9.837172E-10
   396.293  0.734724  8.495658E-10
   401.242  0.735709  7.357772E-10
   406.192  0.736244  6.438465E-10
   411.142  0.736498  5.703926E-10
   416.092  0.736595  5.091515E-10
   421.042  0.736581  4.570492E-10
   425.992  0.736458  4.118837E-10
   430.942  0.736266  3.721455E-10
   435.892  0.736032  3.369335E-10
   440.842  0.735757  3.056151E-10
   445.792  0.735522  2.769789E-10
   450.741  0.735276  2.514988E-10
   455.691  0.735013  2.288864E-10
   460.641  0.734699  2.098895E-10
   465.591  0.734321  1.930331E-10
   470.541  0.733891  1.779699E-10
   475.491  0.733350  1.646272E-10
   480.441  0.732764  1.525906E-10
   485.391  0.732130  1.417186E-10
   490.341  0.731395  1.319328E-10
   495.291  0.730607  1.230212E-10
   500.240  0.729734  1.149413E-10
   505.190  0.728717  1.075968E-10
   510.140  0.727585  1.008972E-10
   515.090  0.725946  9.504839E-11
   520.040  0.724063  8.962314E-11
   524.990  0.721873  8.460318E-11
   529.940  0.719394  7.955564E-11
   534.890  0.716861  7.472396E-11
   539.840  0.715076  6.947222E-11
   544.790  0.713618  6.446958E-11
   549.739  0.712948  5.947001E-11
   554.689  0.712982  5.488556E-11
   559.639  0.713665  5.068436E-11
   564.589  0.714478  4.693962E-11
   569.539  0.715332  4.355570E-11
   574.489  0.715952  4.071947E-11
   579.439  0.716528  3.813504E-11
   584.389  0.716927  3.581196E-11
   589.339  0.717301  3.365757E-11
   594.289  0.717537  3.169520E-11
   599.238  0.717752  2.986828E-11
   604.188  0.717884  2.817856E-11
   609.138  0.718006  2.660046E-11
   614.088  0.718086  2.512446E-11
   619.038  0.718178  2.373838E-11
   623.988  0.718296  2.242078E-11
   628.938  0.718440  2.118470E-11
   633.888  0.718671  2.001043E-11
   638.838  0.718915  1.890546E-11
   643.788  0.719228  1.783565E-11
   648.737  0.719529  1.683718E-11
   653.687  0.719702  1.591743E-11
   658.637  0.719876  1.505720E-11
   663.587  0.719858  1.438552E-11
   668.537  0.719839  1.375278E-11
   673.487  0.719612  1.322583E-11
   678.437  0.719346  1.273897E-11
   683.387  0.718998  1.229103E-11
   688.337  0.718602  1.187705E-11
   693.287  0.718153  1.148980E-11
   698.236  0.717624  1.113987E-11
   703.186  0.717068  1.080754E-11
   708.136  0.716343  1.049580E-11
   713.086  0.715620  1.019784E-11
   718.036  0.714948  9.904778E-12
   722.986  0.714285  9.623615E-12
   727.936  0.713695  9.349065E-12
   732.886  0.713167  9.081241E-12
   737.836  0.712653  8.824732E-12
   742.786  0.712239  8.569037E-12
   747.735  0.711820  8.326007E-12
   752.685  0.711518  8.083899E-12
   757.635  0.711262  7.851441E-12
   762.585  0.711097  7.623827E-12
   767.535  0.711148  7.397082E-12
   772.485  0.711200  7.180577E-12
   777.435  0.711609  6.972911E-12
   782.385  0.712088  6.775708E-12
   787.335  0.712565  6.586935E-12
   792.285  0.713039  6.405409E-12
   797.234  0.713510  6.232040E-12
   802.184  0.713854  6.082539E-12
   807.134  0.714149  5.942464E-12
   812.084  0.714437  5.812071E-12
   817.034  0.714641  5.700540E-12
   821.984  0.714848  5.595630E-12
   826.934  0.715025  5.496625E-12
   831.884  0.715170  5.404057E-12
   836.834  0.715318  5.317552E-12
   841.784  0.715437  5.235077E-12
   846.733  0.715550  5.157705E-12
   851.683  0.715666  5.082138E-12
   856.633  0.715751  5.011862E-12
   861.583  0.715839  4.943581E-12
   866.533  0.715922  4.873479E-12
   871.483  0.715980  4.789415E-12
   876.433  0.716037  4.708149E-12
   881.383  0.716078  4.641516E-12
   886.333  0.716096  4.590597E-12
   891.283  0.716119  4.544967E-12
   896.232  0.716128  4.511834E-12
   901.182  0.716122  4.487514E-12
   906.132  0.716122  4.465985E-12
   911.082  0.716115  4.451541E-12
   916.032  0.716109  4.439577E-12
   920.982  0.716103  4.430197E-12
   925.932  0.716110  4.427252E-12
   930.882  0.716121  4.428569E-12
   935.832  0.716141  4.431556E-12
   940.782  0.716150  4.438421E-12
   945.731  0.716143  4.448098E-12
   950.681  0.716147  4.460420E-12
   955.631  0.716131  4.477851E-12
   960.581  0.716108  4.500882E-12
   965.531  0.716081  4.527159E-12
   970.481  0.716043  4.561600E-12
   975.431  0.715995  4.605830E-12
   980.381  0.715952  4.653699E-12
   985.331  0.715900  4.707738E-12
   990.281  0.715852  4.769302E-12
   995.230  0.715795  4.838072E-12
   1000.18  0.715745  4.912989E-12
   1005.13  0.715694  4.993362E-12
   1010.08  0.715643  5.082155E-12
   1015.03  0.715592  5.176731E-12
   1019.98  0.715573  5.266019E-12
   1024.93  0.715557  5.362366E-12
   1029.88  0.715542  5.468294E-12
   1034.83  0.715518  5.589135E-12
   1039.78  0.715482  5.724884E-12
   1044.73  0.715440  5.872787E-12
   1049.68  0.715402  6.038282E-12
   1054.63  0.715329  6.255860E-12
   1059.58  0.715268  6.496654E-12
   1064.53  0.715193  6.754857E-12
   1069.48  0.715112  7.062079E-12
   1074.43  0.715007  7.400778E-12
   1079.38  0.714917  7.783513E-12
   1084.33  0.714812  8.210705E-12
   1089.28  0.714684  8.711870E-12
   1094.23  0.714562  9.284902E-12
   1099.18  0.714447  9.918383E-12
   1104.13  0.714299  1.066278E-11
   1109.08  0.714160  1.151937E-11
   1114.03  0.714017  1.250098E-11
   1118.98  0.713863  1.361653E-11
   1123.93  0.713697  1.492667E-11
   1128.88  0.713529  1.637747E-11
   1133.83  0.713361  1.802648E-11
   1138.78  0.713182  1.984158E-11
   1143.73  0.712991  2.186145E-11
   1148.68  0.712801  2.401459E-11
   1153.63  0.712611  2.627603E-11
   1158.58  0.712412  2.863784E-11
   1163.53  0.712203  3.113223E-11
   1168.48  0.711996  3.369000E-11
   1173.43  0.711780  3.634021E-11
   1178.38  0.711557  3.904197E-11
   1183.33  0.711325  4.188548E-11
   1188.28  0.711108  4.474417E-11
   1193.23  0.710872  4.772019E-11
   1198.18  0.710628  5.085742E-11
   1203.13  0.710376  5.406944E-11
   1208.08  0.710130  5.733549E-11
   1213.03  0.709877  6.078139E-11
   1217.98  0.709619  6.442343E-11
   1222.93  0.709355  6.819447E-11
   1227.88  0.709098  7.210672E-11
   1232.83  0.708825  7.609192E-11
   1237.78  0.708558  8.018188E-11
   1242.73  0.708300  8.441106E-11
   1247.68  0.708023  8.872656E-11
   1252.63  0.707760  9.322515E-11
   1257.58  0.707491  9.783597E-11
   1262.53  0.707219  1.025553E-10
   1267.47  0.706944  1.074432E-10
   1272.42  0.706669  1.125462E-10
   1277.37  0.706394  1.177769E-10
   1282.32  0.706101  1.232402E-10
   1287.27  0.705822  1.288606E-10
   1292.22  0.705541  1.346822E-10
   1297.17  0.705232  1.406116E-10
   1302.12  0.704921  1.467107E-10
   1307.07  0.704610  1.530149E-10
   1312.02  0.704283  1.595955E-10
   1316.97  0.703956  1.665747E-10
   1321.92  0.703613  1.738504E-10
   1326.87  0.703270  1.814310E-10
   1331.82  0.702929  1.892655E-10
   1336.77  0.702589  1.975533E-10
   1341.72  0.702217  2.064717E-10
   1346.67  0.701848  2.156093E-10
   1351.62  0.701481  2.251297E-10
   1356.57  0.701100  2.351457E-10
   1361.52  0.700705  2.458459E-10
   1366.47  0.700313  2.570107E-10
   1371.42  0.699908  2.687222E-10
   1376.37  0.699524  2.808692E-10
   1381.32  0.699110  2.936850E-10
   1386.27  0.698682  3.073353E-10
   1391.22  0.698260  3.214871E-10
   1396.17  0.697826  3.360413E-10
   1401.12  0.697397  3.515716E-10
   1406.07  0.696937  3.685061E-10
   1411.02  0.696483  3.862676E-10
   1415.97  0.696018  4.046467E-10
   1420.92  0.695560  4.241014E-10
   1425.87  0.695091  4.441149E-10
   1430.82  0.694610  4.651033E-10
   1435.77  0.694119  4.870792E-10
   1440.72  0.693615  5.100816E-10
   1445.67  0.693142  5.340763E-10
   1450.62  0.692620  5.583995E-10
   1455.57  0.692110  5.832977E-10
   1460.52  0.691588  6.100543E-10
   1465.47  0.691077  6.376501E-10
   1470.42  0.690536  6.662244E-10
   1475.37  0.689993  6.938593E-10
   1480.32  0.689461  7.228659E-10
   1485.27  0.688920  7.533624E-10
   1490.22  0.688370  7.847895E-10
   1495.17  0.687797  8.196450E-10
   1500.12  0.687251  8.577299E-10
   1505.07  0.686673  8.981700E-10
   1510.02  0.686109  9.400027E-10
   1514.97  0.685537  9.846958E-10
   1519.92  0.684933  1.034014E-09
   1524.87  0.684320  1.089193E-09
   1529.82  0.683723  1.146432E-09
   1534.77  0.683094  1.206627E-09
   1539.72  0.682457  1.270513E-09
   1544.67  0.681810  1.341694E-09
   1549.62  0.681154  1.419280E-09
   1554.57  0.680465  1.501802E-09
   1559.52  0.679794  1.588472E-09
   1564.47  0.679117  1.681100E-09
   1569.42  0.678406  1.778566E-09
   1574.37  0.677662  1.881642E-09
   1579.32  0.676938  1.990428E-09
   1584.27  0.676207  2.105970E-09
   1589.22  0.675470  2.227425E-09
   1594.17  0.674700  2.355405E-09
   1599.12  0.673898  2.489681E-09
   1604.07  0.673117  2.630860E-09
   1609.02  0.672331  2.780442E-09
   1613.97  0.671510  2.939308E-09
   1618.92  0.670684  3.105883E-09
   1623.87  0.669825  3.284562E-09
   1628.82  0.668990  3.469513E-09
   1633.77  0.668120  3.669177E-09
   1638.72  0.667245  3.880061E-09
   1643.67  0.666366  4.099276E-09
   1648.62  0.665417  4.351822E-09
   1653.57  0.664495  4.616924E-09
   1658.52  0.663536  4.901493E-09
   1663.47  0.662573  5.203440E-09
   1668.42  0.661637  5.522499E-09
   1673.37  0.660630  5.878779E-09
   1678.32  0.659583  6.264283E-09
   1683.27  0.658533  6.668860E-09
   1688.22  0.657510  7.111028E-09
   1693.17  0.656451  7.572958E-09
   1698.12  0.655388  8.067367E-09
   1703.07  0.654251  8.593786E-09
   1708.02  0.653109  9.153760E-09
   1712.97  0.651964  9.748834E-09
   1717.92  0.650815  1.038183E-08
   1722.87  0.649663  1.105399E-08
   1727.82  0.648450  1.180292E-08
   1732.77  0.647246  1.261880E-08
   1737.72  0.646003  1.347196E-08
   1742.67  0.644753  1.440286E-08
   1747.62  0.643499  1.541223E-08
   1752.57  0.642244  1.647125E-08
   1757.52  0.640871  1.765821E-08
   1762.46  0.639494  1.892851E-08
   1767.41  0.638111  2.030856E-08
   1772.36  0.636725  2.178605E-08
   1777.31  0.635293  2.337222E-08
   1782.26  0.633861  2.505157E-08
   1787.21  0.632306  2.681348E-08
   1792.16  0.630790  2.868719E-08
   1797.11  0.629224  3.072714E-08
   1802.06  0.627610  3.291007E-08
   1807.01  0.626033  3.526706E-08
   1811.96  0.624362  3.782329E-08
   1816.91  0.622590  4.076857E-08
   1821.86  0.620811  4.398909E-08
   1826.81  0.619023  4.745563E-08
   1831.76  0.617182  5.114724E-08
   1836.71  0.615336  5.502970E-08
   1841.66  0.613378  5.566606E-08
   1846.61  0.611356  6.014191E-08
   1851.56  0.609273  6.506517E-08
   1856.51  0.607179  7.037633E-08
   1861.46  0.605024  7.613760E-08
   1866.41  0.602857  8.248711E-08
   1871.36  0.600630  8.921839E-08
   1876.31  0.598175  9.655193E-08
   1881.26  0.595757  1.045600E-07
   1886.21  0.593269  1.132289E-07
   1891.16  0.590764  1.227510E-07
   1896.11  0.588245  1.330544E-07
   1901.06  0.585597  1.444209E-07
   1906.01  0.582694  1.571338E-07
   1910.96  0.579766  1.711403E-07
   1915.91  0.576816  1.863202E-07
   1920.86  0.573779  2.031250E-07
   1925.81  0.570783  2.212900E-07
   1930.76  0.567629  2.418698E-07
   1935.71  0.564046  2.661485E-07
   1940.66  0.560421  2.931974E-07
   1945.61  0.556755  3.233764E-07
   1950.56  0.552989  3.561151E-07
   1955.51  0.549245  3.930956E-07
   1960.46  0.545400  4.332316E-07
   1965.41  0.540984  4.811402E-07
   1970.36  0.536284  5.355341E-07
   1975.31  0.531598  5.951967E-07
   1980.26  0.526849  6.617983E-07
   1985.21  0.521953  7.370504E-07
   1990.16  0.516995  8.205567E-07
   1995.11  0.511542  9.177928E-07
   2000.06  0.505325  1.030847E-06
   2005.01  0.498917  1.157895E-06
   2009.96  0.492476  1.301855E-06
   2014.91  0.485927  1.463178E-06
   2019.86  0.479260  1.646692E-06
   2024.81  0.472394  1.853187E-06
   2029.76  0.463437  2.118287E-06
   2034.71  0.454171  2.426163E-06
   2039.66  0.444706  2.773080E-06
   2044.61  0.435006  3.180203E-06
   2049.56  0.425108  3.639238E-06
   2054.51  0.414972  4.178457E-06
   2059.46  0.402871  4.836787E-06
   2064.41  0.386394  5.719263E-06
   2069.36  0.369295  6.770589E-06
   2074.31  0.351928  8.021748E-06
   2079.26  0.334110  9.500335E-06
   2084.21  0.315980  1.126350E-05
   2089.16  0.297606  1.334029E-05
   2094.11  0.217503  1.925807E-05
   2099.06  0.101228  3.089409E-05
   2104.01  2.273488E-02  4.621529E-05
   2108.96  4.501739E-03  6.354684E-05
   2113.91  3.935416E-02  8.065158E-05
   2118.86  9.812711E-02  9.669420E-05
   2123.81  6.192444E-02  2.576669E-05
   2128.76  7.813738E-02  2.247265E-05
   2133.71  8.495789E-02  2.463867E-05
   2138.66  9.296704E-02  2.702382E-05
   2143.61  0.102142  2.951865E-05
   2148.56  0.112449  3.225073E-05
   2153.51  0.123812  3.512757E-05
   2158.46  0.136166  3.831284E-05
   2163.41  0.135642  4.651902E-05
   2168.36  0.132052  5.799099E-05
   2173.31  0.128569  7.208823E-05
   2178.26  0.125216  8.972926E-05
   2183.21  0.122087  1.117309E-04
   2188.16  0.119072  1.385764E-04
   2193.11  0.116275  1.717904E-04
   2198.06  7.628394E-02  2.948675E-04
   2203.01  9.215803E-02  2.220192E-04
   2207.96  0.100312  2.445884E-04
   2212.91  0.111769  2.613777E-04
   2217.86  0.126944  2.709749E-04
   2222.81  0.145987  2.721228E-04
   2227.76  0.168735  2.661270E-04
   2232.71  0.181204  2.248350E-04
   2237.66  0.184467  1.713355E-04
   2242.61  0.187831  1.287468E-04
   2247.56  0.191298  9.535520E-05
   2252.50  0.194864  6.958530E-05
   2257.45  0.198525  4.993962E-05
   2262.40  0.202281  3.528540E-05
   2267.35  0.205650  2.720090E-05
   2272.30  0.207817  2.678709E-05
   2277.25  0.209982  2.637964E-05
   2282.20  0.212197  2.600309E-05
   2287.15  0.214405  2.560045E-05
   2292.10  0.216608  2.520413E-05
   2297.05  0.218855  2.480737E-05
   2302.00  0.221145  2.441033E-05
   2306.95  0.222554  2.055088E-05
   2311.90  0.223935  1.691448E-05
   2316.85  0.225244  1.388415E-05
   2321.80  0.226640  1.135555E-05
   2326.75  0.228016  9.259374E-06
   2331.70  0.229425  7.524643E-06
   2336.65  0.230869  6.101542E-06
   2341.60  0.232080  5.128254E-06
   2346.55  0.232852  4.627982E-06
   2351.50  0.233635  4.167082E-06
   2356.45  0.234493  3.756078E-06
   2361.40  0.235251  3.384286E-06
   2366.35  0.236083  3.049172E-06
   2371.30  0.236931  2.748097E-06
   2376.25  0.237734  2.475216E-06
   2381.20  0.238337  2.321686E-06
   2386.15  0.238780  2.217632E-06
   2391.10  0.239288  2.113689E-06
   2396.05  0.239746  2.019508E-06
   2401.00  0.240268  1.925361E-06
   2405.95  0.240737  1.837716E-06
   2410.90  0.241214  1.755551E-06
   2415.85  0.241694  1.673952E-06
   2420.80  0.241969  1.670106E-06
   2425.75  0.242186  1.670170E-06
   2430.70  0.242403  1.670004E-06
   2435.65  0.242623  1.671937E-06
   2440.60  0.242842  1.671309E-06
   2445.55  0.242999  1.673389E-06
   2450.50  0.243222  1.674679E-06
   2455.45  0.243446  1.675500E-06
   2460.40  0.243418  1.685607E-06
   2465.35  0.243324  1.698774E-06
   2470.30  0.243292  1.708931E-06
   2475.25  0.243259  1.721611E-06
   2480.20  0.243156  1.734975E-06
   2485.15  0.243116  1.745212E-06
   2490.10  0.243075  1.758065E-06
   2495.05  0.242965  1.774426E-06
   2500.00  0.242642  1.801683E-06
