# SourcePhotonFlux	NumberRaysSurvived	PercentageRaysSurvived	PhotonFlux	PhotonEnergy	Bandwidth	HorizontalFocusFWHM	VerticalFocusFWHM	EnergyPerMilPerBw	FluxPerMilPerBwPerc	FluxPerMilPerBwAbs
nan	5.000000000000000000e+05	1.000000000000000000e+02	nan	5.000000000000000000e+01	4.996849113504708839e-02	1.969421814870006560e-01	9.311003217802187037e-02	1.000630809421654055e+00	1.000630809421654135e+02	nan
nan	5.000000000000000000e+05	1.000000000000000000e+02	nan	6.000000000000000000e+01	5.995824426202034374e-02	1.934224737315987930e-01	8.568999347365599539e-02	1.000696599035675316e+00	1.000696599035675547e+02	nan
nan	5.000000000000000000e+05	1.000000000000000000e+02	nan	7.000000000000000000e+01	6.998162874772902164e-02	1.918429914845091733e-01	8.218636691762859492e-02	1.000262539560273778e+00	1.000262539560273893e+02	nan
nan	5.000000000000000000e+05	1.000000000000000000e+02	nan	8.000000000000000000e+01	7.996890516586177555e-02	1.890848740128843464e-01	7.525677504037890653e-02	1.000388925749291280e+00	1.000388925749291218e+02	nan
nan	5.000000000000000000e+05	1.000000000000000000e+02	nan	9.000000000000000000e+01	8.996882831190475271e-02	1.883564023777520580e-01	7.208451891832347302e-02	1.000346517052295381e+00	1.000346517052295070e+02	nan
nan	5.000000000000000000e+05	1.000000000000000000e+02	nan	1.000000000000000000e+02	9.994089962298460805e-02	1.874147307374210980e-01	6.889171940732825850e-02	1.000591772062399798e+00	1.000591772062399798e+02	nan
nan	5.000000000000000000e+05	1.000000000000000000e+02	nan	1.100000000000000000e+02	1.099462794262962007e-01	1.854677241225575757e-01	6.579300688339861924e-02	1.000489000964390973e+00	1.000489000964391124e+02	nan
nan	5.000000000000000000e+05	1.000000000000000000e+02	nan	1.200000000000000000e+02	1.123068208684775138e-01	1.854238724045613185e-01	6.310734838195394825e-02	1.094244704100984844e+00	1.094244704100985075e+02	nan
nan	5.000000000000000000e+05	1.000000000000000000e+02	nan	1.300000000000000000e+02	1.299708165638150947e-01	1.876754640762377802e-01	6.099609061594942622e-02	1.000224543814667300e+00	1.000224543814667300e+02	nan
nan	5.000000000000000000e+05	1.000000000000000000e+02	nan	1.400000000000000000e+02	1.399687805947564812e-01	1.850997683131510030e-01	6.001830092238125136e-02	1.000223050726283702e+00	1.000223050726283702e+02	nan
nan	5.000000000000000000e+05	1.000000000000000000e+02	nan	1.500000000000000000e+02	1.499677729482300492e-01	1.826677677863221272e-01	5.796315685917176330e-02	1.000214907948011822e+00	1.000214907948011813e+02	nan
nan	5.000000000000000000e+05	1.000000000000000000e+02	nan	1.600000000000000000e+02	1.599416116063764604e-01	1.831142194950097779e-01	5.745628463294907146e-02	1.000365137506361357e+00	1.000365137506361322e+02	nan
nan	5.000000000000000000e+05	1.000000000000000000e+02	nan	1.700000000000000000e+02	1.699627790477108991e-01	1.827305778049858609e-01	5.595023263040879019e-02	1.000219014958522168e+00	1.000219014958522195e+02	nan
nan	5.000000000000000000e+05	1.000000000000000000e+02	nan	1.800000000000000000e+02	1.798652619764084248e-01	1.824534249435556255e-01	5.398699527806331139e-02	1.000749501014877696e+00	1.000749501014877723e+02	nan
nan	5.000000000000000000e+05	1.000000000000000000e+02	nan	1.900000000000000000e+02	1.898439884186643722e-01	1.811314286034769461e-01	5.255459513177925673e-02	1.000822710923416459e+00	1.000822710923416281e+02	nan
nan	5.000000000000000000e+05	1.000000000000000000e+02	nan	2.000000000000000000e+02	1.999378166049893824e-01	1.836154818487996110e-01	5.151342810621938051e-02	1.000311173552393296e+00	1.000311173552393456e+02	nan
nan	5.000000000000000000e+05	1.000000000000000000e+02	nan	2.100000000000000000e+02	2.099390576994949187e-01	1.819935761195558277e-01	5.065884592142612386e-02	1.000290310631996693e+00	1.000290310631996533e+02	nan
nan	5.000000000000000000e+05	1.000000000000000000e+02	nan	2.200000000000000000e+02	2.058550078758075996e-01	1.812605026274607400e-01	5.027015852175599486e-02	1.094571587631537168e+00	1.094571587631537284e+02	nan
nan	5.000000000000000000e+05	1.000000000000000000e+02	nan	2.300000000000000000e+02	2.299407146072212638e-01	1.816891248552470473e-01	4.919591567124341480e-02	1.000257851113742547e+00	1.000257851113742333e+02	nan
nan	5.000000000000000000e+05	1.000000000000000000e+02	nan	2.400000000000000000e+02	2.399348219960416029e-01	1.805398673323814762e-01	4.963256024149250573e-02	1.000271702373541904e+00	1.000271702373542269e+02	nan
nan	5.000000000000000000e+05	1.000000000000000000e+02	nan	2.500000000000000000e+02	2.338190989768914041e-01	1.820590378693717759e-01	4.788790425044699844e-02	1.095024082411098165e+00	1.095024082411098050e+02	nan
nan	5.000000000000000000e+05	1.000000000000000000e+02	nan	2.600000000000000000e+02	2.598058903898049499e-01	1.810772232543247373e-01	4.696328887479043340e-02	1.000747704845609487e+00	1.000747704845609292e+02	nan
nan	5.000000000000000000e+05	1.000000000000000000e+02	nan	2.700000000000000000e+02	2.698281363757132345e-01	1.809392915701070470e-01	4.648380693274450220e-02	1.000637175727411954e+00	1.000637175727412114e+02	nan
nan	5.000000000000000000e+05	1.000000000000000000e+02	nan	2.800000000000000000e+02	2.619564378264414017e-01	1.814070503742676865e-01	4.549941814124082440e-02	1.094779987505291929e+00	1.094779987505291672e+02	nan
nan	5.000000000000000000e+05	1.000000000000000000e+02	nan	2.900000000000000000e+02	2.899484311773562473e-01	1.805666013375309409e-01	4.523102444629650831e-02	1.000177859052464369e+00	1.000177859052464555e+02	nan
nan	5.000000000000000000e+05	1.000000000000000000e+02	nan	3.000000000000000000e+02	2.806881489201825119e-01	1.801888778512389933e-01	4.484327887132964763e-02	1.094390341404334999e+00	1.094390341404335061e+02	nan
nan	5.000000000000000000e+05	1.000000000000000000e+02	nan	3.100000000000000000e+02	2.897830270180973278e-01	1.803162844057922265e-01	4.427081084175531200e-02	1.095448325603367135e+00	1.095448325603367010e+02	nan
nan	5.000000000000000000e+05	1.000000000000000000e+02	nan	3.200000000000000000e+02	3.199476521482210734e-01	1.810864116937073720e-01	4.364034013581791216e-02	1.000163622597543656e+00	1.000163622597543736e+02	nan
nan	5.000000000000000000e+05	1.000000000000000000e+02	nan	3.300000000000000000e+02	3.299435063888154218e-01	1.808837768816083380e-01	4.342290596679432985e-02	1.000171228103372112e+00	1.000171228103372130e+02	nan
nan	5.000000000000000000e+05	1.000000000000000000e+02	nan	3.400000000000000000e+02	3.397216212339913000e-01	1.816811488013038711e-01	4.275860453466540090e-02	1.000819961492383170e+00	1.000819961492382930e+02	nan
nan	5.000000000000000000e+05	1.000000000000000000e+02	nan	3.500000000000000000e+02	3.499305853462715277e-01	1.807200082512470107e-01	4.340357702218042985e-02	1.000198397522431559e+00	1.000198397522431435e+02	nan
nan	5.000000000000000000e+05	1.000000000000000000e+02	nan	3.600000000000000000e+02	3.367937203670702262e-01	1.797571503301365614e-01	4.220427431464997964e-02	1.094649054141815681e+00	1.094649054141815725e+02	nan
nan	5.000000000000000000e+05	1.000000000000000000e+02	nan	3.700000000000000000e+02	3.699514793942171309e-01	1.811662407833134203e-01	4.178119507682138967e-02	1.000131159764316990e+00	1.000131159764316919e+02	nan
nan	5.000000000000000000e+05	1.000000000000000000e+02	nan	3.800000000000000000e+02	3.797990226106094380e-01	1.812259913399156264e-01	4.175382872568186854e-02	1.000529597810997817e+00	1.000529597810997871e+02	nan
nan	5.000000000000000000e+05	1.000000000000000000e+02	nan	3.900000000000000000e+02	3.898185472287991615e-01	1.804145908310730295e-01	4.118286062663368413e-02	1.000465695199031835e+00	1.000465695199031870e+02	nan
nan	5.000000000000000000e+05	1.000000000000000000e+02	nan	4.000000000000000000e+02	3.486886489809506995e-01	1.791835778345928498e-01	4.056789899070136624e-02	1.188513142278986301e+00	1.188513142278986408e+02	nan
nan	5.000000000000000000e+05	1.000000000000000000e+02	nan	4.100000000000000000e+02	4.096740605165677951e-01	1.786715609523943094e-01	4.085063689696523392e-02	1.000795895963740190e+00	1.000795895963740207e+02	nan
nan	5.000000000000000000e+05	1.000000000000000000e+02	nan	4.200000000000000000e+02	4.196826343798306658e-01	1.793751504380026451e-01	4.022635228386200329e-02	1.000756813946839241e+00	1.000756813946839259e+02	nan
nan	5.000000000000000000e+05	1.000000000000000000e+02	nan	4.300000000000000000e+02	4.023490761236351299e-01	1.803510195926298354e-01	3.997573241115729564e-02	1.094463199214516624e+00	1.094463199214516607e+02	nan
nan	5.000000000000000000e+05	1.000000000000000000e+02	nan	4.400000000000000000e+02	4.397589835727672147e-01	1.791443476059411954e-01	3.931187646721779477e-02	1.000548258589930573e+00	1.000548258589930413e+02	nan
nan	5.000000000000000000e+05	1.000000000000000000e+02	nan	4.500000000000000000e+02	4.497534450201555734e-01	1.799048606403916839e-01	3.933397628599083484e-02	1.000548603020584348e+00	1.000548603020584579e+02	nan
nan	5.000000000000000000e+05	1.000000000000000000e+02	nan	4.600000000000000000e+02	4.010433011795103697e-01	1.796871295545788283e-01	3.917570377229051548e-02	1.188263825646905136e+00	1.188263825646905190e+02	nan
nan	5.000000000000000000e+05	1.000000000000000000e+02	nan	4.700000000000000000e+02	4.698553764945699873e-01	1.795093171040964553e-01	3.919716634480509970e-02	1.000307909833148212e+00	1.000307909833148301e+02	nan
nan	5.000000000000000000e+05	1.000000000000000000e+02	nan	4.800000000000000000e+02	4.797282555221386025e-01	1.785553708823990893e-01	3.863474525415776933e-02	1.000567032723274297e+00	1.000567032723274394e+02	nan
nan	5.000000000000000000e+05	1.000000000000000000e+02	nan	4.900000000000000000e+02	4.898873250924452583e-01	1.802094578114021295e-01	3.865774814524128994e-02	1.000230005277763290e+00	1.000230005277763183e+02	nan
nan	5.000000000000000000e+05	1.000000000000000000e+02	nan	5.000000000000000000e+02	4.998375502988096630e-01	1.794838453897812658e-01	3.844283965264629760e-02	1.000325027695961655e+00	1.000325027695961637e+02	nan
nan	5.000000000000000000e+05	1.000000000000000000e+02	nan	5.100000000000000000e+02	5.097921780168916950e-01	1.785451306563550222e-01	3.791158130847235852e-02	1.000407822365427801e+00	1.000407822365428103e+02	nan
nan	5.000000000000000000e+05	1.000000000000000000e+02	nan	5.200000000000000000e+02	5.198837027320678539e-01	1.782234765829087131e-01	3.779939434034977619e-02	1.000223709332854316e+00	1.000223709332854298e+02	nan
nan	5.000000000000000000e+05	1.000000000000000000e+02	nan	5.300000000000000000e+02	5.298769237388569753e-01	1.787939654295798986e-01	3.749983555143406033e-02	1.000232289404689112e+00	1.000232289404688970e+02	nan
nan	5.000000000000000000e+05	1.000000000000000000e+02	nan	5.400000000000000000e+02	5.052575134956274194e-01	1.786591539262864237e-01	3.755421813875897685e-02	1.094566850839660210e+00	1.094566850839660503e+02	nan
nan	5.000000000000000000e+05	1.000000000000000000e+02	nan	5.500000000000000000e+02	5.495795360054671619e-01	1.797348771366683584e-01	3.833512105417832827e-02	1.000765797738252472e+00	1.000765797738252587e+02	nan
nan	5.000000000000000000e+05	1.000000000000000000e+02	nan	5.600000000000000000e+02	5.597687842918958046e-01	1.821355341908325320e-01	3.805522511015300285e-02	1.000413167464599073e+00	1.000413167464598985e+02	nan
nan	5.000000000000000000e+05	1.000000000000000000e+02	nan	5.700000000000000000e+02	5.698234935614664431e-01	1.783443859468535342e-01	3.693578693565408022e-02	1.000309817544017488e+00	1.000309817544017363e+02	nan
nan	5.000000000000000000e+05	1.000000000000000000e+02	nan	5.800000000000000000e+02	5.797957057427083338e-01	1.794447703841666186e-01	3.649294859651042167e-02	1.000352393984849320e+00	1.000352393984849613e+02	nan
nan	5.000000000000000000e+05	1.000000000000000000e+02	nan	5.900000000000000000e+02	5.519716996965919886e-01	1.784867468009454505e-01	3.647867304492811297e-02	1.094804326172867714e+00	1.094804326172867803e+02	nan
nan	5.000000000000000000e+05	1.000000000000000000e+02	nan	6.000000000000000000e+02	5.997564906623438219e-01	1.793612978044588080e-01	3.636209225994729149e-02	1.000406082414004638e+00	1.000406082414004629e+02	nan
nan	5.000000000000000000e+05	1.000000000000000000e+02	nan	6.100000000000000000e+02	6.091356475185193409e-01	1.794802915140877586e-01	3.631008354551348849e-02	1.001420018302413339e+00	1.001420018302413411e+02	nan
nan	5.000000000000000000e+05	1.000000000000000000e+02	nan	6.200000000000000000e+02	6.196950986171941844e-01	1.831681410513769370e-01	3.608132935401560382e-02	1.000492321890472658e+00	1.000492321890472738e+02	nan
nan	5.000000000000000000e+05	1.000000000000000000e+02	nan	6.300000000000000000e+02	5.894886944797386175e-01	1.786274608078103898e-01	3.601569466889058962e-02	1.094448620084859325e+00	1.094448620084859414e+02	nan
nan	5.000000000000000000e+05	1.000000000000000000e+02	nan	6.400000000000000000e+02	6.395115680481012754e-01	1.793101575192386499e-01	3.576840293298584605e-02	1.000763996247935328e+00	1.000763996247935381e+02	nan
nan	5.000000000000000000e+05	1.000000000000000000e+02	nan	6.500000000000000000e+02	6.497504389036066197e-01	1.784574766963179793e-01	3.557304099743123504e-02	1.000384234491642044e+00	1.000384234491642133e+02	nan
nan	5.000000000000000000e+05	1.000000000000000000e+02	nan	6.600000000000000000e+02	6.593962820114256385e-01	1.797287444574560689e-01	3.541592977272271792e-02	1.000916162373921114e+00	1.000916162373921168e+02	nan
nan	5.000000000000000000e+05	1.000000000000000000e+02	nan	6.700000000000000000e+02	6.697676790858168028e-01	1.769593508830584194e-01	3.532942075474773680e-02	1.000346917483962539e+00	1.000346917483962415e+02	nan
nan	5.000000000000000000e+05	1.000000000000000000e+02	nan	6.800000000000000000e+02	6.794845980304217159e-01	1.797466961001490393e-01	3.517023302415157870e-02	1.000759196428754993e+00	1.000759196428755047e+02	nan
nan	5.000000000000000000e+05	1.000000000000000000e+02	nan	6.900000000000000000e+02	6.896832711173601638e-01	1.795966505694192028e-01	3.528121382014172414e-02	1.000459321748904618e+00	1.000459321748904529e+02	nan
nan	5.000000000000000000e+05	1.000000000000000000e+02	nan	7.000000000000000000e+02	6.997762474407636102e-01	1.779997457488541879e-01	3.529657250060362628e-02	1.000319818349499901e+00	1.000319818349499883e+02	nan
nan	5.000000000000000000e+05	1.000000000000000000e+02	nan	7.100000000000000000e+02	7.098337583576267429e-01	1.797717421223687384e-01	3.502400011157714987e-02	1.000234206202112786e+00	1.000234206202112972e+02	nan
nan	5.000000000000000000e+05	1.000000000000000000e+02	nan	7.200000000000000000e+02	7.198918198880391861e-01	1.793167044425517387e-01	3.495392441190561111e-02	1.000150285292577435e+00	1.000150285292577337e+02	nan
nan	5.000000000000000000e+05	1.000000000000000000e+02	nan	7.300000000000000000e+02	7.292740731780668062e-01	1.788047729372767847e-01	3.470689862264512981e-02	1.000997048849673998e+00	1.000997048849673945e+02	nan
nan	5.000000000000000000e+05	1.000000000000000000e+02	nan	7.400000000000000000e+02	7.392848740632643745e-01	1.795759439640855770e-01	3.431979865959935982e-02	1.000967911730096249e+00	1.000967911730096205e+02	nan
nan	5.000000000000000000e+05	1.000000000000000000e+02	nan	7.500000000000000000e+02	7.493532128405832049e-01	1.780423287497656104e-01	3.484611850295160629e-02	1.000863893598594512e+00	1.000863893598594387e+02	nan
nan	5.000000000000000000e+05	1.000000000000000000e+02	nan	7.600000000000000000e+02	7.596178422126286245e-01	1.794137026055733219e-01	3.541790007524493744e-02	1.000503580655328628e+00	1.000503580655328477e+02	nan
nan	5.000000000000000000e+05	1.000000000000000000e+02	nan	7.700000000000000000e+02	7.697716051074848798e-01	1.782627733556432781e-01	3.454870962260730982e-02	1.000296731897909464e+00	1.000296731897909268e+02	nan
nan	5.000000000000000000e+05	1.000000000000000000e+02	nan	7.800000000000000000e+02	7.797364280957026494e-01	1.783533244154626995e-01	3.388133683668693996e-02	1.000338140944862619e+00	1.000338140944862317e+02	nan
nan	5.000000000000000000e+05	1.000000000000000000e+02	nan	7.900000000000000000e+02	7.897332621523901475e-01	1.829576703651311365e-01	3.424667229452320327e-02	1.000337874372196678e+00	1.000337874372196723e+02	nan
nan	5.000000000000000000e+05	1.000000000000000000e+02	nan	8.000000000000000000e+02	7.999009281961889650e-01	1.800271106683518363e-01	3.409345514241347852e-02	1.000123858144281286e+00	1.000123858144281428e+02	nan
nan	5.000000000000000000e+05	1.000000000000000000e+02	nan	8.100000000000000000e+02	8.094948753028574640e-01	1.789177959807773388e-01	3.394542217894246094e-02	1.000624790592086200e+00	1.000624790592086129e+02	nan
nan	5.000000000000000000e+05	1.000000000000000000e+02	nan	8.200000000000000000e+02	8.198046455789380627e-01	1.793053517966048671e-01	3.374821790977021452e-02	1.000238314220810443e+00	1.000238314220810736e+02	nan
nan	5.000000000000000000e+05	1.000000000000000000e+02	nan	8.300000000000000000e+02	8.295214837141656750e-01	1.778666403779503580e-01	3.363177703066798363e-02	1.000577217904489391e+00	1.000577217904489373e+02	nan
nan	5.000000000000000000e+05	1.000000000000000000e+02	nan	8.400000000000000000e+02	8.394932589834069869e-01	1.780304569420994854e-01	3.371230862628747660e-02	1.000604169383300768e+00	1.000604169383300643e+02	nan
nan	5.000000000000000000e+05	1.000000000000000000e+02	nan	8.500000000000000000e+02	8.492675044888983171e-01	1.789995041604012516e-01	3.361007305329253431e-02	1.000862909734325790e+00	1.000862909734325683e+02	nan
nan	5.000000000000000000e+05	1.000000000000000000e+02	nan	8.600000000000000000e+02	8.593450505261444050e-01	1.788056483405856545e-01	3.354459037275032973e-02	1.000762714152874988e+00	1.000762714152875219e+02	nan
nan	5.000000000000000000e+05	1.000000000000000000e+02	nan	8.700000000000000000e+02	8.696953036434024176e-01	1.791205544783661952e-01	3.404192227163731210e-02	1.000350415252297065e+00	1.000350415252296870e+02	nan
nan	5.000000000000000000e+05	1.000000000000000000e+02	nan	8.800000000000000000e+02	8.792361036683814524e-01	1.780788927790840082e-01	3.341430394055656949e-02	1.000869430948541972e+00	1.000869430948541918e+02	nan
nan	5.000000000000000000e+05	1.000000000000000000e+02	nan	8.900000000000000000e+02	8.887904755555382508e-01	1.786014416936743399e-01	3.330765354757352081e-02	1.001361573847776132e+00	1.001361573847776327e+02	nan
nan	5.000000000000000000e+05	1.000000000000000000e+02	nan	9.000000000000000000e+02	8.993276990306412477e-01	1.784111933720048671e-01	3.347475039204976521e-02	1.000748261252294657e+00	1.000748261252294498e+02	nan
nan	5.000000000000000000e+05	1.000000000000000000e+02	nan	9.100000000000000000e+02	9.091455106971124689e-01	1.771670089880894028e-01	3.296365288213126687e-02	1.000940229809947013e+00	1.000940229809947084e+02	nan
nan	5.000000000000000000e+05	1.000000000000000000e+02	nan	9.200000000000000000e+02	9.197763037015647125e-01	1.792460083766551915e-01	3.299431704247690611e-02	1.000243222440086344e+00	1.000243222440086441e+02	nan
nan	5.000000000000000000e+05	1.000000000000000000e+02	nan	9.300000000000000000e+02	9.297127661679951416e-01	1.789192433849979003e-01	3.298472152822236325e-02	1.000308971667094093e+00	1.000308971667093942e+02	nan
nan	5.000000000000000000e+05	1.000000000000000000e+02	nan	9.400000000000000000e+02	9.396765388341009606e-01	1.775558263045082796e-01	3.299971734528360512e-02	1.000344288907905943e+00	1.000344288907906076e+02	nan
nan	5.000000000000000000e+05	1.000000000000000000e+02	nan	9.500000000000000000e+02	9.496880286529630899e-01	1.786180391075247731e-01	3.288078027111520502e-02	1.000328555805264141e+00	1.000328555805264301e+02	nan
nan	5.000000000000000000e+05	1.000000000000000000e+02	nan	9.600000000000000000e+02	9.598972973388526508e-01	1.785265765886215328e-01	3.269656700648321257e-02	1.000106994135769201e+00	1.000106994135769014e+02	nan
nan	5.000000000000000000e+05	1.000000000000000000e+02	nan	9.700000000000000000e+02	9.685877206741452250e-01	1.771061342643325265e-01	3.309565928122089329e-02	1.001459420996529959e+00	1.001459420996529843e+02	nan
nan	5.000000000000000000e+05	1.000000000000000000e+02	nan	9.800000000000000000e+02	9.795622275428286230e-01	1.756552808473964278e-01	3.250239398820152503e-02	1.000446982648379279e+00	1.000446982648379333e+02	nan
nan	5.000000000000000000e+05	1.000000000000000000e+02	nan	9.900000000000000000e+02	9.898761367780253284e-01	1.772636203996584003e-01	3.274702623895391074e-02	1.000125134644580971e+00	1.000125134644581095e+02	nan
nan	5.000000000000000000e+05	1.000000000000000000e+02	nan	1.000000000000000000e+03	9.995655856102303449e-01	1.781312236428077844e-01	3.265079159128409653e-02	1.000434701277404193e+00	1.000434701277404344e+02	nan
nan	5.000000000000000000e+05	1.000000000000000000e+02	nan	1.010000000000000000e+03	1.009226194415987266e+00	1.777240487279271586e-01	3.249872882543304586e-02	1.000767119475798550e+00	1.000767119475798523e+02	nan
nan	5.000000000000000000e+05	1.000000000000000000e+02	nan	1.020000000000000000e+03	1.019531590330348125e+00	1.775940709389185468e-01	3.234949325809953480e-02	1.000459646559398674e+00	1.000459646559398550e+02	nan
nan	5.000000000000000000e+05	1.000000000000000000e+02	nan	1.030000000000000000e+03	1.029394690749904751e+00	1.769698382324951802e-01	3.245355567530093521e-02	1.000589067850147673e+00	1.000589067850147416e+02	nan
nan	5.000000000000000000e+05	1.000000000000000000e+02	nan	1.040000000000000000e+03	1.039678608712620189e+00	1.788171602636354496e-01	3.201470089376031586e-02	1.000309151687435172e+00	1.000309151687435190e+02	nan
nan	5.000000000000000000e+05	1.000000000000000000e+02	nan	1.050000000000000000e+03	1.049065102991562526e+00	1.783004692147225900e-01	3.239757652473957555e-02	1.000892806532083679e+00	1.000892806532083767e+02	nan
nan	5.000000000000000000e+05	1.000000000000000000e+02	nan	1.060000000000000000e+03	1.059707603381366381e+00	1.773767234307113694e-01	3.233803429485687664e-02	1.000276054704370754e+00	1.000276054704370665e+02	nan
nan	5.000000000000000000e+05	1.000000000000000000e+02	nan	1.070000000000000000e+03	1.069306247690064993e+00	1.762332758237140085e-01	3.217581882504581825e-02	1.000649023483273670e+00	1.000649023483273652e+02	nan
nan	5.000000000000000000e+05	1.000000000000000000e+02	nan	1.080000000000000000e+03	1.079636800004118324e+00	1.786962418071639247e-01	3.224079508832475988e-02	1.000336532240068577e+00	1.000336532240068550e+02	nan
nan	5.000000000000000000e+05	1.000000000000000000e+02	nan	1.090000000000000000e+03	1.089638452098461219e+00	1.818006000288107105e-01	3.215598630874434011e-02	1.000331886791646641e+00	1.000331886791646809e+02	nan
nan	5.000000000000000000e+05	1.000000000000000000e+02	nan	1.100000000000000000e+03	1.099481196351962398e+00	1.775209935823270635e-01	3.204147645402264516e-02	1.000472044472058286e+00	1.000472044472058286e+02	nan
nan	5.000000000000000000e+05	1.000000000000000000e+02	nan	1.110000000000000000e+03	1.108725676970789165e+00	1.769955363160969075e-01	3.203339650931349980e-02	1.001151698968774983e+00	1.001151698968774753e+02	nan
nan	5.000000000000000000e+05	1.000000000000000000e+02	nan	1.120000000000000000e+03	1.118869205877717876e+00	1.768350247971684497e-01	3.211239212316331637e-02	1.001011911900822948e+00	1.001011911900822895e+02	nan
nan	5.000000000000000000e+05	1.000000000000000000e+02	nan	1.130000000000000000e+03	1.129531243213341529e+00	1.776334864018413451e-01	3.201033407915750834e-02	1.000415328165807249e+00	1.000415328165807125e+02	nan
nan	5.000000000000000000e+05	1.000000000000000000e+02	nan	1.140000000000000000e+03	1.136700994473721860e+00	1.764794845422641978e-01	3.176234953698741509e-02	1.002922481726764570e+00	1.002922481726764374e+02	nan
nan	5.000000000000000000e+05	1.000000000000000000e+02	nan	1.150000000000000000e+03	1.149109592857166628e+00	1.776385959400992587e-01	3.231426122833284259e-02	1.000775373869081442e+00	1.000775373869081335e+02	nan
nan	5.000000000000000000e+05	1.000000000000000000e+02	nan	1.160000000000000000e+03	1.085301096330432369e+00	1.796361284041254058e-01	3.179447392578306497e-02	1.094605441402325408e+00	1.094605441402325567e+02	nan
nan	5.000000000000000000e+05	1.000000000000000000e+02	nan	1.170000000000000000e+03	1.169425122770781034e+00	1.828106401524439983e-01	3.158221294385948202e-02	1.000491718338090585e+00	1.000491718338090550e+02	nan
nan	5.000000000000000000e+05	1.000000000000000000e+02	nan	1.180000000000000000e+03	1.179488299219247027e+00	1.822077633423042631e-01	3.168835019111702206e-02	1.000434085280668794e+00	1.000434085280668910e+02	nan
nan	5.000000000000000000e+05	1.000000000000000000e+02	nan	1.190000000000000000e+03	1.189093161529672260e+00	1.779290439287321834e-01	3.161366345602980438e-02	1.000762949932688217e+00	1.000762949932688173e+02	nan
nan	5.000000000000000000e+05	1.000000000000000000e+02	nan	1.200000000000000000e+03	1.199257156125031587e+00	1.775582030342125750e-01	3.156810068572376421e-02	1.000619993309644906e+00	1.000619993309644826e+02	nan
nan	5.000000000000000000e+05	1.000000000000000000e+02	nan	1.210000000000000000e+03	1.209817521285276642e+00	1.788304307254569014e-01	3.137023358716757582e-02	1.000150840077340675e+00	1.000150840077340746e+02	nan
nan	5.000000000000000000e+05	1.000000000000000000e+02	nan	1.220000000000000000e+03	1.219572538403463025e+00	1.775470664333403670e-01	3.149817394881522514e-02	1.000350647836817597e+00	1.000350647836817615e+02	nan
nan	5.000000000000000000e+05	1.000000000000000000e+02	nan	1.230000000000000000e+03	1.229696839226562588e+00	1.830708971247347883e-01	3.133157577018047535e-02	1.000246556014886101e+00	1.000246556014886039e+02	nan
nan	5.000000000000000000e+05	1.000000000000000000e+02	nan	1.240000000000000000e+03	1.239503834488641543e+00	1.773450237209557578e-01	3.102449476227470831e-02	1.000400492565692190e+00	1.000400492565692332e+02	nan
nan	5.000000000000000000e+05	1.000000000000000000e+02	nan	1.250000000000000000e+03	1.249736021630724281e+00	1.778874073445154413e-01	3.123391078333568466e-02	1.000211244237382724e+00	1.000211244237382573e+02	nan
nan	5.000000000000000000e+05	1.000000000000000000e+02	nan	1.260000000000000000e+03	1.259683347926920716e+00	1.778665065133682444e-01	3.131753470447652676e-02	1.000251385859470377e+00	1.000251385859470190e+02	nan
nan	5.000000000000000000e+05	1.000000000000000000e+02	nan	1.270000000000000000e+03	1.269593257963924859e+00	1.775297867017241737e-01	3.088481054923838259e-02	1.000320446157188847e+00	1.000320446157188599e+02	nan
nan	5.000000000000000000e+05	1.000000000000000000e+02	nan	1.280000000000000000e+03	1.197657470461366502e+00	1.779389521076049641e-01	3.111501918684548423e-02	1.094597447401508550e+00	1.094597447401508390e+02	nan
nan	5.000000000000000000e+05	1.000000000000000000e+02	nan	1.290000000000000000e+03	1.289373891810328132e+00	1.772459307673988071e-01	3.127186546091841046e-02	1.000485909226679127e+00	1.000485909226678984e+02	nan
nan	5.000000000000000000e+05	1.000000000000000000e+02	nan	1.300000000000000000e+03	1.299549233361858569e+00	1.779330927503277315e-01	3.088622234920762599e-02	1.000346923491473028e+00	1.000346923491472921e+02	nan
nan	5.000000000000000000e+05	1.000000000000000000e+02	nan	1.310000000000000000e+03	1.309648554143905130e+00	1.778092668014781275e-01	3.103306768517088976e-02	1.000268464933961043e+00	1.000268464933960928e+02	nan
nan	5.000000000000000000e+05	1.000000000000000000e+02	nan	1.320000000000000000e+03	1.318374741910429249e+00	1.774952095827700416e-01	3.114892703045995040e-02	1.001236027112557769e+00	1.001236027112557849e+02	nan
nan	5.000000000000000000e+05	1.000000000000000000e+02	nan	1.330000000000000000e+03	1.329298014450023491e+00	1.821696308006333642e-01	3.080604995594430837e-02	1.000528282494221655e+00	1.000528282494221628e+02	nan
nan	5.000000000000000000e+05	1.000000000000000000e+02	nan	1.340000000000000000e+03	1.339022656875977102e+00	1.769462349242771348e-01	3.095635728231307948e-02	1.000730392226132359e+00	1.000730392226132324e+02	nan
nan	5.000000000000000000e+05	1.000000000000000000e+02	nan	1.350000000000000000e+03	1.349394063757517914e+00	1.791816314865069537e-01	3.095891256551478940e-02	1.000449127430311336e+00	1.000449127430311336e+02	nan
nan	5.000000000000000000e+05	1.000000000000000000e+02	nan	1.360000000000000000e+03	1.358544563207306100e+00	1.773464038849217883e-01	3.099915099619299230e-02	1.001072641453535583e+00	1.001072641453535539e+02	nan
nan	5.000000000000000000e+05	1.000000000000000000e+02	nan	1.370000000000000000e+03	1.369725929017022281e+00	1.785551070812790853e-01	3.093531411104669809e-02	1.000200102114942258e+00	1.000200102114941956e+02	nan
nan	5.000000000000000000e+05	1.000000000000000000e+02	nan	1.380000000000000000e+03	1.290978731057998985e+00	1.774448312379944270e-01	3.070729185008302942e-02	1.094708950719156082e+00	1.094708950719156064e+02	nan
nan	5.000000000000000000e+05	1.000000000000000000e+02	nan	1.390000000000000000e+03	1.389123076173882421e+00	1.777726153749263072e-01	3.090290038509498766e-02	1.000631508198153607e+00	1.000631508198153625e+02	nan
nan	5.000000000000000000e+05	1.000000000000000000e+02	nan	1.400000000000000000e+03	1.399346462730818530e+00	1.763651907642755090e-01	3.060015863585817050e-02	1.000467172549118766e+00	1.000467172549118544e+02	nan
nan	5.000000000000000000e+05	1.000000000000000000e+02	nan	1.410000000000000000e+03	1.409641989361261949e+00	1.784820656719044163e-01	3.044869190391743391e-02	1.000253995226898507e+00	1.000253995226898382e+02	nan
nan	5.000000000000000000e+05	1.000000000000000000e+02	nan	1.420000000000000000e+03	1.418957919047488803e+00	1.778268918133326937e-01	3.045203867470974712e-02	1.000735825496110065e+00	1.000735825496109896e+02	nan
nan	5.000000000000000000e+05	1.000000000000000000e+02	nan	1.430000000000000000e+03	1.429137259688968653e+00	1.761775853537611292e-01	3.068242654215930232e-02	1.000603949972284967e+00	1.000603949972284852e+02	nan
nan	5.000000000000000000e+05	1.000000000000000000e+02	nan	1.440000000000000000e+03	1.439051910745411167e+00	1.771794682726502423e-01	3.037429781620552133e-02	1.000659112725983180e+00	1.000659112725982993e+02	nan
nan	5.000000000000000000e+05	1.000000000000000000e+02	nan	1.450000000000000000e+03	1.449629125073215619e+00	1.765466621402785874e-01	3.072493244810919899e-02	1.000255857044804575e+00	1.000255857044804628e+02	nan
nan	5.000000000000000000e+05	1.000000000000000000e+02	nan	1.460000000000000000e+03	1.459438372377280801e+00	1.773698156595192865e-01	3.063197049228382277e-02	1.000384840577681400e+00	1.000384840577681587e+02	nan
nan	5.000000000000000000e+05	1.000000000000000000e+02	nan	1.470000000000000000e+03	1.468803711542432167e+00	1.786773374992491614e-01	3.045978390959128146e-02	1.000814772429513333e+00	1.000814772429513368e+02	nan
nan	5.000000000000000000e+05	1.000000000000000000e+02	nan	1.480000000000000000e+03	1.478907350067584003e+00	1.761597404855868299e-01	3.043868507462154510e-02	1.000739453555685943e+00	1.000739453555685827e+02	nan
nan	5.000000000000000000e+05	1.000000000000000000e+02	nan	1.490000000000000000e+03	1.488189509211406358e+00	1.755953723022962154e-01	3.027871277899631813e-02	1.001217377055642066e+00	1.001217377055642430e+02	nan
nan	5.000000000000000000e+05	1.000000000000000000e+02	nan	1.500000000000000000e+03	1.499300656439618296e+00	1.774590834004449447e-01	3.096352886579096728e-02	1.000466511121434365e+00	1.000466511121434507e+02	nan
nan	5.000000000000000000e+05	1.000000000000000000e+02	nan	1.510000000000000000e+03	1.509413517975963348e+00	1.810392832531752261e-01	3.025893097056515241e-02	1.000388737812300644e+00	1.000388737812300519e+02	nan
nan	5.000000000000000000e+05	1.000000000000000000e+02	nan	1.520000000000000000e+03	1.518984346120487272e+00	1.819086622264776965e-01	3.043563591924889483e-02	1.000669105224095246e+00	1.000669105224095290e+02	nan
nan	5.000000000000000000e+05	1.000000000000000000e+02	nan	1.530000000000000000e+03	1.529317702723073991e+00	1.784607433055314385e-01	3.046362105079279334e-02	1.000446388209609960e+00	1.000446388209609694e+02	nan
nan	5.000000000000000000e+05	1.000000000000000000e+02	nan	1.540000000000000000e+03	1.440981959052292094e+00	1.763938884537672447e-01	3.064695859254075103e-02	1.094481855958100214e+00	1.094481855958100169e+02	nan
nan	5.000000000000000000e+05	1.000000000000000000e+02	nan	1.550000000000000000e+03	1.549387108836299376e+00	1.774941945121299158e-01	3.024136915896154937e-02	1.000395667566425395e+00	1.000395667566425288e+02	nan
nan	5.000000000000000000e+05	1.000000000000000000e+02	nan	1.560000000000000000e+03	1.559530170161406160e+00	1.771249273802145419e-01	3.021842274838311068e-02	1.000301398309360046e+00	1.000301398309360081e+02	nan
nan	5.000000000000000000e+05	1.000000000000000000e+02	nan	1.570000000000000000e+03	1.569379406075267935e+00	1.780899423793196323e-01	3.038086111462850319e-02	1.000395630850299034e+00	1.000395630850299113e+02	nan
nan	5.000000000000000000e+05	1.000000000000000000e+02	nan	1.580000000000000000e+03	1.579114665453062116e+00	1.769243287401208453e-01	3.021144617744458277e-02	1.000560730052791669e+00	1.000560730052791598e+02	nan
nan	5.000000000000000000e+05	1.000000000000000000e+02	nan	1.590000000000000000e+03	1.588541623099536171e+00	1.788016097128582726e-01	2.993421599285501361e-02	1.000918179491728122e+00	1.000918179491727926e+02	nan
nan	5.000000000000000000e+05	1.000000000000000000e+02	nan	1.600000000000000000e+03	1.599007512780599383e+00	1.768282233513083224e-01	3.015546495887926753e-02	1.000621321540841269e+00	1.000621321540841109e+02	nan
nan	5.000000000000000000e+05	1.000000000000000000e+02	nan	1.610000000000000000e+03	1.608994659575137209e+00	1.747959443499381982e-01	3.011323946859064543e-02	1.000625233483078524e+00	1.000625233483078489e+02	nan
nan	5.000000000000000000e+05	1.000000000000000000e+02	nan	1.620000000000000000e+03	1.515066963017711155e+00	1.778813627994275115e-01	2.988227192076605560e-02	1.094921047836647787e+00	1.094921047836647574e+02	nan
nan	5.000000000000000000e+05	1.000000000000000000e+02	nan	1.630000000000000000e+03	1.628924549656449061e+00	1.772719497183719017e-01	2.979239515401386346e-02	1.000660802765957813e+00	1.000660802765957840e+02	nan
nan	5.000000000000000000e+05	1.000000000000000000e+02	nan	1.640000000000000000e+03	1.639555931262520971e+00	1.766754531704321229e-01	3.018661579090687816e-02	1.000270871874641143e+00	1.000270871874641188e+02	nan
nan	5.000000000000000000e+05	1.000000000000000000e+02	nan	1.650000000000000000e+03	1.649418434541485068e+00	1.788080391135638825e-01	2.984156789248154640e-02	1.000352734162547330e+00	1.000352734162547392e+02	nan
nan	5.000000000000000000e+05	1.000000000000000000e+02	nan	1.660000000000000000e+03	1.659387441434182708e+00	1.809056452036758578e-01	3.013409416438705968e-02	1.000369231859604024e+00	1.000369231859603900e+02	nan
nan	5.000000000000000000e+05	1.000000000000000000e+02	nan	1.670000000000000000e+03	1.668785765917073061e+00	1.788095984514390391e-01	2.987793181607469387e-02	1.000727971170568553e+00	1.000727971170568509e+02	nan
nan	5.000000000000000000e+05	1.000000000000000000e+02	nan	1.680000000000000000e+03	1.678958463694198100e+00	1.788958353085145225e-01	3.016187640139612186e-02	1.000620650017076008e+00	1.000620650017076088e+02	nan
nan	5.000000000000000000e+05	1.000000000000000000e+02	nan	1.690000000000000000e+03	1.688856214480074502e+00	1.766137588000148695e-01	2.985326261922598493e-02	1.000677539766599455e+00	1.000677539766599438e+02	nan
nan	5.000000000000000000e+05	1.000000000000000000e+02	nan	1.700000000000000000e+03	1.590821671257843573e+00	1.760129477887222849e-01	2.985596511702411776e-02	1.094343942812696202e+00	1.094343942812696184e+02	nan
nan	5.000000000000000000e+05	1.000000000000000000e+02	nan	1.710000000000000000e+03	1.709143071960352200e+00	1.814698894289428766e-01	2.962555169982018441e-02	1.000501606619860873e+00	1.000501606619860979e+02	nan
nan	5.000000000000000000e+05	1.000000000000000000e+02	nan	1.720000000000000000e+03	1.719150022785697729e+00	1.776466236337103100e-01	2.945182594803801707e-02	1.000494777660264623e+00	1.000494777660264845e+02	nan
nan	5.000000000000000000e+05	1.000000000000000000e+02	nan	1.730000000000000000e+03	1.729089234059028923e+00	1.777414169747268957e-01	2.942040525470612095e-02	1.000527223028990109e+00	1.000527223028989994e+02	nan
nan	5.000000000000000000e+05	1.000000000000000000e+02	nan	1.740000000000000000e+03	1.627276357930228290e+00	1.766838150706427357e-01	2.976941392672697445e-02	1.095016909124317150e+00	1.095016909124317408e+02	nan
nan	5.000000000000000000e+05	1.000000000000000000e+02	nan	1.750000000000000000e+03	1.748638793743020781e+00	1.780830754102450120e-01	2.963999963303819499e-02	1.000778619341925246e+00	1.000778619341925122e+02	nan
nan	5.000000000000000000e+05	1.000000000000000000e+02	nan	1.760000000000000000e+03	1.759301594943690317e+00	1.779834549117630116e-01	2.950949583144350102e-02	1.000397149076354353e+00	1.000397149076354424e+02	nan
nan	5.000000000000000000e+05	1.000000000000000000e+02	nan	1.770000000000000000e+03	1.769527804084691569e+00	1.779171186951795380e-01	3.053503705202257473e-02	1.000266869222073751e+00	1.000266869222073751e+02	nan
nan	5.000000000000000000e+05	1.000000000000000000e+02	nan	1.780000000000000000e+03	1.779598536192406710e+00	1.821263902223649311e-01	2.959710730711282572e-02	1.000225595374995891e+00	1.000225595374995748e+02	nan
nan	5.000000000000000000e+05	1.000000000000000000e+02	nan	1.790000000000000000e+03	1.788987849014347375e+00	1.775527237219241827e-01	2.915068329087978222e-02	1.000566288962548622e+00	1.000566288962548498e+02	nan
nan	5.000000000000000000e+05	1.000000000000000000e+02	nan	1.800000000000000000e+03	1.799164762553254970e+00	1.776687894089485908e-01	2.970702744739561751e-02	1.000464645980003509e+00	1.000464645980003553e+02	nan
nan	5.000000000000000000e+05	1.000000000000000000e+02	nan	1.810000000000000000e+03	1.808938984717678888e+00	1.772299685344514431e-01	2.942739090448546688e-02	1.000587135532796434e+00	1.000587135532796594e+02	nan
nan	5.000000000000000000e+05	1.000000000000000000e+02	nan	1.820000000000000000e+03	1.819235638185546122e+00	1.770290827343632967e-01	2.965089840455680317e-02	1.000420232628121742e+00	1.000420232628121511e+02	nan
nan	5.000000000000000000e+05	1.000000000000000000e+02	nan	1.830000000000000000e+03	1.712112183512685348e+00	1.771871271246550639e-01	2.961959267366852042e-02	1.094709200100064894e+00	1.094709200100064663e+02	nan
nan	5.000000000000000000e+05	1.000000000000000000e+02	nan	1.840000000000000000e+03	1.839036162743013847e+00	1.765565062986367284e-01	2.965087271773935232e-02	1.000524289239845155e+00	1.000524289239845075e+02	nan
nan	5.000000000000000000e+05	1.000000000000000000e+02	nan	1.850000000000000000e+03	1.848379840054212853e+00	1.759869286697458568e-01	2.933991158200501687e-02	1.000878195899389533e+00	1.000878195899389453e+02	nan
nan	5.000000000000000000e+05	1.000000000000000000e+02	nan	1.860000000000000000e+03	1.740361056098722603e+00	1.786625044354594460e-01	2.956911840020972487e-02	1.094526511331627816e+00	1.094526511331627887e+02	nan
nan	5.000000000000000000e+05	1.000000000000000000e+02	nan	1.870000000000000000e+03	1.866149824163267024e+00	1.767724612357369496e-01	2.965982109446511569e-02	1.002070783334654269e+00	1.002070783334653896e+02	nan
nan	5.000000000000000000e+05	1.000000000000000000e+02	nan	1.880000000000000000e+03	1.879221724834496898e+00	1.771918245678641701e-01	2.968268696791367262e-02	1.000414249606029315e+00	1.000414249606029387e+02	nan
nan	5.000000000000000000e+05	1.000000000000000000e+02	nan	1.890000000000000000e+03	1.889574926420164003e+00	1.812713859690576190e-01	2.937146909062100450e-02	1.000224969297347277e+00	1.000224969297347286e+02	nan
nan	5.000000000000000000e+05	1.000000000000000000e+02	nan	1.900000000000000000e+03	1.899042046483054857e+00	1.786462761921610576e-01	2.936883816974982311e-02	1.000504913797146234e+00	1.000504913797146287e+02	nan
nan	5.000000000000000000e+05	1.000000000000000000e+02	nan	1.910000000000000000e+03	1.908910065025520408e+00	1.764092275869114934e-01	2.953163291746320820e-02	1.000571145487888725e+00	1.000571145487888600e+02	nan
nan	5.000000000000000000e+05	1.000000000000000000e+02	nan	1.920000000000000000e+03	1.918953647718808497e+00	1.785080394289345063e-01	2.941458070209864578e-02	1.000545398884794546e+00	1.000545398884794395e+02	nan
nan	5.000000000000000000e+05	1.000000000000000000e+02	nan	1.930000000000000000e+03	1.928161732370699655e+00	1.763517905389577478e-01	2.921648599275258884e-02	1.000954978394203110e+00	1.000954978394202897e+02	nan
nan	5.000000000000000000e+05	1.000000000000000000e+02	nan	1.940000000000000000e+03	1.938987284300264902e+00	1.766211849583236848e-01	2.940329049497068109e-02	1.000522363553654426e+00	1.000522363553654372e+02	nan
nan	5.000000000000000000e+05	1.000000000000000000e+02	nan	1.950000000000000000e+03	1.948017090061148426e+00	1.767972190260488630e-01	2.937416826785886961e-02	1.001019735590182425e+00	1.001019735590182336e+02	nan
nan	5.000000000000000000e+05	1.000000000000000000e+02	nan	1.960000000000000000e+03	1.833392097965459211e+00	1.769009245490165694e-01	2.934701988371588022e-02	1.094810073086899482e+00	1.094810073086899820e+02	nan
nan	5.000000000000000000e+05	1.000000000000000000e+02	nan	1.970000000000000000e+03	1.969237596941138646e+00	1.771313429560344710e-01	2.941675067696308821e-02	1.000387210827457185e+00	1.000387210827457380e+02	nan
nan	5.000000000000000000e+05	1.000000000000000000e+02	nan	1.980000000000000000e+03	1.978153877472686784e+00	1.769007002624466973e-01	2.946349592208041129e-02	1.000933803165974245e+00	1.000933803165974467e+02	nan
nan	5.000000000000000000e+05	1.000000000000000000e+02	nan	1.990000000000000000e+03	1.989580617133424267e+00	1.765326167271958069e-01	2.935705139905232103e-02	1.000210807379661615e+00	1.000210807379661446e+02	nan
nan	5.000000000000000000e+05	1.000000000000000000e+02	nan	2.000000000000000000e+03	1.998112489009554293e+00	1.812206077173722507e-01	2.932459745829293918e-02	1.000945199953415132e+00	1.000945199953415283e+02	nan
nan	5.000000000000000000e+05	1.000000000000000000e+02	nan	2.010000000000000000e+03	2.008934621759999484e+00	1.771041086382620366e-01	2.923086773041819880e-02	1.000530511310581350e+00	1.000530511310581545e+02	nan
nan	5.000000000000000000e+05	1.000000000000000000e+02	nan	2.020000000000000000e+03	2.019328017996804281e+00	1.766570814246049836e-01	2.904290006822455444e-02	1.000332854244655678e+00	1.000332854244655749e+02	nan
nan	5.000000000000000000e+05	1.000000000000000000e+02	nan	2.030000000000000000e+03	2.028389456931154022e+00	1.772257545044898797e-01	2.902912355189096044e-02	1.000795323000196912e+00	1.000795323000196788e+02	nan
nan	5.000000000000000000e+05	1.000000000000000000e+02	nan	2.040000000000000000e+03	2.039587712569391531e+00	1.781886629560275326e-01	2.895204133589104889e-02	1.000202151359144365e+00	1.000202151359144551e+02	nan
nan	5.000000000000000000e+05	1.000000000000000000e+02	nan	2.050000000000000000e+03	1.918146094042653349e+00	1.772424376386133316e-01	2.889768363016378266e-02	1.094426488927532803e+00	1.094426488927532830e+02	nan
nan	5.000000000000000000e+05	1.000000000000000000e+02	nan	2.060000000000000000e+03	2.058808055240478829e+00	1.775620888399323527e-01	2.925177712451709766e-02	1.000579110632668023e+00	1.000579110632667721e+02	nan
nan	5.000000000000000000e+05	1.000000000000000000e+02	nan	2.070000000000000000e+03	2.068890639870187620e+00	1.789494631801669122e-01	2.914700235599300068e-02	1.000536818704257813e+00	1.000536818704257769e+02	nan
nan	5.000000000000000000e+05	1.000000000000000000e+02	nan	2.080000000000000000e+03	2.079184255264590497e+00	1.771064760240292357e-01	2.905920748495840339e-02	1.000392372636096372e+00	1.000392372636096354e+02	nan
nan	5.000000000000000000e+05	1.000000000000000000e+02	nan	2.090000000000000000e+03	2.088768350252485195e+00	1.775604228420430419e-01	2.914356047348336601e-02	1.000589929030737846e+00	1.000589929030738006e+02	nan
nan	5.000000000000000000e+05	1.000000000000000000e+02	nan	2.100000000000000000e+03	2.098812375314810019e+00	1.815504008997019247e-01	2.906803812622989550e-02	1.000565934585489369e+00	1.000565934585489316e+02	nan
nan	5.000000000000000000e+05	1.000000000000000000e+02	nan	2.110000000000000000e+03	2.108966638779838920e+00	1.782572918759228187e-01	2.912707009219903109e-02	1.000490106404240631e+00	1.000490106404240578e+02	nan
nan	5.000000000000000000e+05	1.000000000000000000e+02	nan	2.120000000000000000e+03	2.118639883601736162e+00	1.772553564388812952e-01	2.898359490163043145e-02	1.000642228855043170e+00	1.000642228855043356e+02	nan
nan	5.000000000000000000e+05	1.000000000000000000e+02	nan	2.130000000000000000e+03	2.129547441130580587e+00	1.786186587128094916e-01	2.907186415832933510e-02	1.000212525161680022e+00	1.000212525161680048e+02	nan
nan	5.000000000000000000e+05	1.000000000000000000e+02	nan	2.140000000000000000e+03	2.137453918122719010e+00	1.787025748730003694e-01	2.911477575469998899e-02	1.001193622268452987e+00	1.001193622268452970e+02	nan
nan	5.000000000000000000e+05	1.000000000000000000e+02	nan	2.150000000000000000e+03	2.148982811559653872e+00	1.768108191338936819e-01	2.884491891357904986e-02	1.000473449874545118e+00	1.000473449874545224e+02	nan
nan	5.000000000000000000e+05	1.000000000000000000e+02	nan	2.160000000000000000e+03	2.159204386099008666e+00	1.779303807823003347e-01	2.897974926504470750e-02	1.000368603214697005e+00	1.000368603214697032e+02	nan
nan	5.000000000000000000e+05	1.000000000000000000e+02	nan	2.170000000000000000e+03	2.168583775076422082e+00	1.781199244568300311e-01	2.915548221326768469e-02	1.000653476505992234e+00	1.000653476505992359e+02	nan
nan	5.000000000000000000e+05	1.000000000000000000e+02	nan	2.180000000000000000e+03	2.179686498632145142e+00	1.759474532339358466e-01	2.868602343478373479e-02	1.000143833923149428e+00	1.000143833923149259e+02	nan
nan	5.000000000000000000e+05	1.000000000000000000e+02	nan	2.190000000000000000e+03	2.188655903662947821e+00	1.783823383489043235e-01	2.917299365485287455e-02	1.000614463393090459e+00	1.000614463393090432e+02	nan
nan	5.000000000000000000e+05	1.000000000000000000e+02	nan	2.200000000000000000e+03	2.057693146220795022e+00	1.786944580001401106e-01	2.973866307017869470e-02	1.094843347456907923e+00	1.094843347456907878e+02	nan
nan	5.000000000000000000e+05	1.000000000000000000e+02	nan	2.210000000000000000e+03	2.209535485700234947e+00	1.778055566636790596e-01	2.888426161204604020e-02	1.000210249473889812e+00	1.000210249473889945e+02	nan
nan	5.000000000000000000e+05	1.000000000000000000e+02	nan	2.220000000000000000e+03	2.216364495447669558e+00	1.778092337259399580e-01	2.877912788994584775e-02	1.001643183851387287e+00	1.001643183851387278e+02	nan
nan	5.000000000000000000e+05	1.000000000000000000e+02	nan	2.230000000000000000e+03	2.228962926510848597e+00	1.769591082344316724e-01	2.883920674702504169e-02	1.000465469593094570e+00	1.000465469593094667e+02	nan
nan	5.000000000000000000e+05	1.000000000000000000e+02	nan	2.240000000000000000e+03	2.238899194973146045e+00	1.820603106105334879e-01	2.892451708974577013e-02	1.000491695110490076e+00	1.000491695110489871e+02	nan
nan	5.000000000000000000e+05	1.000000000000000000e+02	nan	2.250000000000000000e+03	2.248218604534758747e+00	1.778099060083810912e-01	2.872058107855014059e-02	1.000793052447561227e+00	1.000793052447560996e+02	nan
nan	5.000000000000000000e+05	1.000000000000000000e+02	nan	2.260000000000000000e+03	2.259401499680552483e+00	1.766476047435234509e-01	2.892737467274230506e-02	1.000264935676046463e+00	1.000264935676046605e+02	nan
nan	5.000000000000000000e+05	1.000000000000000000e+02	nan	2.270000000000000000e+03	2.269599723925785018e+00	1.756602173443659598e-01	2.853599147855125431e-02	1.000176366967849173e+00	1.000176366967849049e+02	nan
nan	5.000000000000000000e+05	1.000000000000000000e+02	nan	2.280000000000000000e+03	2.279167761618646093e+00	1.780800531944971565e-01	2.885475917315586877e-02	1.000365198519071130e+00	1.000365198519070873e+02	nan
nan	5.000000000000000000e+05	1.000000000000000000e+02	nan	2.290000000000000000e+03	2.286530669302101249e+00	1.775168887288961217e-01	2.893162968490844283e-02	1.001523355721948505e+00	1.001523355721948292e+02	nan
nan	5.000000000000000000e+05	1.000000000000000000e+02	nan	2.300000000000000000e+03	2.299449582081888543e+00	1.774889267639432333e-01	2.881672092088026146e-02	1.000239378080077568e+00	1.000239378080077444e+02	nan
nan	5.000000000000000000e+05	1.000000000000000000e+02	nan	2.310000000000000000e+03	2.309686153401981024e+00	1.781192637864992545e-01	2.897221602692594614e-02	1.000135883582081275e+00	1.000135883582081391e+02	nan
nan	5.000000000000000000e+05	1.000000000000000000e+02	nan	2.320000000000000000e+03	2.318239678577265206e+00	1.780252082563954508e-01	2.843361240109743698e-02	1.000759617941042068e+00	1.000759617941042023e+02	nan
nan	5.000000000000000000e+05	1.000000000000000000e+02	nan	2.330000000000000000e+03	2.179174856637475788e+00	1.774618891793308395e-01	2.847084071634421037e-02	1.094850782455418114e+00	1.094850782455418141e+02	nan
nan	5.000000000000000000e+05	1.000000000000000000e+02	nan	2.340000000000000000e+03	2.339075768647307818e+00	1.775595884363544985e-01	2.869258053139836506e-02	1.000395189853150901e+00	1.000395189853150839e+02	nan
nan	5.000000000000000000e+05	1.000000000000000000e+02	nan	2.350000000000000000e+03	2.348639298424677779e+00	1.769273002874026390e-01	2.892322252529025417e-02	1.000579761893724218e+00	1.000579761893724395e+02	nan
nan	5.000000000000000000e+05	1.000000000000000000e+02	nan	2.360000000000000000e+03	2.358964876694244595e+00	1.778608088132854759e-01	2.883923764906141246e-02	1.000438892092673449e+00	1.000438892092673768e+02	nan
nan	5.000000000000000000e+05	1.000000000000000000e+02	nan	2.370000000000000000e+03	2.368418981417835134e+00	1.783565988334944730e-01	2.855020674592205834e-02	1.000668070007223465e+00	1.000668070007223349e+02	nan
nan	5.000000000000000000e+05	1.000000000000000000e+02	nan	2.380000000000000000e+03	2.379006686126467596e+00	1.801374068558008745e-01	2.846999345205620743e-02	1.000417622774336879e+00	1.000417622774337048e+02	nan
nan	5.000000000000000000e+05	1.000000000000000000e+02	nan	2.390000000000000000e+03	2.389690308034277955e+00	1.761402567138954656e-01	2.870777018867542996e-02	1.000129596550428435e+00	1.000129596550428488e+02	nan
nan	5.000000000000000000e+05	1.000000000000000000e+02	nan	2.400000000000000000e+03	2.398518362137383342e+00	1.782551264234872035e-01	2.828549828712651967e-02	1.000618069016051548e+00	1.000618069016051521e+02	nan
nan	5.000000000000000000e+05	1.000000000000000000e+02	nan	2.410000000000000000e+03	2.409158532775200090e+00	1.766102807531989283e-01	2.874978368507746102e-02	1.000349350740727061e+00	1.000349350740727061e+02	nan
nan	5.000000000000000000e+05	1.000000000000000000e+02	nan	2.420000000000000000e+03	2.263761296034258130e+00	1.755900132540403891e-01	2.833401964991076952e-02	1.094718516702466671e+00	1.094718516702466786e+02	nan
nan	5.000000000000000000e+05	1.000000000000000000e+02	nan	2.430000000000000000e+03	2.427520781583461851e+00	1.782463212644820327e-01	2.859221324595946287e-02	1.001022395078301486e+00	1.001022395078301486e+02	nan
nan	5.000000000000000000e+05	1.000000000000000000e+02	nan	2.440000000000000000e+03	2.283563692222171149e+00	1.790503863808798335e-01	2.875545706657189199e-02	1.094092048667336670e+00	1.094092048667336741e+02	nan
nan	5.000000000000000000e+05	1.000000000000000000e+02	nan	2.450000000000000000e+03	2.448608248789059694e+00	1.771476760997325872e-01	2.860526367209777904e-02	1.000568806882248918e+00	1.000568806882249078e+02	nan
nan	5.000000000000000000e+05	1.000000000000000000e+02	nan	2.460000000000000000e+03	2.459432115376603001e+00	1.774780551412661889e-01	2.919326321834185209e-02	1.000231001200440728e+00	1.000231001200440772e+02	nan
nan	5.000000000000000000e+05	1.000000000000000000e+02	nan	2.470000000000000000e+03	2.468482600171319152e+00	1.781077608911766641e-01	2.820940549120764043e-02	1.000615172598029456e+00	1.000615172598029687e+02	nan
nan	5.000000000000000000e+05	1.000000000000000000e+02	nan	2.480000000000000000e+03	2.478719252995051470e+00	1.760323456057873437e-01	2.859290855071092846e-02	1.000517073932175149e+00	1.000517073932175265e+02	nan
nan	5.000000000000000000e+05	1.000000000000000000e+02	nan	2.490000000000000000e+03	2.486629527400327611e+00	1.816932510354642982e-01	2.832654363261478611e-02	1.001359535401594725e+00	1.001359535401594627e+02	nan
nan	5.000000000000000000e+05	1.000000000000000000e+02	nan	2.500000000000000000e+03	2.498919240112900120e+00	1.778734392173263734e-01	2.836032307700204688e-02	1.000432602637701063e+00	1.000432602637701223e+02	nan
nan	5.000000000000000000e+05	1.000000000000000000e+02	nan	2.510000000000000000e+03	2.507172395020643485e+00	1.775198301661473910e-01	2.916159439341208318e-02	1.001129420683851468e+00	1.001129420683851521e+02	nan
nan	5.000000000000000000e+05	1.000000000000000000e+02	nan	2.520000000000000000e+03	2.519342997980857035e+00	1.781634664009142111e-01	2.860771672118634854e-02	1.000260826082175925e+00	1.000260826082175925e+02	nan
nan	5.000000000000000000e+05	1.000000000000000000e+02	nan	2.530000000000000000e+03	2.529262582876344645e+00	1.784771326692277671e-01	2.857043026066213159e-02	1.000291683906314066e+00	1.000291683906313835e+02	nan
nan	5.000000000000000000e+05	1.000000000000000000e+02	nan	2.540000000000000000e+03	2.537834033039507720e+00	1.772308712205501735e-01	2.858855429497574388e-02	1.000854700631977012e+00	1.000854700631977039e+02	nan
nan	5.000000000000000000e+05	1.000000000000000000e+02	nan	2.550000000000000000e+03	2.549398980096520884e+00	1.778795782419620441e-01	2.860481986959666906e-02	1.000235769305553912e+00	1.000235769305553788e+02	nan
