# SourcePhotonFlux	NumberRaysSurvived	PercentageRaysSurvived	PhotonFlux	PhotonEnergy	Bandwidth	HorizontalFocusFWHM	VerticalFocusFWHM	EnergyPerMilPerBw	FluxPerMilPerBwPerc	FluxPerMilPerBwAbs
nan	1.000000000000000000e+05	2.000000000000000000e+01	nan	1.000000000000000000e+01	9.993698227009416984e-03	3.938843629740013119e-02	1.862200643560437546e-02	2.001261618843307999e-01	2.001261618843308199e+01	nan
nan	1.000000000000000000e+05	2.000000000000000000e+01	nan	1.200000000000000000e+01	1.199164885240406805e-02	3.868449474631975582e-02	1.713799869473119769e-02	2.001393198071350632e-01	2.001393198071351165e+01	nan
nan	1.000000000000000000e+05	2.000000000000000000e+01	nan	1.400000000000000000e+01	1.399632574954580433e-02	3.836859829690183327e-02	1.643727338352572037e-02	2.000525079120547556e-01	2.000525079120547645e+01	nan
nan	1.000000000000000000e+05	2.000000000000000000e+01	nan	1.600000000000000000e+01	1.599378103317235580e-02	3.781697480257686927e-02	1.505135500807578200e-02	2.000777851498582449e-01	2.000777851498582294e+01	nan
nan	1.000000000000000000e+05	2.000000000000000000e+01	nan	1.800000000000000000e+01	1.799376566238095054e-02	3.767128047555041298e-02	1.441690378366469391e-02	2.000693034104590873e-01	2.000693034104590140e+01	nan
nan	1.000000000000000000e+05	2.000000000000000000e+01	nan	2.000000000000000000e+01	1.998817992459692161e-02	3.748294614748422238e-02	1.377834388146565239e-02	2.001183544124799651e-01	2.001183544124799596e+01	nan
nan	1.000000000000000000e+05	2.000000000000000000e+01	nan	2.200000000000000000e+01	2.198925588525924013e-02	3.709354482451151375e-02	1.315860137667972454e-02	2.000978001928782057e-01	2.000978001928782390e+01	nan
nan	1.000000000000000000e+05	2.000000000000000000e+01	nan	2.400000000000000000e+01	2.246136417369550345e-02	3.708477448091226231e-02	1.262146967639079034e-02	2.188489408201969577e-01	2.188489408201970221e+01	nan
nan	1.000000000000000000e+05	2.000000000000000000e+01	nan	2.600000000000000000e+01	2.599416331276301756e-02	3.753509281524755603e-02	1.219921812318988490e-02	2.000449087629334599e-01	2.000449087629334599e+01	nan
nan	1.000000000000000000e+05	2.000000000000000000e+01	nan	2.800000000000000000e+01	2.799375611895129484e-02	3.701995366263020198e-02	1.200366018447624958e-02	2.000446101452567349e-01	2.000446101452567405e+01	nan
nan	1.000000000000000000e+05	2.000000000000000000e+01	nan	3.000000000000000000e+01	2.999355458964601123e-02	3.653355355726442544e-02	1.159263137183435231e-02	2.000429815896023755e-01	2.000429815896023555e+01	nan
nan	1.000000000000000000e+05	2.000000000000000000e+01	nan	3.200000000000000000e+01	3.198832232127529068e-02	3.662284389900195836e-02	1.149125692658981360e-02	2.000730275012722603e-01	2.000730275012722714e+01	nan
nan	1.000000000000000000e+05	2.000000000000000000e+01	nan	3.400000000000000000e+01	3.399255580954217704e-02	3.654611556099716940e-02	1.119004652608175839e-02	2.000438029917044336e-01	2.000438029917044247e+01	nan
nan	1.000000000000000000e+05	2.000000000000000000e+01	nan	3.600000000000000000e+01	3.597305239528168774e-02	3.649068498871112232e-02	1.079739905561266297e-02	2.001499002029755447e-01	2.001499002029755303e+01	nan
nan	1.000000000000000000e+05	2.000000000000000000e+01	nan	3.800000000000000000e+01	3.796879768373287445e-02	3.622628572069538921e-02	1.051091902635585204e-02	2.001645421846832973e-01	2.001645421846832562e+01	nan
nan	1.000000000000000000e+05	2.000000000000000000e+01	nan	4.000000000000000000e+01	3.998756332099787786e-02	3.672309636975992081e-02	1.030268562124387645e-02	2.000622347104786536e-01	2.000622347104786769e+01	nan
nan	1.000000000000000000e+05	2.000000000000000000e+01	nan	4.200000000000000000e+01	4.198781153989898651e-02	3.639871522391116554e-02	1.013176918428522477e-02	2.000580621263993442e-01	2.000580621263993208e+01	nan
nan	1.000000000000000000e+05	2.000000000000000000e+01	nan	4.400000000000000000e+01	4.117100157516152131e-02	3.625210052549214523e-02	1.005403170435119863e-02	2.189143175263074392e-01	2.189143175263074426e+01	nan
nan	1.000000000000000000e+05	2.000000000000000000e+01	nan	4.600000000000000000e+01	4.598814292144424998e-02	3.633782497104941223e-02	9.839183134248682960e-03	2.000515702227484982e-01	2.000515702227484738e+01	nan
nan	1.000000000000000000e+05	2.000000000000000000e+01	nan	4.800000000000000000e+01	4.798696439920831919e-02	3.610797346647629663e-02	9.926512048298500798e-03	2.000543404747083809e-01	2.000543404747084608e+01	nan
nan	1.000000000000000000e+05	2.000000000000000000e+01	nan	5.000000000000000000e+01	4.676381979537828221e-02	3.641180757387435518e-02	9.577580850089400383e-03	2.190048164822196441e-01	2.190048164822196242e+01	nan
nan	1.000000000000000000e+05	2.000000000000000000e+01	nan	5.200000000000000000e+01	5.196117807796098859e-02	3.621544465086494469e-02	9.392657774958085987e-03	2.001495409691219085e-01	2.001495409691218441e+01	nan
nan	1.000000000000000000e+05	2.000000000000000000e+01	nan	5.400000000000000000e+01	5.396562727514264690e-02	3.618785831402140940e-02	9.296761386548901135e-03	2.001274351454823963e-01	2.001274351454824085e+01	nan
nan	1.000000000000000000e+05	2.000000000000000000e+01	nan	5.600000000000000000e+01	5.239128756528828312e-02	3.628141007485354008e-02	9.099883628248164880e-03	2.189559975010583748e-01	2.189559975010583415e+01	nan
nan	1.000000000000000000e+05	2.000000000000000000e+01	nan	5.800000000000000000e+01	5.798968623547125223e-02	3.611332026750618818e-02	9.046204889259302009e-03	2.000355718104928626e-01	2.000355718104929181e+01	nan
nan	1.000000000000000000e+05	2.000000000000000000e+01	nan	6.000000000000000000e+01	5.613762978403650378e-02	3.603777557024780143e-02	8.968655774265929873e-03	2.188780682808670053e-01	2.188780682808670264e+01	nan
nan	1.000000000000000000e+05	2.000000000000000000e+01	nan	6.200000000000000000e+01	5.795660540361946556e-02	3.606325688115844669e-02	8.854162168351062748e-03	2.190896651206734325e-01	2.190896651206734091e+01	nan
nan	1.000000000000000000e+05	2.000000000000000000e+01	nan	6.400000000000000000e+01	6.398953042964421190e-02	3.621728233874147579e-02	8.728068027163582432e-03	2.000327245195087367e-01	2.000327245195087400e+01	nan
nan	1.000000000000000000e+05	2.000000000000000000e+01	nan	6.600000000000000000e+01	6.598870127776308714e-02	3.617675537632166621e-02	8.684581193358865622e-03	2.000342456206744279e-01	2.000342456206744401e+01	nan
nan	1.000000000000000000e+05	2.000000000000000000e+01	nan	6.800000000000000000e+01	6.794432424679826277e-02	3.633622976026077561e-02	8.551720906933079486e-03	2.001639922984766451e-01	2.001639922984765718e+01	nan
nan	1.000000000000000000e+05	2.000000000000000000e+01	nan	7.000000000000000000e+01	6.998611706925431108e-02	3.614400165024940492e-02	8.680715404436085622e-03	2.000396795044863119e-01	2.000396795044862941e+01	nan
nan	1.000000000000000000e+05	2.000000000000000000e+01	nan	7.200000000000000000e+01	6.735874407341405079e-02	3.595143006602731506e-02	8.440854862929995928e-03	2.189298108283631306e-01	2.189298108283631450e+01	nan
nan	1.000000000000000000e+05	2.000000000000000000e+01	nan	7.400000000000000000e+01	7.399029587884342618e-02	3.623324815666268545e-02	8.356239015364277239e-03	2.000262319528633981e-01	2.000262319528633981e+01	nan
nan	1.000000000000000000e+05	2.000000000000000000e+01	nan	7.600000000000000000e+01	7.595980452212189316e-02	3.624519826798312805e-02	8.350765745136374055e-03	2.001059195621995579e-01	2.001059195621995812e+01	nan
nan	1.000000000000000000e+05	2.000000000000000000e+01	nan	7.800000000000000000e+01	7.796370944575983786e-02	3.608291816621460313e-02	8.236572125326736132e-03	2.000931390398063559e-01	2.000931390398063670e+01	nan
nan	1.000000000000000000e+05	2.000000000000000000e+01	nan	8.000000000000000000e+01	6.973772979619013990e-02	3.583671556691857274e-02	8.113579798140273594e-03	2.377026284557972602e-01	2.377026284557972957e+01	nan
nan	1.000000000000000000e+05	2.000000000000000000e+01	nan	8.200000000000000000e+01	8.193481210331356179e-02	3.573431219047885909e-02	8.170127379393047479e-03	2.001591791927480324e-01	2.001591791927480557e+01	nan
nan	1.000000000000000000e+05	2.000000000000000000e+01	nan	8.400000000000000000e+01	8.393652687596613038e-02	3.587503008760052625e-02	8.045270456772401352e-03	2.001513627893678482e-01	2.001513627893678660e+01	nan
nan	1.000000000000000000e+05	2.000000000000000000e+01	nan	8.600000000000000000e+01	8.046981522472702875e-02	3.607020391852596569e-02	7.995146482231459475e-03	2.188926398429033304e-01	2.188926398429033071e+01	nan
nan	1.000000000000000000e+05	2.000000000000000000e+01	nan	8.800000000000000000e+01	8.795179671455344295e-02	3.582886952118823770e-02	7.862375293443558955e-03	2.001096517179861145e-01	2.001096517179860967e+01	nan
nan	1.000000000000000000e+05	2.000000000000000000e+01	nan	9.000000000000000000e+01	8.995068900403110912e-02	3.598097212807833956e-02	7.866795257198166622e-03	2.001097206041168586e-01	2.001097206041169230e+01	nan
nan	1.000000000000000000e+05	2.000000000000000000e+01	nan	9.200000000000000000e+01	8.020866023590207672e-02	3.593742591091576843e-02	7.835140754458102749e-03	2.376527651293810217e-01	2.376527651293810450e+01	nan
nan	1.000000000000000000e+05	2.000000000000000000e+01	nan	9.400000000000000000e+01	9.397107529891399191e-02	3.590186342081928828e-02	7.839433268961019941e-03	2.000615819666296535e-01	2.000615819666296602e+01	nan
nan	1.000000000000000000e+05	2.000000000000000000e+01	nan	9.600000000000000000e+01	9.594565110442772327e-02	3.571107417647981924e-02	7.726949050831553693e-03	2.001134065446548704e-01	2.001134065446548860e+01	nan
nan	1.000000000000000000e+05	2.000000000000000000e+01	nan	9.800000000000000000e+01	9.797746501848905720e-02	3.604189156228042312e-02	7.731549629048257814e-03	2.000460010555526469e-01	2.000460010555526225e+01	nan
nan	1.000000000000000000e+05	2.000000000000000000e+01	nan	1.000000000000000000e+02	9.996751005976192705e-02	3.589676907795625455e-02	7.688567930529259867e-03	2.000650055391923199e-01	2.000650055391923132e+01	nan
nan	1.000000000000000000e+05	2.000000000000000000e+01	nan	1.020000000000000000e+02	1.019584356033783334e-01	3.570902613127100583e-02	7.582316261694472051e-03	2.000815644730855603e-01	2.000815644730856135e+01	nan
nan	1.000000000000000000e+05	2.000000000000000000e+01	nan	1.040000000000000000e+02	1.039767405464135652e-01	3.564469531658174400e-02	7.559878868069955238e-03	2.000447418665708688e-01	2.000447418665708454e+01	nan
nan	1.000000000000000000e+05	2.000000000000000000e+01	nan	1.060000000000000000e+02	1.059753847477713923e-01	3.575879308591597971e-02	7.499967110286812413e-03	2.000464578809378335e-01	2.000464578809377869e+01	nan
nan	1.000000000000000000e+05	2.000000000000000000e+01	nan	1.080000000000000000e+02	1.010515026991254811e-01	3.573183078525728196e-02	7.510843627751795544e-03	2.189133701679320532e-01	2.189133701679320865e+01	nan
nan	1.000000000000000000e+05	2.000000000000000000e+01	nan	1.100000000000000000e+02	1.099159072010934268e-01	3.594697542733367446e-02	7.667024210835665481e-03	2.001531595476505054e-01	2.001531595476505032e+01	nan
nan	1.000000000000000000e+05	2.000000000000000000e+01	nan	1.120000000000000000e+02	1.119537568583791609e-01	3.642710683816650918e-02	7.611045022030600744e-03	2.000826334929198258e-01	2.000826334929197969e+01	nan
nan	1.000000000000000000e+05	2.000000000000000000e+01	nan	1.140000000000000000e+02	1.139646987122932831e-01	3.566887718937070823e-02	7.387157387130816218e-03	2.000619635088035086e-01	2.000619635088034798e+01	nan
nan	1.000000000000000000e+05	2.000000000000000000e+01	nan	1.160000000000000000e+02	1.159591411485416668e-01	3.588895407683332511e-02	7.298589719302084333e-03	2.000704787969698750e-01	2.000704787969699083e+01	nan
nan	1.000000000000000000e+05	2.000000000000000000e+01	nan	1.180000000000000000e+02	1.103943399393183949e-01	3.569734936018909011e-02	7.295734608985622247e-03	2.189608652345735318e-01	2.189608652345735607e+01	nan
nan	1.000000000000000000e+05	2.000000000000000000e+01	nan	1.200000000000000000e+02	1.199512981324687699e-01	3.587225956089176021e-02	7.272418451989458126e-03	2.000812164828009165e-01	2.000812164828009188e+01	nan
nan	1.000000000000000000e+05	2.000000000000000000e+01	nan	1.220000000000000000e+02	1.218271295037038626e-01	3.589605830281755033e-02	7.262016709102698045e-03	2.002840036604826568e-01	2.002840036604826679e+01	nan
nan	1.000000000000000000e+05	2.000000000000000000e+01	nan	1.240000000000000000e+02	1.239390197234388341e-01	3.663362821027538879e-02	7.216265870803120937e-03	2.000984643780945316e-01	2.000984643780945405e+01	nan
nan	1.000000000000000000e+05	2.000000000000000000e+01	nan	1.260000000000000000e+02	1.178977388959477207e-01	3.572549216156208074e-02	7.203138933778117751e-03	2.188897240169718761e-01	2.188897240169718827e+01	nan
nan	1.000000000000000000e+05	2.000000000000000000e+01	nan	1.280000000000000000e+02	1.279023136096202606e-01	3.586203150384772997e-02	7.153680586597169211e-03	2.001527992495870656e-01	2.001527992495870834e+01	nan
nan	1.000000000000000000e+05	2.000000000000000000e+01	nan	1.300000000000000000e+02	1.299500877807213128e-01	3.569149533926359308e-02	7.114608199486246662e-03	2.000768468983284143e-01	2.000768468983284265e+01	nan
nan	1.000000000000000000e+05	2.000000000000000000e+01	nan	1.320000000000000000e+02	1.318792564022851221e-01	3.594574889149121377e-02	7.083185954544543757e-03	2.001832324747842284e-01	2.001832324747842407e+01	nan
nan	1.000000000000000000e+05	2.000000000000000000e+01	nan	1.340000000000000000e+02	1.339535358171633495e-01	3.539187017661168250e-02	7.065884150949547707e-03	2.000693834967925133e-01	2.000693834967924900e+01	nan
nan	1.000000000000000000e+05	2.000000000000000000e+01	nan	1.360000000000000000e+02	1.358969196060843543e-01	3.594933922002981064e-02	7.034046604830315567e-03	2.001518392857510042e-01	2.001518392857510165e+01	nan
nan	1.000000000000000000e+05	2.000000000000000000e+01	nan	1.380000000000000000e+02	1.379366542234720383e-01	3.591933011388383917e-02	7.056242764028344827e-03	2.000918643497809346e-01	2.000918643497809057e+01	nan
nan	1.000000000000000000e+05	2.000000000000000000e+01	nan	1.400000000000000000e+02	1.399552494881527165e-01	3.559994914977084035e-02	7.059314500120724908e-03	2.000639636698999801e-01	2.000639636698999624e+01	nan
nan	1.000000000000000000e+05	2.000000000000000000e+01	nan	1.420000000000000000e+02	1.419667516715253375e-01	3.595434842447374491e-02	7.004800022315430148e-03	2.000468412404225460e-01	2.000468412404226015e+01	nan
nan	1.000000000000000000e+05	2.000000000000000000e+01	nan	1.440000000000000000e+02	1.439783639776078261e-01	3.586334088851034912e-02	6.990784882381122049e-03	2.000300570585154813e-01	2.000300570585154603e+01	nan
nan	1.000000000000000000e+05	2.000000000000000000e+01	nan	1.460000000000000000e+02	1.458548146356133668e-01	3.576095458745535971e-02	6.941379724529026310e-03	2.001994097699348052e-01	2.001994097699347819e+01	nan
nan	1.000000000000000000e+05	2.000000000000000000e+01	nan	1.480000000000000000e+02	1.478569748126528638e-01	3.591518879281711818e-02	6.863959731919872138e-03	2.001935823460192498e-01	2.001935823460192410e+01	nan
nan	1.000000000000000000e+05	2.000000000000000000e+01	nan	1.500000000000000000e+02	1.498706425681166354e-01	3.560846574995311931e-02	6.969223700590321084e-03	2.001727787197188912e-01	2.001727787197188846e+01	nan
nan	1.000000000000000000e+05	2.000000000000000000e+01	nan	1.520000000000000000e+02	1.519235684425257193e-01	3.588274052111466161e-02	7.083580015048987141e-03	2.001007161310657256e-01	2.001007161310656812e+01	nan
nan	1.000000000000000000e+05	2.000000000000000000e+01	nan	1.540000000000000000e+02	1.539543210214969760e-01	3.565255467112865562e-02	6.909741924521461617e-03	2.000593463795818927e-01	2.000593463795818394e+01	nan
nan	1.000000000000000000e+05	2.000000000000000000e+01	nan	1.560000000000000000e+02	1.559472856191405354e-01	3.567066488309254130e-02	6.776267367337387819e-03	2.000676281889725294e-01	2.000676281889724706e+01	nan
nan	1.000000000000000000e+05	2.000000000000000000e+01	nan	1.580000000000000000e+02	1.579466524304780350e-01	3.659153407302622590e-02	6.849334458904640308e-03	2.000675748744393245e-01	2.000675748744393445e+01	nan
nan	1.000000000000000000e+05	2.000000000000000000e+01	nan	1.600000000000000000e+02	1.599801856392377986e-01	3.600542213367036865e-02	6.818691028482695357e-03	2.000247716288562627e-01	2.000247716288562927e+01	nan
nan	1.000000000000000000e+05	2.000000000000000000e+01	nan	1.620000000000000000e+02	1.618989750605714928e-01	3.578355919615546638e-02	6.789084435788492015e-03	2.001249581184172399e-01	2.001249581184172399e+01	nan
nan	1.000000000000000000e+05	2.000000000000000000e+01	nan	1.640000000000000000e+02	1.639609291157876070e-01	3.586107035932097065e-02	6.749643581954042730e-03	2.000476628441620885e-01	2.000476628441621330e+01	nan
nan	1.000000000000000000e+05	2.000000000000000000e+01	nan	1.660000000000000000e+02	1.659042967428331350e-01	3.557332807559007021e-02	6.726355406133597073e-03	2.001154435808978893e-01	2.001154435808978604e+01	nan
nan	1.000000000000000000e+05	2.000000000000000000e+01	nan	1.680000000000000000e+02	1.678986517966813974e-01	3.560609138841989985e-02	6.742461725257495493e-03	2.001208338766601591e-01	2.001208338766601358e+01	nan
nan	1.000000000000000000e+05	2.000000000000000000e+01	nan	1.700000000000000000e+02	1.698535008977796745e-01	3.579990083208024754e-02	6.722014610658506514e-03	2.001725819468651579e-01	2.001725819468651224e+01	nan
nan	1.000000000000000000e+05	2.000000000000000000e+01	nan	1.720000000000000000e+02	1.718690101052288699e-01	3.576112966811713367e-02	6.708918074550066120e-03	2.001525428305749865e-01	2.001525428305750509e+01	nan
nan	1.000000000000000000e+05	2.000000000000000000e+01	nan	1.740000000000000000e+02	1.739390607286804835e-01	3.582411089567323625e-02	6.808384454327462594e-03	2.000700830504594241e-01	2.000700830504593597e+01	nan
nan	1.000000000000000000e+05	2.000000000000000000e+01	nan	1.760000000000000000e+02	1.758472207336762849e-01	3.561577855581680302e-02	6.682860788111313725e-03	2.001738861897083832e-01	2.001738861897083765e+01	nan
nan	1.000000000000000000e+05	2.000000000000000000e+01	nan	1.780000000000000000e+02	1.777580951111076557e-01	3.572028833873486936e-02	6.661530709514704510e-03	2.002723147695552319e-01	2.002723147695552797e+01	nan
nan	1.000000000000000000e+05	2.000000000000000000e+01	nan	1.800000000000000000e+02	1.798655398061282384e-01	3.568223867440097063e-02	6.694950078409952869e-03	2.001496522504589426e-01	2.001496522504589137e+01	nan
nan	1.000000000000000000e+05	2.000000000000000000e+01	nan	1.820000000000000000e+02	1.818291021394224938e-01	3.543340179761787778e-02	6.592730576426253722e-03	2.001880459619894137e-01	2.001880459619894026e+01	nan
nan	1.000000000000000000e+05	2.000000000000000000e+01	nan	1.840000000000000000e+02	1.839552607403129314e-01	3.584920167533103830e-02	6.598863408495381569e-03	2.000486444880172632e-01	2.000486444880172954e+01	nan
nan	1.000000000000000000e+05	2.000000000000000000e+01	nan	1.860000000000000000e+02	1.859425532335990394e-01	3.578384867699958144e-02	6.596944305644472824e-03	2.000617943334188076e-01	2.000617943334187743e+01	nan
nan	1.000000000000000000e+05	2.000000000000000000e+01	nan	1.880000000000000000e+02	1.879353077668201866e-01	3.551116526090165870e-02	6.599943469056721024e-03	2.000688577815811775e-01	2.000688577815812152e+01	nan
nan	1.000000000000000000e+05	2.000000000000000000e+01	nan	1.900000000000000000e+02	1.899376057305926235e-01	3.572360782150495184e-02	6.576156054223040656e-03	2.000657111610528172e-01	2.000657111610528460e+01	nan
nan	1.000000000000000000e+05	2.000000000000000000e+01	nan	1.920000000000000000e+02	1.919794594677705357e-01	3.570531531772430656e-02	6.539313401296642340e-03	2.000213988271538346e-01	2.000213988271537957e+01	nan
nan	1.000000000000000000e+05	2.000000000000000000e+01	nan	1.940000000000000000e+02	1.937175441348290561e-01	3.542122685286650668e-02	6.619131856244178311e-03	2.002918841993059917e-01	2.002918841993059829e+01	nan
nan	1.000000000000000000e+05	2.000000000000000000e+01	nan	1.960000000000000000e+02	1.959124455085657357e-01	3.513105616947928556e-02	6.500478797640305006e-03	2.000893965296758614e-01	2.000893965296758736e+01	nan
nan	1.000000000000000000e+05	2.000000000000000000e+01	nan	1.980000000000000000e+02	1.979752273556050768e-01	3.545272407993167729e-02	6.549405247790782147e-03	2.000250269289161886e-01	2.000250269289162119e+01	nan
nan	1.000000000000000000e+05	2.000000000000000000e+01	nan	2.000000000000000000e+02	1.999131171220460690e-01	3.562624472856155966e-02	6.530158318256819652e-03	2.000869402554808496e-01	2.000869402554808829e+01	nan
nan	1.000000000000000000e+05	2.000000000000000000e+01	nan	2.020000000000000000e+02	2.018452388831974420e-01	3.554480974558543033e-02	6.499745765086608999e-03	2.001534238951597211e-01	2.001534238951597189e+01	nan
nan	1.000000000000000000e+05	2.000000000000000000e+01	nan	2.040000000000000000e+02	2.039063180660696251e-01	3.551881418778370797e-02	6.469898651619907307e-03	2.000919293118797460e-01	2.000919293118797171e+01	nan
nan	1.000000000000000000e+05	2.000000000000000000e+01	nan	2.060000000000000000e+02	2.058789381499809557e-01	3.539396764649903326e-02	6.490711135060186696e-03	2.001178135700295291e-01	2.001178135700294902e+01	nan
nan	1.000000000000000000e+05	2.000000000000000000e+01	nan	2.080000000000000000e+02	2.079357217425240323e-01	3.576343205272709130e-02	6.402940178752062825e-03	2.000618303374870344e-01	2.000618303374870521e+01	nan
nan	1.000000000000000000e+05	2.000000000000000000e+01	nan	2.100000000000000000e+02	2.098130205983124996e-01	3.566009384294451662e-02	6.479515304947914937e-03	2.001785613064167302e-01	2.001785613064167535e+01	nan
nan	1.000000000000000000e+05	2.000000000000000000e+01	nan	2.120000000000000000e+02	2.119415206762732817e-01	3.547534468614227388e-02	6.467606858971375675e-03	2.000552109408741397e-01	2.000552109408741330e+01	nan
nan	1.000000000000000000e+05	2.000000000000000000e+01	nan	2.140000000000000000e+02	2.138612495380129985e-01	3.524665516474280447e-02	6.435163765009163477e-03	2.001298046966547284e-01	2.001298046966547162e+01	nan
nan	1.000000000000000000e+05	2.000000000000000000e+01	nan	2.160000000000000000e+02	2.159273600008236593e-01	3.573924836143278772e-02	6.448159017664952149e-03	2.000673064480137098e-01	2.000673064480137242e+01	nan
nan	1.000000000000000000e+05	2.000000000000000000e+01	nan	2.180000000000000000e+02	2.179276904196922326e-01	3.636012000576214348e-02	6.431197261748867848e-03	2.000663773583293281e-01	2.000663773583293548e+01	nan
nan	1.000000000000000000e+05	2.000000000000000000e+01	nan	2.200000000000000000e+02	2.198962392703924795e-01	3.550419871646541548e-02	6.408295290804529379e-03	2.000944088944116572e-01	2.000944088944116572e+01	nan
nan	1.000000000000000000e+05	2.000000000000000000e+01	nan	2.220000000000000000e+02	2.217451353941578274e-01	3.539910726321938289e-02	6.406679301862699960e-03	2.002303397937549856e-01	2.002303397937549434e+01	nan
nan	1.000000000000000000e+05	2.000000000000000000e+01	nan	2.240000000000000000e+02	2.237738411755435808e-01	3.536700495943369271e-02	6.422478424632662927e-03	2.002023823801645785e-01	2.002023823801645719e+01	nan
nan	1.000000000000000000e+05	2.000000000000000000e+01	nan	2.260000000000000000e+02	2.259062486426683114e-01	3.552669728036826624e-02	6.402066815831501841e-03	2.000830656331614443e-01	2.000830656331614321e+01	nan
nan	1.000000000000000000e+05	2.000000000000000000e+01	nan	2.280000000000000000e+02	2.273401988947443830e-01	3.529589690845284095e-02	6.352469907397483018e-03	2.005844963453529139e-01	2.005844963453528607e+01	nan
nan	1.000000000000000000e+05	2.000000000000000000e+01	nan	2.300000000000000000e+02	2.298219185714333312e-01	3.552771918801984896e-02	6.462852245666568518e-03	2.001550747738162772e-01	2.001550747738162528e+01	nan
nan	1.000000000000000000e+05	2.000000000000000000e+01	nan	2.320000000000000000e+02	2.170602192660864849e-01	3.592722568082508394e-02	6.358894785156612821e-03	2.189210882804650815e-01	2.189210882804650993e+01	nan
nan	1.000000000000000000e+05	2.000000000000000000e+01	nan	2.340000000000000000e+02	2.338850245541562178e-01	3.656212803048879828e-02	6.316442588771896058e-03	2.000983436676181115e-01	2.000983436676181171e+01	nan
nan	1.000000000000000000e+05	2.000000000000000000e+01	nan	2.360000000000000000e+02	2.358976598438494165e-01	3.644155266846085123e-02	6.337670038223404585e-03	2.000868170561337644e-01	2.000868170561337678e+01	nan
nan	1.000000000000000000e+05	2.000000000000000000e+01	nan	2.380000000000000000e+02	2.378186323059344465e-01	3.558580878574643669e-02	6.322732691205960702e-03	2.001525899865376490e-01	2.001525899865376346e+01	nan
nan	1.000000000000000000e+05	2.000000000000000000e+01	nan	2.400000000000000000e+02	2.398514312250063230e-01	3.551164060684251778e-02	6.313620137144752842e-03	2.001239986619289812e-01	2.001239986619289724e+01	nan
nan	1.000000000000000000e+05	2.000000000000000000e+01	nan	2.420000000000000000e+02	2.419635042570553174e-01	3.576608614509137890e-02	6.274046717433515510e-03	2.000301680154681350e-01	2.000301680154681350e+01	nan
nan	1.000000000000000000e+05	2.000000000000000000e+01	nan	2.440000000000000000e+02	2.439145076806926160e-01	3.550941328666807478e-02	6.299634789763045029e-03	2.000701295673635305e-01	2.000701295673635371e+01	nan
nan	1.000000000000000000e+05	2.000000000000000000e+01	nan	2.460000000000000000e+02	2.459393678453125065e-01	3.661417942494695626e-02	6.266315154036095243e-03	2.000493112029772258e-01	2.000493112029771936e+01	nan
nan	1.000000000000000000e+05	2.000000000000000000e+01	nan	2.480000000000000000e+02	2.479007668977283030e-01	3.546900474419115157e-02	6.204898952454941663e-03	2.000800985131384324e-01	2.000800985131384735e+01	nan
nan	1.000000000000000000e+05	2.000000000000000000e+01	nan	2.500000000000000000e+02	2.499472043261448673e-01	3.557748146890309104e-02	6.246782156667136932e-03	2.000422488474765392e-01	2.000422488474765004e+01	nan
nan	1.000000000000000000e+05	2.000000000000000000e+01	nan	2.520000000000000000e+02	2.519366695853841320e-01	3.557330130267365165e-02	6.263506940895305526e-03	2.000502771718940809e-01	2.000502771718940309e+01	nan
nan	1.000000000000000000e+05	2.000000000000000000e+01	nan	2.540000000000000000e+02	2.539186515927849830e-01	3.550595734034483336e-02	6.176962109847676345e-03	2.000640892314377584e-01	2.000640892314377339e+01	nan
nan	1.000000000000000000e+05	2.000000000000000000e+01	nan	2.560000000000000000e+02	2.395314940922733116e-01	3.558779042152099281e-02	6.223003837369097194e-03	2.189194894803017100e-01	2.189194894803016922e+01	nan
nan	1.000000000000000000e+05	2.000000000000000000e+01	nan	2.580000000000000000e+02	2.578747783620656264e-01	3.544918615347976421e-02	6.254373092183682266e-03	2.000971818453358142e-01	2.000971818453357898e+01	nan
nan	1.000000000000000000e+05	2.000000000000000000e+01	nan	2.600000000000000000e+02	2.599098466723717138e-01	3.558661855006554908e-02	6.177244469841525198e-03	2.000693846982946056e-01	2.000693846982945701e+01	nan
nan	1.000000000000000000e+05	2.000000000000000000e+01	nan	2.620000000000000000e+02	2.619297108287810261e-01	3.556185336029562410e-02	6.206613537034178125e-03	2.000536929867922087e-01	2.000536929867921998e+01	nan
nan	1.000000000000000000e+05	2.000000000000000000e+01	nan	2.640000000000000000e+02	2.636749483820858275e-01	3.549904191655400831e-02	6.229785406091989733e-03	2.002472054225115650e-01	2.002472054225115627e+01	nan
nan	1.000000000000000000e+05	2.000000000000000000e+01	nan	2.660000000000000000e+02	2.658596028900047092e-01	3.643392616012667423e-02	6.161209991188861847e-03	2.001056564988443198e-01	2.001056564988443398e+01	nan
nan	1.000000000000000000e+05	2.000000000000000000e+01	nan	2.680000000000000000e+02	2.678045313751954426e-01	3.538924698485542558e-02	6.191271456462615896e-03	2.001460784452264718e-01	2.001460784452264718e+01	nan
nan	1.000000000000000000e+05	2.000000000000000000e+01	nan	2.700000000000000000e+02	2.698788127515036050e-01	3.583632629730139352e-02	6.191782513102957533e-03	2.000898254860622727e-01	2.000898254860622671e+01	nan
nan	1.000000000000000000e+05	2.000000000000000000e+01	nan	2.720000000000000000e+02	2.717089126414612421e-01	3.546928077698435766e-02	6.199830199238598634e-03	2.002145282907071278e-01	2.002145282907071078e+01	nan
nan	1.000000000000000000e+05	2.000000000000000000e+01	nan	2.740000000000000000e+02	2.739451858034044340e-01	3.571102141625581705e-02	6.187062822209339792e-03	2.000400204229884626e-01	2.000400204229883983e+01	nan
nan	1.000000000000000000e+05	2.000000000000000000e+01	nan	2.760000000000000000e+02	2.581957462115997970e-01	3.548896624759888263e-02	6.141458370016605710e-03	2.189417901438312219e-01	2.189417901438311986e+01	nan
nan	1.000000000000000000e+05	2.000000000000000000e+01	nan	2.780000000000000000e+02	2.778246152347764730e-01	3.555452307498525866e-02	6.180580077018997705e-03	2.001263016396307159e-01	2.001263016396307393e+01	nan
nan	1.000000000000000000e+05	2.000000000000000000e+01	nan	2.800000000000000000e+02	2.798692925461637171e-01	3.527303815285510319e-02	6.120031727171634274e-03	2.000934345098237532e-01	2.000934345098237088e+01	nan
nan	1.000000000000000000e+05	2.000000000000000000e+01	nan	2.820000000000000000e+02	2.819283978722523787e-01	3.569641313438088465e-02	6.089738380783487129e-03	2.000507990453797014e-01	2.000507990453796836e+01	nan
nan	1.000000000000000000e+05	2.000000000000000000e+01	nan	2.840000000000000000e+02	2.837915838094977605e-01	3.556537836266653735e-02	6.090407734941949251e-03	2.001471650992220075e-01	2.001471650992219864e+01	nan
nan	1.000000000000000000e+05	2.000000000000000000e+01	nan	2.860000000000000000e+02	2.858274519377937417e-01	3.523551707075222444e-02	6.136485308431860464e-03	2.001207899944569824e-01	2.001207899944569846e+01	nan
nan	1.000000000000000000e+05	2.000000000000000000e+01	nan	2.880000000000000000e+02	2.878103821490822223e-01	3.543589365453005124e-02	6.074859563241104092e-03	2.001318225451966248e-01	2.001318225451965915e+01	nan
nan	1.000000000000000000e+05	2.000000000000000000e+01	nan	2.900000000000000000e+02	2.899258250146431459e-01	3.530933242805571470e-02	6.144986489621839451e-03	2.000511714089609205e-01	2.000511714089609328e+01	nan
nan	1.000000000000000000e+05	2.000000000000000000e+01	nan	2.920000000000000000e+02	2.918876744754561603e-01	3.547396313190386008e-02	6.126394098456764727e-03	2.000769681155362689e-01	2.000769681155363244e+01	nan
nan	1.000000000000000000e+05	2.000000000000000000e+01	nan	2.940000000000000000e+02	2.937607423084864222e-01	3.573546749984983506e-02	6.091956781918256639e-03	2.001629544859026555e-01	2.001629544859026666e+01	nan
nan	1.000000000000000000e+05	2.000000000000000000e+01	nan	2.960000000000000000e+02	2.957814700135167896e-01	3.523194809711736875e-02	6.087737014924309367e-03	2.001478907111371996e-01	2.001478907111371797e+01	nan
nan	1.000000000000000000e+05	2.000000000000000000e+01	nan	2.980000000000000000e+02	2.976379018422812828e-01	3.511907446045924031e-02	6.055742555799263627e-03	2.002434754111284132e-01	2.002434754111284931e+01	nan
nan	1.000000000000000000e+05	2.000000000000000000e+01	nan	3.000000000000000000e+02	2.998601312879236591e-01	3.549181668008898755e-02	6.192705773158193455e-03	2.000933022242868675e-01	2.000933022242869086e+01	nan
nan	1.000000000000000000e+05	2.000000000000000000e+01	nan	3.020000000000000000e+02	3.018827035951926474e-01	3.620785665063504244e-02	6.051786194113030308e-03	2.000777475624601343e-01	2.000777475624601109e+01	nan
nan	1.000000000000000000e+05	2.000000000000000000e+01	nan	3.040000000000000000e+02	3.037968692240974322e-01	3.638173244529553652e-02	6.087127183849778619e-03	2.001338210448190547e-01	2.001338210448190580e+01	nan
nan	1.000000000000000000e+05	2.000000000000000000e+01	nan	3.060000000000000000e+02	3.058635405446147870e-01	3.569214866110628770e-02	6.092724210158558841e-03	2.000892776419219976e-01	2.000892776419219388e+01	nan
nan	1.000000000000000000e+05	2.000000000000000000e+01	nan	3.080000000000000000e+02	2.881963918104584188e-01	3.527877769075345171e-02	6.129391718508150205e-03	2.188963711916200316e-01	2.188963711916200339e+01	nan
nan	1.000000000000000000e+05	2.000000000000000000e+01	nan	3.100000000000000000e+02	3.098774217672598530e-01	3.549883890242598594e-02	6.048273831792310221e-03	2.000791335132850735e-01	2.000791335132850435e+01	nan
nan	1.000000000000000000e+05	2.000000000000000000e+01	nan	3.120000000000000000e+02	3.119060340322812319e-01	3.542498547604290560e-02	6.043684549676622483e-03	2.000602796618720092e-01	2.000602796618720092e+01	nan
nan	1.000000000000000000e+05	2.000000000000000000e+01	nan	3.140000000000000000e+02	3.138758812150536093e-01	3.561798847586392786e-02	6.076172222925700812e-03	2.000791261700597956e-01	2.000791261700598156e+01	nan
nan	1.000000000000000000e+05	2.000000000000000000e+01	nan	3.160000000000000000e+02	3.158229330906124344e-01	3.538486574802417184e-02	6.042289235488916728e-03	2.001121460105583227e-01	2.001121460105583338e+01	nan
nan	1.000000000000000000e+05	2.000000000000000000e+01	nan	3.180000000000000000e+02	3.177083246199072231e-01	3.576032194257165731e-02	5.986843198571002896e-03	2.001836358983456188e-01	2.001836358983455710e+01	nan
nan	1.000000000000000000e+05	2.000000000000000000e+01	nan	3.200000000000000000e+02	3.198015025561198876e-01	3.536564467026166725e-02	6.031092991775853333e-03	2.001242643081682648e-01	2.001242643081682360e+01	nan
nan	1.000000000000000000e+05	2.000000000000000000e+01	nan	3.220000000000000000e+02	3.217989319150274530e-01	3.495918886998763964e-02	6.022647893718128913e-03	2.001250466966157104e-01	2.001250466966157049e+01	nan
nan	1.000000000000000000e+05	2.000000000000000000e+01	nan	3.240000000000000000e+02	3.030133926035422087e-01	3.557627255988550508e-02	5.976454384153210946e-03	2.189842095673295574e-01	2.189842095673295219e+01	nan
nan	1.000000000000000000e+05	2.000000000000000000e+01	nan	3.260000000000000000e+02	3.257849099312898344e-01	3.545438994367437757e-02	5.958479030802772691e-03	2.001321605531915515e-01	2.001321605531915537e+01	nan
nan	1.000000000000000000e+05	2.000000000000000000e+01	nan	3.280000000000000000e+02	3.279111862525042054e-01	3.533509063408642181e-02	6.037323158181375805e-03	2.000541743749282286e-01	2.000541743749282375e+01	nan
nan	1.000000000000000000e+05	2.000000000000000000e+01	nan	3.300000000000000000e+02	3.298836869082970025e-01	3.576160782271277372e-02	5.968313578496309280e-03	2.000705468325094660e-01	2.000705468325094927e+01	nan
nan	1.000000000000000000e+05	2.000000000000000000e+01	nan	3.320000000000000000e+02	3.318774882868365528e-01	3.618112904073517155e-02	6.026818832877411762e-03	2.000738463719207993e-01	2.000738463719207871e+01	nan
nan	1.000000000000000000e+05	2.000000000000000000e+01	nan	3.340000000000000000e+02	3.337571531834145899e-01	3.576191969028780920e-02	5.975586363214938773e-03	2.001455942341137106e-01	2.001455942341137018e+01	nan
nan	1.000000000000000000e+05	2.000000000000000000e+01	nan	3.360000000000000000e+02	3.357916927388396311e-01	3.577916706170290728e-02	6.032375280279224719e-03	2.001241300034151960e-01	2.001241300034152104e+01	nan
nan	1.000000000000000000e+05	2.000000000000000000e+01	nan	3.380000000000000000e+02	3.377712428960149005e-01	3.532275176000297667e-02	5.970652523845197159e-03	2.001355079533198855e-01	2.001355079533198733e+01	nan
nan	1.000000000000000000e+05	2.000000000000000000e+01	nan	3.400000000000000000e+02	3.181643342515687034e-01	3.520258955774445420e-02	5.971193023404823726e-03	2.188687885625392460e-01	2.188687885625392227e+01	nan
nan	1.000000000000000000e+05	2.000000000000000000e+01	nan	3.420000000000000000e+02	3.418286143920704623e-01	3.629397788578857253e-02	5.925110339964036882e-03	2.001003213239721801e-01	2.001003213239722101e+01	nan
nan	1.000000000000000000e+05	2.000000000000000000e+01	nan	3.440000000000000000e+02	3.438300045571395236e-01	3.552932472674206338e-02	5.890365189607603760e-03	2.000989555320529245e-01	2.000989555320529689e+01	nan
nan	1.000000000000000000e+05	2.000000000000000000e+01	nan	3.460000000000000000e+02	3.458178468118057736e-01	3.554828339494538192e-02	5.884081050941224536e-03	2.001054446057980163e-01	2.001054446057980130e+01	nan
nan	1.000000000000000000e+05	2.000000000000000000e+01	nan	3.480000000000000000e+02	3.254552715860456469e-01	3.533676301412854576e-02	5.953882785345395237e-03	2.190033818248634245e-01	2.190033818248634745e+01	nan
nan	1.000000000000000000e+05	2.000000000000000000e+01	nan	3.500000000000000000e+02	3.497277587486041783e-01	3.561661508204900378e-02	5.927999926607639344e-03	2.001557238683850382e-01	2.001557238683850315e+01	nan
nan	1.000000000000000000e+05	2.000000000000000000e+01	nan	3.520000000000000000e+02	3.518603189887380411e-01	3.559669098235260232e-02	5.901899166288700205e-03	2.000794298152708817e-01	2.000794298152708706e+01	nan
nan	1.000000000000000000e+05	2.000000000000000000e+01	nan	3.540000000000000000e+02	3.539055608169383027e-01	3.558342373903590483e-02	6.107007410404515294e-03	2.000533738444147391e-01	2.000533738444147502e+01	nan
nan	1.000000000000000000e+05	2.000000000000000000e+01	nan	3.560000000000000000e+02	3.559197072384813199e-01	3.642527804447298623e-02	5.919421461422565318e-03	2.000451190749991670e-01	2.000451190749991426e+01	nan
nan	1.000000000000000000e+05	2.000000000000000000e+01	nan	3.580000000000000000e+02	3.577975698028694751e-01	3.551054474438483655e-02	5.830136658175956096e-03	2.001132577925097134e-01	2.001132577925097067e+01	nan
nan	1.000000000000000000e+05	2.000000000000000000e+01	nan	3.600000000000000000e+02	3.598329525106510052e-01	3.553375788178971678e-02	5.941405489479123329e-03	2.000929291960006906e-01	2.000929291960007106e+01	nan
nan	1.000000000000000000e+05	2.000000000000000000e+01	nan	3.620000000000000000e+02	3.617877969435357999e-01	3.544599370689029139e-02	5.885478180897093722e-03	2.001174271065592758e-01	2.001174271065593047e+01	nan
nan	1.000000000000000000e+05	2.000000000000000000e+01	nan	3.640000000000000000e+02	3.638471276371092467e-01	3.540581654687265795e-02	5.930179680911360982e-03	2.000840465256243372e-01	2.000840465256242950e+01	nan
nan	1.000000000000000000e+05	2.000000000000000000e+01	nan	3.660000000000000000e+02	3.424224367025370808e-01	3.543742542493101555e-02	5.923918534733703736e-03	2.189418400200129899e-01	2.189418400200129255e+01	nan
nan	1.000000000000000000e+05	2.000000000000000000e+01	nan	3.680000000000000000e+02	3.678072325486027583e-01	3.531130125972734707e-02	5.930174543547870637e-03	2.001048578479690254e-01	2.001048578479690221e+01	nan
nan	1.000000000000000000e+05	2.000000000000000000e+01	nan	3.700000000000000000e+02	3.696759680108425705e-01	3.519738573394916997e-02	5.867982316401003373e-03	2.001756391798779067e-01	2.001756391798778978e+01	nan
nan	1.000000000000000000e+05	2.000000000000000000e+01	nan	3.720000000000000000e+02	3.480722112197445206e-01	3.573250088709188643e-02	5.913823680041944975e-03	2.189053022663255688e-01	2.189053022663255632e+01	nan
nan	1.000000000000000000e+05	2.000000000000000000e+01	nan	3.740000000000000000e+02	3.732299648326534158e-01	3.535449224714738714e-02	5.931964218893023139e-03	2.004141566669308538e-01	2.004141566669307650e+01	nan
nan	1.000000000000000000e+05	2.000000000000000000e+01	nan	3.760000000000000000e+02	3.758443449668993908e-01	3.543836491357283541e-02	5.936537393582734523e-03	2.000828499212058686e-01	2.000828499212058631e+01	nan
nan	1.000000000000000000e+05	2.000000000000000000e+01	nan	3.780000000000000000e+02	3.779149852840327783e-01	3.625427719381152381e-02	5.874293818124201247e-03	2.000449938594694443e-01	2.000449938594694643e+01	nan
nan	1.000000000000000000e+05	2.000000000000000000e+01	nan	3.800000000000000000e+02	3.798084092966109715e-01	3.572925523843221290e-02	5.873767633949964796e-03	2.001009827594292523e-01	2.001009827594292645e+01	nan
nan	1.000000000000000000e+05	2.000000000000000000e+01	nan	3.820000000000000000e+02	3.817820130051040595e-01	3.528184551738229591e-02	5.906326583492641294e-03	2.001142290975777560e-01	2.001142290975777271e+01	nan
nan	1.000000000000000000e+05	2.000000000000000000e+01	nan	3.840000000000000000e+02	3.837907295437616995e-01	3.570160788578689848e-02	5.882916140419728983e-03	2.001090797769589091e-01	2.001090797769588647e+01	nan
nan	1.000000000000000000e+05	2.000000000000000000e+01	nan	3.860000000000000000e+02	3.856323464741399087e-01	3.527035810779154817e-02	5.843297198550517942e-03	2.001909956788406331e-01	2.001909956788405864e+01	nan
nan	1.000000000000000000e+05	2.000000000000000000e+01	nan	3.880000000000000000e+02	3.877974568600529581e-01	3.532423699166473835e-02	5.880658098994136218e-03	2.001044727107308963e-01	2.001044727107308674e+01	nan
nan	1.000000000000000000e+05	2.000000000000000000e+01	nan	3.900000000000000000e+02	3.896034180122296964e-01	3.535944380520977121e-02	5.874833653571774270e-03	2.002039471180364905e-01	2.002039471180364671e+01	nan
nan	1.000000000000000000e+05	2.000000000000000000e+01	nan	3.920000000000000000e+02	3.666784195930918311e-01	3.538018490980331110e-02	5.869403976743176390e-03	2.189620146173799076e-01	2.189620146173799498e+01	nan
nan	1.000000000000000000e+05	2.000000000000000000e+01	nan	3.940000000000000000e+02	3.938475193882277070e-01	3.542626859120689281e-02	5.883350135392617988e-03	2.000774421654914481e-01	2.000774421654914903e+01	nan
nan	1.000000000000000000e+05	2.000000000000000000e+01	nan	3.960000000000000000e+02	3.956307754945373456e-01	3.538014005248933669e-02	5.892699184416082606e-03	2.001867606331948490e-01	2.001867606331948934e+01	nan
nan	1.000000000000000000e+05	2.000000000000000000e+01	nan	3.980000000000000000e+02	3.979161234266848646e-01	3.530652334543916276e-02	5.871410279810464379e-03	2.000421614759323174e-01	2.000421614759322964e+01	nan
nan	1.000000000000000000e+05	2.000000000000000000e+01	nan	4.000000000000000000e+02	3.996224978019108365e-01	3.624412154347445014e-02	5.864919491658587662e-03	2.001890399906830209e-01	2.001890399906830709e+01	nan
nan	1.000000000000000000e+05	2.000000000000000000e+01	nan	4.020000000000000000e+02	4.017869243519999189e-01	3.542082172765240872e-02	5.846173546083639760e-03	2.001061022621162810e-01	2.001061022621163232e+01	nan
nan	1.000000000000000000e+05	2.000000000000000000e+01	nan	4.040000000000000000e+02	4.038656035993608562e-01	3.533141628492099395e-02	5.808580013644910542e-03	2.000665708489311467e-01	2.000665708489311356e+01	nan
nan	1.000000000000000000e+05	2.000000000000000000e+01	nan	4.060000000000000000e+02	4.056778913862307823e-01	3.544515090089797593e-02	5.805824710378192262e-03	2.001590646000393769e-01	2.001590646000393647e+01	nan
nan	1.000000000000000000e+05	2.000000000000000000e+01	nan	4.080000000000000000e+02	4.079175425138782951e-01	3.563773259120550652e-02	5.790408267178209605e-03	2.000404302718288840e-01	2.000404302718289173e+01	nan
nan	1.000000000000000000e+05	2.000000000000000000e+01	nan	4.100000000000000000e+02	3.836292188085306809e-01	3.544848752772266492e-02	5.779536726032756533e-03	2.188852977855065551e-01	2.188852977855065518e+01	nan
nan	1.000000000000000000e+05	2.000000000000000000e+01	nan	4.120000000000000000e+02	4.117616110480957770e-01	3.551241776798647054e-02	5.850355424903419532e-03	2.001158221265336157e-01	2.001158221265335513e+01	nan
nan	1.000000000000000000e+05	2.000000000000000000e+01	nan	4.140000000000000000e+02	4.137781279740375129e-01	3.578989263603338244e-02	5.829400471198600310e-03	2.001073637408515571e-01	2.001073637408515538e+01	nan
nan	1.000000000000000000e+05	2.000000000000000000e+01	nan	4.160000000000000000e+02	4.158368510529181217e-01	3.542129520480584437e-02	5.811841496991680331e-03	2.000784745272192744e-01	2.000784745272192566e+01	nan
nan	1.000000000000000000e+05	2.000000000000000000e+01	nan	4.180000000000000000e+02	4.177536700504970169e-01	3.551208456840861116e-02	5.828712094696673028e-03	2.001179858061475636e-01	2.001179858061475869e+01	nan
nan	1.000000000000000000e+05	2.000000000000000000e+01	nan	4.200000000000000000e+02	4.197624750629619927e-01	3.631008017994038356e-02	5.813607625245979273e-03	2.001131869170978683e-01	2.001131869170978561e+01	nan
nan	1.000000000000000000e+05	2.000000000000000000e+01	nan	4.220000000000000000e+02	4.217933277559677840e-01	3.565145837518456096e-02	5.825414018439806219e-03	2.000980212808481373e-01	2.000980212808481085e+01	nan
nan	1.000000000000000000e+05	2.000000000000000000e+01	nan	4.240000000000000000e+02	4.237279767203472325e-01	3.545107128777626182e-02	5.796718980326086117e-03	2.001284457710086340e-01	2.001284457710086784e+01	nan
nan	1.000000000000000000e+05	2.000000000000000000e+01	nan	4.260000000000000000e+02	4.259094882261161286e-01	3.572373174256189554e-02	5.814372831665867193e-03	2.000425050323360043e-01	2.000425050323359955e+01	nan
nan	1.000000000000000000e+05	2.000000000000000000e+01	nan	4.280000000000000000e+02	4.274907836245437909e-01	3.574051497460007526e-02	5.822955150939997798e-03	2.002387244536905919e-01	2.002387244536905797e+01	nan
nan	1.000000000000000000e+05	2.000000000000000000e+01	nan	4.300000000000000000e+02	4.297965623119307521e-01	3.536216382677873776e-02	5.768983782715809798e-03	2.000946899749090346e-01	2.000946899749090591e+01	nan
nan	1.000000000000000000e+05	2.000000000000000000e+01	nan	4.320000000000000000e+02	4.318408772198017442e-01	3.558607615646006833e-02	5.795949853008941152e-03	2.000737206429394066e-01	2.000737206429393922e+01	nan
nan	1.000000000000000000e+05	2.000000000000000000e+01	nan	4.340000000000000000e+02	4.337167550152843942e-01	3.562398489136600621e-02	5.831096442653537111e-03	2.001306953011984524e-01	2.001306953011984646e+01	nan
nan	1.000000000000000000e+05	2.000000000000000000e+01	nan	4.360000000000000000e+02	4.359372997264290284e-01	3.518949064678716931e-02	5.737204686956746784e-03	2.000287667846298856e-01	2.000287667846298589e+01	nan
nan	1.000000000000000000e+05	2.000000000000000000e+01	nan	4.380000000000000000e+02	4.377311807325895421e-01	3.567646766978086609e-02	5.834598730970574736e-03	2.001228926786181028e-01	2.001228926786181006e+01	nan
nan	1.000000000000000000e+05	2.000000000000000000e+01	nan	4.400000000000000000e+02	4.115386292441590155e-01	3.573889160002802212e-02	5.947732614035738767e-03	2.189686694913815790e-01	2.189686694913815757e+01	nan
nan	1.000000000000000000e+05	2.000000000000000000e+01	nan	4.420000000000000000e+02	4.419070971400470005e-01	3.556111133273581054e-02	5.776852322409207693e-03	2.000420498947779735e-01	2.000420498947779890e+01	nan
nan	1.000000000000000000e+05	2.000000000000000000e+01	nan	4.440000000000000000e+02	4.432728990895339338e-01	3.556184674518798883e-02	5.755825577989169550e-03	2.003286367702774573e-01	2.003286367702774484e+01	nan
nan	1.000000000000000000e+05	2.000000000000000000e+01	nan	4.460000000000000000e+02	4.457925853021696971e-01	3.539182164688633309e-02	5.767841349405008512e-03	2.000930939186189028e-01	2.000930939186189406e+01	nan
nan	1.000000000000000000e+05	2.000000000000000000e+01	nan	4.480000000000000000e+02	4.477798389946291979e-01	3.641206212210669479e-02	5.784903417949153678e-03	2.000983390220980040e-01	2.000983390220979885e+01	nan
nan	1.000000000000000000e+05	2.000000000000000000e+01	nan	4.500000000000000000e+02	4.496437209069517604e-01	3.556198120167621685e-02	5.744116215710028464e-03	2.001586104895122509e-01	2.001586104895121920e+01	nan
nan	1.000000000000000000e+05	2.000000000000000000e+01	nan	4.520000000000000000e+02	4.518802999361105077e-01	3.532952094870468740e-02	5.785474934548460839e-03	2.000529871352093036e-01	2.000529871352093281e+01	nan
nan	1.000000000000000000e+05	2.000000000000000000e+01	nan	4.540000000000000000e+02	4.539199447851570146e-01	3.513204346887319196e-02	5.707198295710250689e-03	2.000352733935698291e-01	2.000352733935698168e+01	nan
nan	1.000000000000000000e+05	2.000000000000000000e+01	nan	4.560000000000000000e+02	4.558335523237292408e-01	3.561601063889942992e-02	5.770951834631173928e-03	2.000730397038142372e-01	2.000730397038141817e+01	nan
nan	1.000000000000000000e+05	2.000000000000000000e+01	nan	4.580000000000000000e+02	4.573061338604202386e-01	3.550337774577922573e-02	5.786325936981688567e-03	2.003046711443897121e-01	2.003046711443896655e+01	nan
nan	1.000000000000000000e+05	2.000000000000000000e+01	nan	4.600000000000000000e+02	4.598899164163777198e-01	3.549778535278864944e-02	5.763344184176052119e-03	2.000478756160155025e-01	2.000478756160154958e+01	nan
nan	1.000000000000000000e+05	2.000000000000000000e+01	nan	4.620000000000000000e+02	4.619372306803962158e-01	3.562385275729985229e-02	5.794443205385189574e-03	2.000271767164162606e-01	2.000271767164162640e+01	nan
nan	1.000000000000000000e+05	2.000000000000000000e+01	nan	4.640000000000000000e+02	4.636479357154530412e-01	3.560504165127909015e-02	5.686722480219487397e-03	2.001519235882084080e-01	2.001519235882084047e+01	nan
nan	1.000000000000000000e+05	2.000000000000000000e+01	nan	4.660000000000000000e+02	4.358349713274951576e-01	3.549237783586616651e-02	5.694168143268842422e-03	2.189701564910836173e-01	2.189701564910836140e+01	nan
nan	1.000000000000000000e+05	2.000000000000000000e+01	nan	4.680000000000000000e+02	4.678151537294615858e-01	3.551191768727089693e-02	5.738516106279673359e-03	2.000790379706301747e-01	2.000790379706301536e+01	nan
nan	1.000000000000000000e+05	2.000000000000000000e+01	nan	4.700000000000000000e+02	4.697278596849355781e-01	3.538546005748052781e-02	5.784644505058051181e-03	2.001159523787448546e-01	2.001159523787448791e+01	nan
nan	1.000000000000000000e+05	2.000000000000000000e+01	nan	4.720000000000000000e+02	4.717929753388488967e-01	3.557216176265709517e-02	5.767847529812282145e-03	2.000877784185347008e-01	2.000877784185347608e+01	nan
nan	1.000000000000000000e+05	2.000000000000000000e+01	nan	4.740000000000000000e+02	4.736837962835670490e-01	3.567131976669889182e-02	5.710041349184411322e-03	2.001336140014446929e-01	2.001336140014446840e+01	nan
nan	1.000000000000000000e+05	2.000000000000000000e+01	nan	4.760000000000000000e+02	4.758013372252934969e-01	3.602748137116017213e-02	5.693998690411241660e-03	2.000835245548673869e-01	2.000835245548674024e+01	nan
nan	1.000000000000000000e+05	2.000000000000000000e+01	nan	4.780000000000000000e+02	4.779380616068555909e-01	3.522805134277909311e-02	5.741554037735086165e-03	2.000259193100856758e-01	2.000259193100857047e+01	nan
nan	1.000000000000000000e+05	2.000000000000000000e+01	nan	4.800000000000000000e+02	4.797036724274766906e-01	3.565102528469744209e-02	5.657099657425303935e-03	2.001236138032103096e-01	2.001236138032103185e+01	nan
nan	1.000000000000000000e+05	2.000000000000000000e+01	nan	4.820000000000000000e+02	4.818317065550400402e-01	3.532205615063978288e-02	5.749956737015492550e-03	2.000698701481454234e-01	2.000698701481454123e+01	nan
nan	1.000000000000000000e+05	2.000000000000000000e+01	nan	4.840000000000000000e+02	4.527522592068516372e-01	3.511800265080807643e-02	5.666803929982153556e-03	2.189437033404933453e-01	2.189437033404933430e+01	nan
nan	1.000000000000000000e+05	2.000000000000000000e+01	nan	4.860000000000000000e+02	4.855041563166923591e-01	3.564926425289640516e-02	5.718442649191892747e-03	2.002044790156602971e-01	2.002044790156602971e+01	nan
nan	1.000000000000000000e+05	2.000000000000000000e+01	nan	4.880000000000000000e+02	4.567127384444342186e-01	3.581007727617596670e-02	5.751091413314378224e-03	2.188184097334673339e-01	2.188184097334673339e+01	nan
nan	1.000000000000000000e+05	2.000000000000000000e+01	nan	4.900000000000000000e+02	4.897216497578119609e-01	3.542953521994651744e-02	5.721052734419555461e-03	2.001137613764497891e-01	2.001137613764498013e+01	nan
nan	1.000000000000000000e+05	2.000000000000000000e+01	nan	4.920000000000000000e+02	4.918864230753206002e-01	3.549561102825323639e-02	5.838652643668370071e-03	2.000462002400881512e-01	2.000462002400881545e+01	nan
nan	1.000000000000000000e+05	2.000000000000000000e+01	nan	4.940000000000000000e+02	4.936965200342638416e-01	3.562155217823533004e-02	5.641881098241528260e-03	2.001230345196058913e-01	2.001230345196059446e+01	nan
nan	1.000000000000000000e+05	2.000000000000000000e+01	nan	4.960000000000000000e+02	4.957438505990102717e-01	3.520646912115747013e-02	5.718581710142185866e-03	2.001034147864350354e-01	2.001034147864350388e+01	nan
nan	1.000000000000000000e+05	2.000000000000000000e+01	nan	4.980000000000000000e+02	4.973259054800654999e-01	3.633865020709285687e-02	5.665308726522957222e-03	2.002719070803189449e-01	2.002719070803189183e+01	nan
nan	1.000000000000000000e+05	2.000000000000000000e+01	nan	5.000000000000000000e+02	4.997838480225800240e-01	3.557468784346527746e-02	5.672064615400409550e-03	2.000865205275402237e-01	2.000865205275402303e+01	nan
nan	1.000000000000000000e+05	2.000000000000000000e+01	nan	5.020000000000000000e+02	5.014344790041287414e-01	3.550396603322947958e-02	5.832318878682416288e-03	2.002258841367702824e-01	2.002258841367703113e+01	nan
nan	1.000000000000000000e+05	2.000000000000000000e+01	nan	5.040000000000000000e+02	5.038685995961713626e-01	3.563269328018284221e-02	5.721543344237269707e-03	2.000521652164351794e-01	2.000521652164351849e+01	nan
nan	1.000000000000000000e+05	2.000000000000000000e+01	nan	5.060000000000000000e+02	5.058525165752689734e-01	3.569542653384555342e-02	5.714086052132426145e-03	2.000583367812628077e-01	2.000583367812627600e+01	nan
nan	1.000000000000000000e+05	2.000000000000000000e+01	nan	5.080000000000000000e+02	5.075668066079015439e-01	3.544617424411003470e-02	5.717710858995148429e-03	2.001709401263954136e-01	2.001709401263953936e+01	nan
nan	1.000000000000000000e+05	2.000000000000000000e+01	nan	5.100000000000000000e+02	5.098797960193042211e-01	3.557591564839240883e-02	5.720963973919333985e-03	2.000471538611107714e-01	2.000471538611107647e+01	nan
