# SourcePhotonFlux	NumberRaysSurvived	PercentageRaysSurvived	PhotonFlux	PhotonEnergy	Bandwidth	HorizontalFocusFWHM	VerticalFocusFWHM	EnergyPerMilPerBw	FluxPerMilPerBwPerc	FluxPerMilPerBwAbs
nan	3.279999999999999716e+01	6.560000000000000726e-03	nan	5.000000000000000000e+01	2.420503091328476963e-03	1.180194827092110807e-02	8.711182572155001802e-03	2.090874159908923247e+01	1.386250758186739762e-01	nan
nan	4.420000000000000284e+01	8.840000000000000635e-03	nan	6.000000000000000000e+01	2.769019508561988696e-03	1.400287142888670747e-02	8.802327245284128493e-03	2.206761506017742036e+01	1.947531534964389022e-01	nan
nan	7.140000000000000568e+01	1.427999999999999756e-02	nan	7.000000000000000000e+01	3.528003363645904663e-03	1.245495491184132018e-02	9.225109417974917264e-03	1.993370983414829567e+01	2.846340478154278375e-01	nan
nan	1.087999999999999972e+02	2.176000000000000156e-02	nan	8.000000000000000000e+01	3.367695864648112634e-03	1.149427685989833428e-02	1.011935901211314694e-02	2.642053383876329775e+01	5.676162828101130042e-01	nan
nan	1.541999999999999886e+02	3.083999999999999936e-02	nan	9.000000000000000000e+01	3.916167899848233165e-03	8.426886580986935396e-03	1.063028369653663124e-02	2.411118643663235872e+01	7.362251356070100838e-01	nan
nan	2.151999999999999886e+02	4.303999999999999493e-02	nan	1.000000000000000000e+02	3.832438963513595809e-03	8.597647830691002024e-03	9.952809759783253635e-03	2.829941510563444496e+01	1.221527106492162451e+00	nan
nan	2.631999999999999886e+02	5.263999999999999929e-02	nan	1.100000000000000000e+02	3.576008641388739306e-03	1.008181220632202967e-02	1.015087171381287914e-02	3.618900675060420014e+01	1.920782622557346331e+00	nan
nan	3.113999999999999773e+02	6.228000000000000203e-02	nan	1.200000000000000000e+02	5.142402944946411827e-03	1.094997160838244790e-02	9.743370413467386526e-03	2.382428487050794530e+01	1.484712119526482299e+00	nan
nan	3.686000000000000227e+02	7.371999999999999387e-02	nan	1.300000000000000000e+02	5.618752159597307019e-03	8.766402154062545235e-03	1.021891961032159700e-02	2.407452290193695532e+01	1.788542252480516570e+00	nan
nan	4.148000000000000114e+02	8.296000000000000596e-02	nan	1.400000000000000000e+02	7.383183153359595616e-03	9.846693762560362190e-03	1.041459746806138766e-02	1.910004407825296013e+01	1.586841219241688750e+00	nan
nan	4.383999999999999773e+02	8.768000000000000793e-02	nan	1.500000000000000000e+02	7.345339363115499683e-03	1.139529002092082126e-02	1.021865357948122978e-02	2.160644979910349406e+01	1.901490030590414104e+00	nan
nan	4.300000000000000000e+02	8.599999999999999312e-02	nan	1.600000000000000000e+02	8.273840804150722761e-03	1.021208560409320523e-02	1.024971047231844172e-02	2.001873396729500953e+01	1.712175024168908877e+00	nan
nan	3.683999999999999773e+02	7.368000000000000937e-02	nan	1.700000000000000000e+02	7.591531917682914354e-03	8.897138409595444983e-03	9.737793314488209576e-03	2.287341391747534658e+01	1.689842411954065371e+00	nan
nan	2.860000000000000000e+02	5.719999999999999390e-02	nan	1.800000000000000000e+02	7.754530005291826802e-03	9.708503095417587297e-03	1.072398954004511254e-02	2.375815614726553449e+01	1.353158013088160860e+00	nan
nan	1.255999999999999943e+02	2.511999999999999650e-02	nan	1.900000000000000000e+02	7.660596333994362968e-03	6.303788486472524863e-03	9.011837996958010910e-03	2.597406803654664031e+01	6.561440621376830595e-01	nan
nan	1.420000000000000000e+02	2.839999999999999816e-02	nan	2.000000000000000000e+02	8.672187389015562423e-03	5.327849554879507746e-03	1.110307137057715311e-02	2.383576273420382563e+01	6.824942884024243206e-01	nan
nan	1.305999999999999943e+02	2.611999999999999739e-02	nan	2.100000000000000000e+02	1.267088439018948520e-02	7.421095302569428662e-03	9.031702563224218092e-03	1.678579876495329160e+01	4.422333482640176672e-01	nan
nan	1.350000000000000000e+02	2.700000000000000316e-02	nan	2.200000000000000000e+02	8.133530166259107103e-03	1.075853050677939328e-02	9.525381658949113456e-03	2.994056912096268519e+01	8.286769862978063950e-01	nan
nan	1.414000000000000057e+02	2.827999999999999958e-02	nan	2.300000000000000000e+02	1.198267984472636306e-02	9.721112559614952103e-03	9.869622681904088521e-03	2.057772110092588491e+01	5.844572832403750473e-01	nan
nan	1.644000000000000057e+02	3.287999999999999950e-02	nan	2.400000000000000000e+02	1.721822861323971804e-02	1.229159302270925111e-02	9.631271336573002384e-03	1.444027823964995250e+01	4.751284163594153287e-01	nan
nan	1.724000000000000057e+02	3.447999999999999676e-02	nan	2.500000000000000000e+02	1.278370647861493126e-02	8.758969115445014789e-03	9.732884475791644605e-03	2.078936285725676569e+01	7.131609398210587702e-01	nan
nan	1.780000000000000000e+02	3.559999999999999970e-02	nan	2.600000000000000000e+02	1.329524878741494831e-02	1.003106159711033077e-02	9.079503435377337534e-03	2.140468352238843153e+01	7.475662252236603411e-01	nan
nan	1.974000000000000057e+02	3.948000000000000120e-02	nan	2.700000000000000000e+02	1.427679905372087818e-02	1.039827884929198087e-02	9.798281310438880162e-03	1.917144419079697926e+01	7.543192243127382346e-01	nan
nan	2.185999999999999943e+02	4.372000000000000192e-02	nan	2.800000000000000000e+02	1.467254494953067548e-02	9.240725032954437770e-03	1.035883130645380221e-02	1.974538377139404233e+01	8.635451132163073362e-01	nan
nan	2.168000000000000114e+02	4.335999999999999577e-02	nan	2.900000000000000000e+02	1.673670193796397004e-02	8.890718912988895134e-03	1.075377811926944878e-02	1.971628685120585445e+01	8.613956203725889882e-01	nan
nan	2.354000000000000057e+02	4.707999999999999685e-02	nan	3.000000000000000000e+02	1.425672761264422730e-02	8.378688155189282019e-03	1.083221450678760814e-02	2.173939412661443882e+01	1.017900466468120602e+00	nan
nan	2.608000000000000114e+02	5.215999999999999803e-02	nan	3.100000000000000000e+02	2.075446241756253446e-02	9.330024351745524330e-03	1.084011013683972881e-02	1.597927494209525001e+01	8.407396287760257048e-01	nan
nan	2.801999999999999886e+02	5.603999999999999954e-02	nan	3.200000000000000000e+02	1.945464010327668802e-02	9.634299570156650006e-03	9.593596338478716651e-03	1.734990797939700258e+01	9.769601563729422011e-01	nan
nan	3.068000000000000114e+02	6.136000000000000482e-02	nan	3.300000000000000000e+02	2.015270428599933578e-02	9.951177815295808582e-03	1.036676802764200864e-02	1.735030031488792446e+01	1.065507605612149300e+00	nan
nan	3.188000000000000114e+02	6.376000000000001111e-02	nan	3.400000000000000000e+02	2.263019027710697767e-02	8.725704955973512950e-03	1.029935577724075402e-02	1.601051352271317185e+01	1.018532577775830061e+00	nan
nan	3.620000000000000000e+02	7.239999999999999214e-02	nan	3.500000000000000000e+02	2.274089247041501810e-02	8.448317646575631903e-03	1.053581435587822718e-02	1.692991457870578387e+01	1.232843942481660404e+00	nan
nan	3.748000000000000114e+02	7.495999999999999885e-02	nan	3.600000000000000000e+02	2.294346604538759563e-02	1.042345270902772861e-02	1.064960230637273381e-02	1.577378414463348477e+01	1.184285216862800194e+00	nan
nan	4.013999999999999773e+02	8.027999999999999026e-02	nan	3.700000000000000000e+02	2.313207369408019215e-02	1.026530502217988874e-02	1.077460955660124869e-02	1.620368946983851544e+01	1.297777089532046180e+00	nan
nan	4.158000000000000114e+02	8.316000000000001169e-02	nan	3.800000000000000000e+02	2.500594035677750071e-02	9.945734042540926856e-03	1.097660490507034250e-02	1.558929359078058141e+01	1.297206346435827440e+00	nan
nan	4.410000000000000000e+02	8.820000000000000062e-02	nan	3.900000000000000000e+02	2.705404845291923405e-02	8.570827705570657068e-03	1.078128440831687719e-02	1.453000273976107337e+01	1.284449666773871845e+00	nan
nan	4.798000000000000114e+02	9.596000000000000363e-02	nan	4.000000000000000000e+02	2.546871418717273558e-02	1.022103912480475107e-02	1.087130666899905999e-02	1.602178390680687414e+01	1.538464454277121529e+00	nan
nan	5.106000000000000227e+02	1.021199999999999886e-01	nan	4.100000000000000000e+02	2.842670406470233432e-02	1.092484637458636040e-02	1.103886057178700419e-02	1.457274166280468464e+01	1.489371698809250244e+00	nan
nan	5.572000000000000455e+02	1.114400000000000113e-01	nan	4.200000000000000000e+02	3.387463030273920456e-02	9.475382669167342273e-03	1.088873515527702916e-02	1.255931084669339803e+01	1.403335053240545971e+00	nan
nan	5.787999999999999545e+02	1.157600000000000018e-01	nan	4.300000000000000000e+02	3.300339593574790065e-02	9.900850382159589666e-03	1.091557976268419695e-02	1.310060465305067723e+01	1.519431544398281542e+00	nan
nan	5.940000000000000000e+02	1.187999999999999889e-01	nan	4.400000000000000000e+02	3.455040211774758341e-02	9.268241610348695175e-03	1.078469724855117030e-02	1.311563359712395638e+01	1.556732106779101787e+00	nan
nan	6.006000000000000227e+02	1.201200000000000045e-01	nan	4.500000000000000000e+02	3.423466228493907831e-02	8.314700332138569641e-03	1.052735587222801243e-02	1.336706245660118952e+01	1.598381369522567708e+00	nan
nan	6.353999999999999773e+02	1.270799999999999985e-01	nan	4.600000000000000000e+02	3.344585042843846445e-02	9.199173710081231387e-03	1.101402270604720339e-02	1.386832583805709973e+01	1.766748724626479028e+00	nan
nan	6.520000000000000000e+02	1.304000000000000159e-01	nan	4.700000000000000000e+02	3.718874031186487905e-02	9.068812253038511031e-03	1.130847743672050085e-02	1.285569342584000729e+01	1.669587038891754860e+00	nan
nan	6.970000000000000000e+02	1.394000000000000239e-01	nan	4.800000000000000000e+02	3.775894341667936083e-02	9.962433473971358394e-03	1.123910479316482872e-02	1.273539513355761876e+01	1.776021425465289072e+00	nan
nan	7.267999999999999545e+02	1.453599999999999892e-01	nan	4.900000000000000000e+02	3.627899428339560750e-02	9.348231658576242400e-03	1.099618395975474582e-02	1.367744811149946749e+01	1.993449514405626122e+00	nan
nan	7.166000000000000227e+02	1.433200000000000029e-01	nan	5.000000000000000000e+02	4.239860224874973660e-02	1.008653705465340118e-02	1.098370933390478699e-02	1.184947802961587726e+01	1.697445825734564151e+00	nan
nan	7.650000000000000000e+02	1.530000000000000249e-01	nan	5.100000000000000000e+02	3.935789885623534878e-02	9.885981148576359831e-03	1.140983118309031250e-02	1.308012938543149417e+01	2.002815183147858225e+00	nan
nan	7.617999999999999545e+02	1.523599999999999954e-01	nan	5.200000000000000000e+02	4.058694691686923900e-02	1.010384508747729296e-02	1.094438066778847564e-02	1.295418530309634164e+01	1.974574146296441013e+00	nan
nan	7.893999999999999773e+02	1.578799999999999648e-01	nan	5.300000000000000000e+02	4.639658917035376084e-02	9.690697251457691327e-03	1.127190812264922300e-02	1.145259983554510441e+01	1.809311337113110429e+00	nan
nan	8.152000000000000455e+02	1.630400000000000182e-01	nan	5.400000000000000000e+02	4.416779139701247636e-02	1.045804070954719882e-02	1.132639171993833106e-02	1.244662098071031231e+01	2.028124206438245647e+00	nan
nan	8.106000000000000227e+02	1.621200000000000141e-01	nan	5.500000000000000000e+02	4.394549492017176678e-02	9.710243155676017562e-03	1.124566741486780416e-02	1.254844734684615482e+01	2.033989248710395437e+00	nan
nan	7.733999999999999773e+02	1.546799999999999842e-01	nan	5.600000000000000000e+02	4.193938204653022833e-02	1.032321348612221315e-02	1.125436103614369313e-02	1.368075379389148871e+01	2.123138257389675321e+00	nan
nan	6.416000000000000227e+02	1.283200000000000174e-01	nan	5.700000000000000000e+02	4.840722665264820396e-02	1.081730087936195323e-02	1.040036254425724498e-02	1.213745529492974740e+01	1.562569514999923692e+00	nan
nan	4.961999999999999886e+02	9.924000000000000876e-02	nan	5.800000000000000000e+02	4.644152181758727516e-02	9.212686536331709392e-03	1.084420152733309682e-02	1.258722715314621787e+01	1.248151424453231240e+00	nan
nan	6.332000000000000455e+02	1.266400000000000026e-01	nan	5.900000000000000000e+02	4.768450046799443953e-02	9.464464351356996138e-03	1.102658902391676944e-02	1.249615983923559348e+01	1.582226419908274506e+00	nan
nan	6.873999999999999773e+02	1.374799999999999911e-01	nan	6.000000000000000000e+02	4.905779391717714905e-02	9.521629610924736350e-03	1.098891558809870876e-02	1.282270456827735039e+01	1.766934217356040504e+00	nan
nan	7.252000000000000455e+02	1.450400000000000023e-01	nan	6.100000000000000000e+02	5.230403687723992473e-02	1.016574113543697831e-02	1.053326051705474366e-02	1.169216492721499989e+01	1.693489001453430731e+00	nan
nan	7.577999999999999545e+02	1.515600000000000003e-01	nan	6.200000000000000000e+02	5.431114259208698336e-02	9.286361113844584722e-03	1.111404379129743263e-02	1.150255747921592686e+01	1.747933076197014213e+00	nan
nan	8.277999999999999545e+02	1.655600000000000127e-01	nan	6.300000000000000000e+02	5.353340641281647411e-02	1.002409448340769657e-02	1.083121496038586852e-02	1.184349148253463468e+01	1.959512397086533131e+00	nan
nan	8.187999999999999545e+02	1.637599999999999889e-01	nan	6.400000000000000000e+02	5.542469593128771660e-02	9.113725235462596941e-03	1.055225061699404526e-02	1.178102262503664477e+01	1.930524915076854198e+00	nan
nan	8.817999999999999545e+02	1.763600000000000168e-01	nan	6.500000000000000000e+02	5.803508207586673823e-02	9.518569624138842333e-03	1.098495632751511630e-02	1.137480029991729147e+01	2.001680676837970019e+00	nan
nan	8.980000000000000000e+02	1.796000000000000096e-01	nan	6.600000000000000000e+02	5.710114009275457647e-02	1.026487382326848538e-02	1.057518486107013322e-02	1.173637537514354889e+01	2.099805384830849331e+00	nan
nan	9.326000000000000227e+02	1.865199999999999636e-01	nan	6.700000000000000000e+02	5.707399895641174226e-02	9.435986941816517509e-03	1.105880749746185158e-02	1.180713827644521174e+01	2.202570746758985010e+00	nan
nan	9.477999999999999545e+02	1.895600000000000063e-01	nan	6.800000000000000000e+02	6.242236414959734248e-02	1.030875067528652309e-02	1.117559302298371665e-02	1.096733214090477659e+01	2.078691158023166174e+00	nan
nan	9.907999999999999545e+02	1.981600000000000306e-01	nan	6.900000000000000000e+02	5.825693722817959497e-02	1.097708080609997687e-02	1.098878368580210284e-02	1.193014785316052340e+01	2.366825940634091019e+00	nan
nan	1.026599999999999909e+03	2.053200000000000025e-01	nan	7.000000000000000000e+02	6.054161713338999246e-02	9.473269515660659446e-03	1.107291116824905657e-02	1.161159186571224566e+01	2.387281339869178343e+00	nan
nan	1.008000000000000000e+03	2.016000000000000014e-01	nan	7.100000000000000000e+02	7.319358010281576399e-02	1.035378140443048156e-02	1.090685666497123382e-02	9.713415182138076531e+00	1.958301888394615720e+00	nan
nan	1.030400000000000091e+03	2.060799999999999854e-01	nan	7.200000000000000000e+02	6.977978540344338676e-02	9.550684574921501288e-03	1.137286936257598906e-02	1.037810615906329481e+01	2.141677239714425696e+00	nan
nan	1.093400000000000091e+03	2.186799999999999855e-01	nan	7.300000000000000000e+02	6.780526868444666788e-02	1.085450999106853283e-02	1.110713024314641598e-02	1.083164064428977369e+01	2.361591691171917251e+00	nan
nan	1.125200000000000045e+03	2.250399999999999900e-01	nan	7.400000000000000000e+02	7.288935438023144697e-02	1.037548555993942495e-02	1.133221052069496339e-02	1.017693874837046941e+01	2.291449004223054864e+00	nan
nan	1.140599999999999909e+03	2.281200000000000172e-01	nan	7.500000000000000000e+02	6.957261000923153915e-02	9.757551595132221006e-03	1.100107045193641012e-02	1.078856637983077249e+01	2.461500694147388035e+00	nan
nan	1.209000000000000000e+03	2.418000000000000149e-01	nan	7.600000000000000000e+02	7.641558307500417868e-02	9.501967666383162245e-03	1.126084744181283029e-02	1.004032270827575601e+01	2.425422110790028007e+00	nan
nan	1.216599999999999909e+03	2.433200000000000363e-01	nan	7.700000000000000000e+02	7.293425521199878303e-02	9.503996494685628196e-03	1.132996814971887027e-02	1.059288494346365184e+01	2.576638907959807323e+00	nan
nan	1.217599999999999909e+03	2.435200000000000142e-01	nan	7.800000000000000000e+02	7.636419294283314230e-02	9.382666742865249793e-03	1.131140022529056322e-02	1.025339755865984159e+01	2.495749427923849684e+00	nan
nan	1.268200000000000045e+03	2.536400000000000321e-01	nan	7.900000000000000000e+02	7.636530167712862749e-02	9.891856293601961406e-03	1.118600680603650151e-02	1.039484034746974928e+01	2.635660033823622683e+00	nan
nan	1.308799999999999955e+03	2.617599999999999927e-01	nan	8.000000000000000000e+02	7.903861460686130436e-02	1.017085831953549492e-02	1.103956224350726746e-02	1.015285455350813493e+01	2.656403255443995359e+00	nan
nan	1.319599999999999909e+03	2.639199999999999879e-01	nan	8.100000000000000000e+02	8.264212163558112834e-02	9.856680032255139140e-03	1.114277641122545827e-02	9.861463932841450841e+00	2.600564647785005512e+00	nan
nan	1.342200000000000045e+03	2.684399999999999564e-01	nan	8.200000000000000000e+02	8.705202161393117699e-02	9.805554695944521809e-03	1.132178925122143825e-02	9.479440671541855323e+00	2.547288716706180178e+00	nan
nan	1.372400000000000091e+03	2.744799999999999462e-01	nan	8.300000000000000000e+02	8.052862443407775295e-02	1.063313528359758134e-02	1.111910557234960760e-02	1.045102540727340568e+01	2.873626968484232602e+00	nan
nan	1.376599999999999909e+03	2.753199999999999537e-01	nan	8.400000000000000000e+02	8.095720292442365462e-02	1.051273347158960050e-02	1.135341619739752526e-02	1.044714843980757202e+01	2.876754418687899051e+00	nan
nan	1.417000000000000000e+03	2.833999999999999853e-01	nan	8.500000000000000000e+02	8.529899991783622404e-02	1.017212623393803743e-02	1.068205011311721374e-02	9.996049014110738540e+00	2.833685425372469702e+00	nan
nan	1.430000000000000000e+03	2.859999999999999765e-01	nan	8.600000000000000000e+02	8.974024146955343617e-02	1.068719737658481786e-02	1.113616922878170670e-02	9.611368369541947843e+00	2.750116504382247307e+00	nan
nan	1.486000000000000000e+03	2.972000000000000197e-01	nan	8.700000000000000000e+02	8.764198929550275075e-02	1.074202334352312993e-02	1.114929636682737008e-02	9.959143095239028298e+00	2.962057030233382626e+00	nan
nan	1.506400000000000091e+03	3.012800000000000478e-01	nan	8.800000000000000000e+02	9.170856357525281055e-02	1.005478523677485504e-02	1.144698913989617220e-02	9.596492250807495239e+00	2.891081805533436633e+00	nan
nan	1.545599999999999909e+03	3.091200000000000059e-01	nan	8.900000000000000000e+02	9.844669017425075608e-02	1.000941810089326332e-02	1.122388936082430698e-02	9.142268316971541964e+00	2.830680302682246907e+00	nan
nan	1.565400000000000091e+03	3.130799999999999694e-01	nan	9.000000000000000000e+02	9.185567171775801953e-02	1.030512688007685987e-02	1.108037360236408669e-02	9.888142601477877491e+00	3.090071778042344341e+00	nan
nan	1.598200000000000045e+03	3.196399999999999797e-01	nan	9.100000000000000000e+02	8.952120868129895270e-02	9.926816956537701242e-03	1.108568273230990144e-02	1.023344609457133991e+01	3.272150488976772298e+00	nan
nan	1.660400000000000091e+03	3.320800000000000418e-01	nan	9.200000000000000000e+02	8.788005456167410911e-02	1.001534556810580387e-02	1.115388302929243812e-02	1.055201941697199075e+01	3.499999765445043209e+00	nan
nan	1.650200000000000045e+03	3.300400000000000000e-01	nan	9.300000000000000000e+02	1.002798046318503083e-01	1.009457621773014735e-02	1.118552760349159937e-02	9.315254814219454005e+00	3.070540980795051222e+00	nan
nan	1.679400000000000091e+03	3.358800000000000674e-01	nan	9.400000000000000000e+02	1.006774094540105607e-01	1.026086027452899688e-02	1.136618159681085198e-02	9.402412425456754264e+00	3.157985329535152985e+00	nan
nan	1.704200000000000045e+03	3.408400000000000318e-01	nan	9.500000000000000000e+02	9.498225249394635916e-02	9.505686927724384463e-03	1.100924642092231988e-02	1.003045808384658244e+01	3.419526363093417842e+00	nan
nan	1.763599999999999909e+03	3.527200000000000335e-01	nan	9.600000000000000000e+02	1.006909887679739712e-01	9.492923599368751145e-03	1.128123619546197304e-02	9.587153563071092677e+00	3.383352488267785674e+00	nan
nan	1.806400000000000091e+03	3.612799999999999900e-01	nan	9.700000000000000000e+02	1.072110240673282561e-01	9.912991670884949494e-03	1.134575650378447965e-02	9.062166522957660675e+00	3.274677438719068245e+00	nan
nan	1.808200000000000045e+03	3.616400000000000725e-01	nan	9.800000000000000000e+02	1.022778456978357953e-01	1.050708459833479130e-02	1.124340448606791359e-02	9.654723481721106282e+00	3.488114886567642792e+00	nan
nan	1.812799999999999955e+03	3.625599999999999934e-01	nan	9.900000000000000000e+02	1.122109509323308829e-01	1.026850473301638492e-02	1.136353513421818270e-02	8.850849075619553474e+00	3.206417226047714397e+00	nan
nan	1.850799999999999955e+03	3.701599999999999890e-01	nan	1.000000000000000000e+03	1.102908949603943201e-01	1.067373580100663619e-02	1.122298515266514918e-02	9.089706115710949774e+00	3.366822038991833299e+00	nan
nan	1.882799999999999955e+03	3.765600000000000613e-01	nan	1.010000000000000000e+03	1.066089852583672892e-01	1.022677710983053989e-02	1.130150525667684633e-02	9.591806634295101830e+00	3.615137797462634417e+00	nan
nan	1.922400000000000091e+03	3.844800000000000439e-01	nan	1.020000000000000000e+03	1.165236231584003690e-01	1.021553736999033374e-02	1.112538886202120783e-02	8.809126288524586457e+00	3.388973842208741871e+00	nan
nan	1.957599999999999909e+03	3.915199999999999791e-01	nan	1.030000000000000000e+03	1.162364443026945027e-01	1.079228423207911902e-02	1.134739270751673398e-02	8.911426168528389979e+00	3.486012940718887787e+00	nan
nan	1.956000000000000000e+03	3.912000000000000477e-01	nan	1.040000000000000000e+03	1.147392435822894158e-01	1.087924794804478491e-02	1.150389695644113766e-02	9.083657577510539483e+00	3.554435453075092788e+00	nan
nan	1.977000000000000000e+03	3.954000000000000847e-01	nan	1.050000000000000000e+03	1.140805450339030386e-01	1.028123199648211736e-02	1.116951120823997910e-02	9.240536199350993130e+00	3.653020255911817227e+00	nan
nan	1.999200000000000045e+03	3.998400000000000287e-01	nan	1.060000000000000000e+03	1.207401121098428121e-01	1.066585110612914764e-02	1.117463383912826666e-02	8.935241216136304843e+00	3.578335106413592204e+00	nan
nan	2.014000000000000000e+03	4.027999999999999359e-01	nan	1.070000000000000000e+03	1.128018931305632550e-01	1.041423187171733149e-02	1.121319853239288560e-02	9.590004982691137769e+00	3.863678236597465343e+00	nan
nan	2.099199999999999818e+03	4.198400000000000465e-01	nan	1.080000000000000000e+03	1.168764985297002512e-01	1.075397317397813225e-02	1.120205920516056941e-02	9.272021515729102603e+00	3.893802419989621288e+00	nan
nan	2.077199999999999818e+03	4.154399999999999760e-01	nan	1.090000000000000000e+03	1.218209679645951837e-01	1.004011323227226547e-02	1.168940980551939554e-02	8.992646021427278313e+00	3.742072457706213662e+00	nan
nan	2.099199999999999818e+03	4.198400000000000465e-01	nan	1.100000000000000000e+03	1.233406196894065998e-01	1.053014946485843206e-02	1.145605325082502644e-02	8.974370541207951746e+00	3.764884281071281258e+00	nan
nan	2.131199999999999818e+03	4.262400000000000633e-01	nan	1.110000000000000000e+03	1.287469356168458035e-01	1.046289034429693197e-02	1.134220469103856301e-02	8.646076101305416373e+00	3.686417470245470618e+00	nan
nan	2.130599999999999909e+03	4.261199999999999433e-01	nan	1.120000000000000000e+03	1.234941131520827240e-01	1.039612336576297043e-02	1.123834200866409040e-02	9.075057649713802022e+00	3.867228310221327181e+00	nan
nan	2.112000000000000000e+03	4.223999999999999977e-01	nan	1.130000000000000000e+03	1.272721003293554587e-01	1.079059175508326196e-02	1.158777752646818725e-02	8.943232970923277847e+00	3.781072171950817129e+00	nan
nan	2.171000000000000000e+03	4.341999999999999749e-01	nan	1.140000000000000000e+03	1.349137463226725286e-01	1.023532688844772456e-02	1.132076469228930106e-02	8.552159598146651831e+00	3.711616356292110286e+00	nan
nan	2.176800000000000182e+03	4.353600000000000247e-01	nan	1.150000000000000000e+03	1.317097030030254246e-01	1.046123501181850379e-02	1.139676037307673154e-02	8.777987130294873097e+00	3.818739340838380514e+00	nan
nan	2.180800000000000182e+03	4.361599999999999921e-01	nan	1.160000000000000000e+03	1.399540330918171149e-01	1.080171256545515469e-02	1.141274438677450376e-02	8.325815972106539675e+00	3.633284162078877166e+00	nan
nan	2.197800000000000182e+03	4.395600000000000063e-01	nan	1.170000000000000000e+03	1.374860336083202073e-01	9.989253079895461795e-03	1.140877330482819620e-02	8.566037346152498344e+00	3.765369853522810395e+00	nan
nan	2.175400000000000091e+03	4.350799999999999668e-01	nan	1.180000000000000000e+03	1.329550615622792920e-01	1.068840700975120205e-02	1.151000869611542785e-02	8.889463490250168576e+00	3.867783047703851285e+00	nan
nan	2.194599999999999909e+03	4.389199999999999768e-01	nan	1.190000000000000000e+03	1.446192247943144937e-01	1.003410859343581950e-02	1.148155138951578377e-02	8.241944282149967549e+00	3.618006360530194421e+00	nan
nan	2.233800000000000182e+03	4.467599999999999905e-01	nan	1.200000000000000000e+03	1.457653704850599696e-01	9.888355924331395860e-03	1.102232377854916665e-02	8.294255068575999701e+00	3.712682643210358346e+00	nan
nan	2.217800000000000182e+03	4.435600000000000098e-01	nan	1.210000000000000000e+03	1.506385940659129008e-01	1.039552971764681408e-02	1.133049277060716419e-02	8.078502039114573208e+00	3.584842871914966533e+00	nan
nan	2.218000000000000000e+03	4.435999999999999943e-01	nan	1.220000000000000000e+03	1.521769875086647628e-01	1.039031202572518464e-02	1.158568371716543408e-02	8.019557821708332312e+00	3.557441647584807409e+00	nan
nan	2.192400000000000091e+03	4.384800000000000364e-01	nan	1.230000000000000000e+03	1.354623506993448134e-01	9.977978866186485579e-03	1.139214429308420783e-02	9.191240329805712150e+00	4.021729543414801711e+00	nan
nan	2.193000000000000000e+03	4.385999999999999899e-01	nan	1.240000000000000000e+03	1.537954897754843786e-01	1.048675562568715351e-02	1.149329922957190164e-02	8.077687955137005105e+00	3.543417872540766123e+00	nan
nan	2.203599999999999909e+03	4.407199999999999451e-01	nan	1.250000000000000000e+03	1.606447780970938766e-01	1.009453406882690474e-02	1.166141498961659195e-02	7.783355970048303263e+00	3.430422681358166415e+00	nan
nan	2.233800000000000182e+03	4.467599999999999905e-01	nan	1.260000000000000000e+03	1.550558283201098619e-01	1.033355128673082990e-02	1.168923409139853084e-02	8.134401168878266475e+00	3.634135749539345372e+00	nan
nan	2.167199999999999818e+03	4.334399999999999364e-01	nan	1.270000000000000000e+03	1.579564493593352270e-01	9.682150740571526457e-03	1.143588490452137306e-02	8.065252795549358922e+00	3.494908188674799909e+00	nan
nan	2.194400000000000091e+03	4.388799999999999923e-01	nan	1.280000000000000000e+03	1.609332916376388367e-01	9.735130952458278739e-03	1.142183729034110772e-02	8.041228344287603136e+00	3.524839164700769523e+00	nan
nan	2.157400000000000091e+03	4.314799999999999747e-01	nan	1.290000000000000000e+03	1.651131621077183698e-01	9.632094911760381503e-03	1.143758117113584036e-02	7.829245715203294154e+00	3.376606310865115201e+00	nan
nan	2.134800000000000182e+03	4.269600000000000617e-01	nan	1.300000000000000000e+03	1.566147832385468008e-01	1.030271470575862443e-02	1.139708868321762970e-02	8.332273094744666153e+00	3.554819904032467726e+00	nan
nan	2.149599999999999909e+03	4.299199999999999688e-01	nan	1.310000000000000000e+03	1.656116098802613013e-01	9.718079771975205242e-03	1.137072986878934731e-02	7.979657229953905251e+00	3.430996214822885637e+00	nan
nan	2.118199999999999818e+03	4.236399999999999610e-01	nan	1.320000000000000000e+03	1.642370744325035159e-01	1.010708583931124900e-02	1.147300412452812411e-02	8.075658443762486982e+00	3.420811177311127604e+00	nan
nan	2.126000000000000000e+03	4.251999999999999669e-01	nan	1.330000000000000000e+03	1.675020626892546605e-01	1.062182353154254855e-02	1.143551849614922802e-02	7.984474037977022931e+00	3.390898588390307111e+00	nan
nan	2.106000000000000000e+03	4.212000000000000743e-01	nan	1.340000000000000000e+03	1.704118697305148089e-01	1.023657935527911081e-02	1.140663566069677511e-02	7.903478655305017142e+00	3.328434381136912812e+00	nan
nan	2.144599999999999909e+03	4.289199999999999124e-01	nan	1.350000000000000000e+03	1.582385430759586653e-01	9.506753635011817166e-03	1.122946094525076322e-02	8.550777096543807687e+00	3.669835224065742807e+00	nan
nan	2.091199999999999818e+03	4.182400000000000562e-01	nan	1.360000000000000000e+03	1.645235519470134022e-01	1.046438453705430226e-02	1.142745948871644324e-02	8.311787226893352809e+00	3.479296120516988111e+00	nan
nan	2.044400000000000091e+03	4.088800000000000212e-01	nan	1.370000000000000000e+03	1.649944187600340118e-01	1.035145196058899833e-02	1.134733602473293572e-02	8.414778389250139767e+00	3.448800080334174734e+00	nan
nan	2.068199999999999818e+03	4.136400000000000077e-01	nan	1.380000000000000000e+03	1.788858664594044912e-01	1.049116502470153964e-02	1.175077834749015809e-02	7.728190265976413009e+00	3.197584256460305419e+00	nan
nan	2.019400000000000091e+03	4.038800000000000168e-01	nan	1.390000000000000000e+03	1.752403800667707290e-01	1.060378641344968467e-02	1.129510151512535740e-02	7.962854277421769211e+00	3.216117140200501101e+00	nan
nan	1.970000000000000000e+03	3.940000000000000169e-01	nan	1.400000000000000000e+03	1.717928384596234537e-01	9.480912301658504793e-03	1.123372285128013646e-02	8.193217630887529523e+00	3.229382436379428789e+00	nan
nan	1.892000000000000000e+03	3.783999999999999586e-01	nan	1.410000000000000000e+03	1.818659526246847180e-01	1.013102466515264366e-02	1.149017816876756956e-02	7.766758040505296279e+00	2.938557017784968917e+00	nan
nan	1.871200000000000045e+03	3.742400000000000171e-01	nan	1.420000000000000000e+03	1.696668503499040581e-01	1.037575311001975517e-02	1.099037831231579852e-02	8.425512816877910538e+00	3.155093496351543791e+00	nan
nan	1.778799999999999955e+03	3.557600000000000207e-01	nan	1.430000000000000000e+03	1.861990652386339151e-01	1.026656477489891472e-02	1.143711666320602199e-02	7.696385577882483453e+00	2.738450336388206452e+00	nan
nan	1.724599999999999909e+03	3.449200000000000044e-01	nan	1.440000000000000000e+03	1.787519007459195675e-01	1.054160783817352683e-02	1.146669660012318917e-02	8.097651062149306966e+00	2.793349800363779334e+00	nan
nan	1.638200000000000045e+03	3.276399999999999868e-01	nan	1.450000000000000000e+03	1.866601639731015894e-01	1.010045170046905763e-02	1.103229956598640073e-02	7.910745481156142844e+00	2.593612137905052073e+00	nan
nan	1.566599999999999909e+03	3.133199999999999874e-01	nan	1.460000000000000000e+03	1.887125944718263670e-01	1.030818940795341122e-02	1.092134589962775668e-02	7.799635950934275641e+00	2.437817663582233507e+00	nan
nan	1.469200000000000045e+03	2.938399999999999901e-01	nan	1.470000000000000000e+03	1.942682805029107840e-01	1.015018981539296018e-02	1.104195482956051022e-02	7.583822087565799563e+00	2.227968378230016366e+00	nan
nan	1.319400000000000091e+03	2.638800000000000034e-01	nan	1.480000000000000000e+03	1.857818916263113407e-01	1.006291949131405718e-02	1.121049915756802684e-02	8.099562515807964047e+00	2.134904598740066106e+00	nan
nan	1.214599999999999909e+03	2.429199999999999693e-01	nan	1.490000000000000000e+03	1.896683641510207852e-01	1.002146398931879311e-02	1.111312522463906230e-02	7.908852690614025960e+00	1.920967688017963582e+00	nan
nan	1.106200000000000045e+03	2.212399999999999645e-01	nan	1.500000000000000000e+03	2.012866004694842670e-01	1.034628336011511607e-02	1.127288415379902597e-02	7.490711208883499062e+00	1.660431321398049720e+00	nan
nan	1.027799999999999955e+03	2.055600000000000205e-01	nan	1.510000000000000000e+03	1.882693085254686649e-01	9.300633413651254733e-03	1.065911198240150973e-02	8.126949460697142413e+00	1.668704550855925062e+00	nan
nan	9.022000000000000455e+02	1.804399999999999893e-01	nan	1.520000000000000000e+03	2.026034331520804588e-01	8.878593409612643012e-03	1.137608460848666368e-02	7.512071208209829543e+00	1.356298451126423110e+00	nan
nan	7.756000000000000227e+02	1.551200000000000079e-01	nan	1.530000000000000000e+03	1.915771164469788346e-01	1.023311177616205436e-02	1.086302846111345151e-02	8.024880598313014701e+00	1.245153643542536326e+00	nan
nan	6.772000000000000455e+02	1.354400000000000048e-01	nan	1.540000000000000000e+03	2.103399051758060578e-01	9.706537739341571797e-03	1.072746678802724042e-02	7.404589275559364303e+00	1.002478318380709776e+00	nan
nan	5.567999999999999545e+02	1.113599999999999868e-01	nan	1.550000000000000000e+03	1.886691929458265693e-01	8.916337217348094257e-03	1.055746130945578454e-02	8.311295816468968312e+00	9.246207445470735475e-01	nan
nan	4.818000000000000114e+02	9.636000000000000121e-02	nan	1.560000000000000000e+03	2.058333135023076577e-01	9.325348253689627262e-03	1.107515562990468889e-02	7.792494323401832901e+00	7.506739034145185618e-01	nan
nan	3.901999999999999886e+02	7.803999999999998438e-02	nan	1.570000000000000000e+03	2.001527925017398957e-01	1.069557092624429974e-02	1.030950918012908842e-02	8.071371952218433066e+00	6.339599492600922481e-01	nan
nan	3.361999999999999886e+02	6.723999999999999422e-02	nan	1.580000000000000000e+03	2.130778631798875833e-01	9.184015930556876581e-03	1.028692071163624794e-02	7.772392881598290337e+00	5.259004672034833794e-01	nan
nan	2.610000000000000000e+02	5.220000000000000334e-02	nan	1.590000000000000000e+03	2.141799233713754802e-01	9.099983439713266523e-03	9.714491697546099452e-03	7.498320436611055406e+00	3.927226611528186195e-01	nan
nan	2.028000000000000114e+02	4.055999999999999883e-02	nan	1.600000000000000000e+03	2.168405984898981731e-01	8.640545016941057407e-03	9.647510105411169143e-03	7.457992612403097965e+00	3.022346623609181160e-01	nan
nan	1.710000000000000000e+02	3.419999999999999429e-02	nan	1.610000000000000000e+03	2.239792142161604604e-01	8.151949781536703757e-03	1.005152208644357649e-02	7.251044266826468743e+00	2.478646922033476141e-01	nan
nan	1.262000000000000028e+02	2.524000000000000202e-02	nan	1.620000000000000000e+03	2.108913038304308374e-01	1.067788527104536825e-02	9.681285855502562432e-03	7.946450255418112008e+00	2.005507231095580711e-01	nan
nan	1.045999999999999943e+02	2.091999999999999763e-02	nan	1.630000000000000000e+03	1.987530124998637127e-01	9.676569215235061860e-03	8.303152000368282937e-03	8.632753102958979241e+00	1.813087556757733143e-01	nan
nan	7.759999999999999432e+01	1.552000000000000081e-02	nan	1.640000000000000000e+03	2.340161515865798736e-01	1.169844978229689705e-02	8.592661785600873986e-03	7.059085150943515075e+00	1.099059524258756693e-01	nan
nan	5.300000000000000000e+01	1.060000000000000005e-02	nan	1.650000000000000000e+03	2.311337692220687967e-01	1.210179465761756709e-02	8.158129169682382803e-03	7.167237737402866848e+00	7.627065082626846571e-02	nan
nan	4.139999999999999858e+01	8.279999999999999166e-03	nan	1.660000000000000000e+03	2.498233863019241885e-01	1.197972389303653823e-02	8.318756453106725818e-03	6.668388523489222841e+00	5.554269135596608814e-02	nan
nan	2.660000000000000142e+01	5.320000000000000076e-03	nan	1.670000000000000000e+03	2.399345286740313665e-01	1.104954677445869719e-02	8.193070488105278631e-03	7.118703600253598829e+00	3.734835009734168570e-02	nan
nan	1.960000000000000142e+01	3.919999999999999873e-03	nan	1.680000000000000000e+03	2.431203066684290426e-01	1.138577913349673662e-02	7.876081428633148127e-03	6.987888314872572337e+00	2.638826519078438237e-02	nan
nan	1.280000000000000071e+01	2.559999999999999776e-03	nan	1.690000000000000000e+03	2.388541204466974599e-01	1.017963101903252704e-02	7.877681066388239617e-03	7.387264299110571031e+00	1.789555923381194041e-02	nan
nan	1.059999999999999964e+01	2.120000000000000356e-03	nan	1.700000000000000000e+03	2.467186923566270784e-01	1.081829727939023246e-02	8.778125054480157702e-03	7.179871472903921692e+00	1.506219713117446998e-02	nan
nan	7.200000000000000178e+00	1.440000000000000091e-03	nan	1.710000000000000000e+03	2.139016201314919707e-01	1.030377968355018423e-02	6.606840725853965583e-03	8.416142269570835666e+00	1.172669326168104820e-02	nan
nan	4.599999999999999645e+00	9.200000000000000278e-04	nan	1.720000000000000000e+03	1.931473753570063512e-01	8.723003694609442887e-03	7.430691764244311617e-03	1.107195589662119595e+01	9.125934232922834274e-03	nan
nan	2.600000000000000089e+00	5.199999999999999544e-04	nan	1.730000000000000000e+03	1.489806232594240443e-01	8.984903927684698838e-03	6.604588154626825011e-03	1.492032144705987662e+01	6.983353401640424347e-03	nan
nan	2.000000000000000000e+00	4.000000000000000192e-04	nan	1.740000000000000000e+03	1.501244511328040654e-01	5.491974649113687441e-03	5.397928247029125208e-03	4.597100860414586876e+00	3.414871396281748180e-03	nan
nan	nan	nan	nan	1.750000000000000000e+03	nan	nan	nan	nan	nan	nan
nan	nan	nan	nan	1.760000000000000000e+03	nan	nan	nan	nan	nan	nan
nan	nan	nan	nan	1.770000000000000000e+03	nan	nan	nan	nan	nan	nan
nan	0.000000000000000000e+00	0.000000000000000000e+00	0.000000000000000000e+00	1.780000000000000000e+03	0.000000000000000000e+00	0.000000000000000000e+00	0.000000000000000000e+00	0.000000000000000000e+00	0.000000000000000000e+00	0.000000000000000000e+00
nan	nan	nan	nan	1.790000000000000000e+03	nan	nan	nan	nan	nan	nan
nan	0.000000000000000000e+00	0.000000000000000000e+00	0.000000000000000000e+00	1.800000000000000000e+03	0.000000000000000000e+00	0.000000000000000000e+00	0.000000000000000000e+00	0.000000000000000000e+00	0.000000000000000000e+00	0.000000000000000000e+00
nan	0.000000000000000000e+00	0.000000000000000000e+00	0.000000000000000000e+00	1.810000000000000000e+03	0.000000000000000000e+00	0.000000000000000000e+00	0.000000000000000000e+00	0.000000000000000000e+00	0.000000000000000000e+00	0.000000000000000000e+00
nan	nan	nan	nan	1.820000000000000000e+03	nan	nan	nan	nan	nan	nan
nan	0.000000000000000000e+00	0.000000000000000000e+00	0.000000000000000000e+00	1.830000000000000000e+03	0.000000000000000000e+00	0.000000000000000000e+00	0.000000000000000000e+00	0.000000000000000000e+00	0.000000000000000000e+00	0.000000000000000000e+00
nan	0.000000000000000000e+00	0.000000000000000000e+00	0.000000000000000000e+00	1.840000000000000000e+03	0.000000000000000000e+00	0.000000000000000000e+00	0.000000000000000000e+00	0.000000000000000000e+00	0.000000000000000000e+00	0.000000000000000000e+00
nan	0.000000000000000000e+00	0.000000000000000000e+00	0.000000000000000000e+00	1.850000000000000000e+03	0.000000000000000000e+00	0.000000000000000000e+00	0.000000000000000000e+00	0.000000000000000000e+00	0.000000000000000000e+00	0.000000000000000000e+00
nan	0.000000000000000000e+00	0.000000000000000000e+00	0.000000000000000000e+00	1.860000000000000000e+03	0.000000000000000000e+00	0.000000000000000000e+00	0.000000000000000000e+00	0.000000000000000000e+00	0.000000000000000000e+00	0.000000000000000000e+00
nan	0.000000000000000000e+00	0.000000000000000000e+00	0.000000000000000000e+00	1.870000000000000000e+03	0.000000000000000000e+00	0.000000000000000000e+00	0.000000000000000000e+00	0.000000000000000000e+00	0.000000000000000000e+00	0.000000000000000000e+00
nan	0.000000000000000000e+00	0.000000000000000000e+00	0.000000000000000000e+00	1.880000000000000000e+03	0.000000000000000000e+00	0.000000000000000000e+00	0.000000000000000000e+00	0.000000000000000000e+00	0.000000000000000000e+00	0.000000000000000000e+00
nan	0.000000000000000000e+00	0.000000000000000000e+00	0.000000000000000000e+00	1.890000000000000000e+03	0.000000000000000000e+00	0.000000000000000000e+00	0.000000000000000000e+00	0.000000000000000000e+00	0.000000000000000000e+00	0.000000000000000000e+00
nan	0.000000000000000000e+00	0.000000000000000000e+00	0.000000000000000000e+00	1.900000000000000000e+03	0.000000000000000000e+00	0.000000000000000000e+00	0.000000000000000000e+00	0.000000000000000000e+00	0.000000000000000000e+00	0.000000000000000000e+00
nan	0.000000000000000000e+00	0.000000000000000000e+00	0.000000000000000000e+00	1.910000000000000000e+03	0.000000000000000000e+00	0.000000000000000000e+00	0.000000000000000000e+00	0.000000000000000000e+00	0.000000000000000000e+00	0.000000000000000000e+00
nan	0.000000000000000000e+00	0.000000000000000000e+00	0.000000000000000000e+00	1.920000000000000000e+03	0.000000000000000000e+00	0.000000000000000000e+00	0.000000000000000000e+00	0.000000000000000000e+00	0.000000000000000000e+00	0.000000000000000000e+00
nan	0.000000000000000000e+00	0.000000000000000000e+00	0.000000000000000000e+00	1.930000000000000000e+03	0.000000000000000000e+00	0.000000000000000000e+00	0.000000000000000000e+00	0.000000000000000000e+00	0.000000000000000000e+00	0.000000000000000000e+00
nan	0.000000000000000000e+00	0.000000000000000000e+00	0.000000000000000000e+00	1.940000000000000000e+03	0.000000000000000000e+00	0.000000000000000000e+00	0.000000000000000000e+00	0.000000000000000000e+00	0.000000000000000000e+00	0.000000000000000000e+00
nan	0.000000000000000000e+00	0.000000000000000000e+00	0.000000000000000000e+00	1.950000000000000000e+03	0.000000000000000000e+00	0.000000000000000000e+00	0.000000000000000000e+00	0.000000000000000000e+00	0.000000000000000000e+00	0.000000000000000000e+00
nan	0.000000000000000000e+00	0.000000000000000000e+00	0.000000000000000000e+00	1.960000000000000000e+03	0.000000000000000000e+00	0.000000000000000000e+00	0.000000000000000000e+00	0.000000000000000000e+00	0.000000000000000000e+00	0.000000000000000000e+00
nan	0.000000000000000000e+00	0.000000000000000000e+00	0.000000000000000000e+00	1.970000000000000000e+03	0.000000000000000000e+00	0.000000000000000000e+00	0.000000000000000000e+00	0.000000000000000000e+00	0.000000000000000000e+00	0.000000000000000000e+00
nan	0.000000000000000000e+00	0.000000000000000000e+00	0.000000000000000000e+00	1.980000000000000000e+03	0.000000000000000000e+00	0.000000000000000000e+00	0.000000000000000000e+00	0.000000000000000000e+00	0.000000000000000000e+00	0.000000000000000000e+00
nan	0.000000000000000000e+00	0.000000000000000000e+00	0.000000000000000000e+00	1.990000000000000000e+03	0.000000000000000000e+00	0.000000000000000000e+00	0.000000000000000000e+00	0.000000000000000000e+00	0.000000000000000000e+00	0.000000000000000000e+00
nan	0.000000000000000000e+00	0.000000000000000000e+00	0.000000000000000000e+00	2.000000000000000000e+03	0.000000000000000000e+00	0.000000000000000000e+00	0.000000000000000000e+00	0.000000000000000000e+00	0.000000000000000000e+00	0.000000000000000000e+00
nan	0.000000000000000000e+00	0.000000000000000000e+00	0.000000000000000000e+00	2.010000000000000000e+03	0.000000000000000000e+00	0.000000000000000000e+00	0.000000000000000000e+00	0.000000000000000000e+00	0.000000000000000000e+00	0.000000000000000000e+00
nan	0.000000000000000000e+00	0.000000000000000000e+00	0.000000000000000000e+00	2.020000000000000000e+03	0.000000000000000000e+00	0.000000000000000000e+00	0.000000000000000000e+00	0.000000000000000000e+00	0.000000000000000000e+00	0.000000000000000000e+00
nan	0.000000000000000000e+00	0.000000000000000000e+00	0.000000000000000000e+00	2.030000000000000000e+03	0.000000000000000000e+00	0.000000000000000000e+00	0.000000000000000000e+00	0.000000000000000000e+00	0.000000000000000000e+00	0.000000000000000000e+00
nan	0.000000000000000000e+00	0.000000000000000000e+00	0.000000000000000000e+00	2.040000000000000000e+03	0.000000000000000000e+00	0.000000000000000000e+00	0.000000000000000000e+00	0.000000000000000000e+00	0.000000000000000000e+00	0.000000000000000000e+00
nan	0.000000000000000000e+00	0.000000000000000000e+00	0.000000000000000000e+00	2.050000000000000000e+03	0.000000000000000000e+00	0.000000000000000000e+00	0.000000000000000000e+00	0.000000000000000000e+00	0.000000000000000000e+00	0.000000000000000000e+00
nan	0.000000000000000000e+00	0.000000000000000000e+00	0.000000000000000000e+00	2.060000000000000000e+03	0.000000000000000000e+00	0.000000000000000000e+00	0.000000000000000000e+00	0.000000000000000000e+00	0.000000000000000000e+00	0.000000000000000000e+00
nan	0.000000000000000000e+00	0.000000000000000000e+00	0.000000000000000000e+00	2.070000000000000000e+03	0.000000000000000000e+00	0.000000000000000000e+00	0.000000000000000000e+00	0.000000000000000000e+00	0.000000000000000000e+00	0.000000000000000000e+00
nan	0.000000000000000000e+00	0.000000000000000000e+00	0.000000000000000000e+00	2.080000000000000000e+03	0.000000000000000000e+00	0.000000000000000000e+00	0.000000000000000000e+00	0.000000000000000000e+00	0.000000000000000000e+00	0.000000000000000000e+00
nan	0.000000000000000000e+00	0.000000000000000000e+00	0.000000000000000000e+00	2.090000000000000000e+03	0.000000000000000000e+00	0.000000000000000000e+00	0.000000000000000000e+00	0.000000000000000000e+00	0.000000000000000000e+00	0.000000000000000000e+00
nan	0.000000000000000000e+00	0.000000000000000000e+00	0.000000000000000000e+00	2.100000000000000000e+03	0.000000000000000000e+00	0.000000000000000000e+00	0.000000000000000000e+00	0.000000000000000000e+00	0.000000000000000000e+00	0.000000000000000000e+00
nan	0.000000000000000000e+00	0.000000000000000000e+00	0.000000000000000000e+00	2.110000000000000000e+03	0.000000000000000000e+00	0.000000000000000000e+00	0.000000000000000000e+00	0.000000000000000000e+00	0.000000000000000000e+00	0.000000000000000000e+00
nan	0.000000000000000000e+00	0.000000000000000000e+00	0.000000000000000000e+00	2.120000000000000000e+03	0.000000000000000000e+00	0.000000000000000000e+00	0.000000000000000000e+00	0.000000000000000000e+00	0.000000000000000000e+00	0.000000000000000000e+00
nan	0.000000000000000000e+00	0.000000000000000000e+00	0.000000000000000000e+00	2.130000000000000000e+03	0.000000000000000000e+00	0.000000000000000000e+00	0.000000000000000000e+00	0.000000000000000000e+00	0.000000000000000000e+00	0.000000000000000000e+00
nan	0.000000000000000000e+00	0.000000000000000000e+00	0.000000000000000000e+00	2.140000000000000000e+03	0.000000000000000000e+00	0.000000000000000000e+00	0.000000000000000000e+00	0.000000000000000000e+00	0.000000000000000000e+00	0.000000000000000000e+00
nan	0.000000000000000000e+00	0.000000000000000000e+00	0.000000000000000000e+00	2.150000000000000000e+03	0.000000000000000000e+00	0.000000000000000000e+00	0.000000000000000000e+00	0.000000000000000000e+00	0.000000000000000000e+00	0.000000000000000000e+00
nan	0.000000000000000000e+00	0.000000000000000000e+00	0.000000000000000000e+00	2.160000000000000000e+03	0.000000000000000000e+00	0.000000000000000000e+00	0.000000000000000000e+00	0.000000000000000000e+00	0.000000000000000000e+00	0.000000000000000000e+00
nan	0.000000000000000000e+00	0.000000000000000000e+00	0.000000000000000000e+00	2.170000000000000000e+03	0.000000000000000000e+00	0.000000000000000000e+00	0.000000000000000000e+00	0.000000000000000000e+00	0.000000000000000000e+00	0.000000000000000000e+00
nan	0.000000000000000000e+00	0.000000000000000000e+00	0.000000000000000000e+00	2.180000000000000000e+03	0.000000000000000000e+00	0.000000000000000000e+00	0.000000000000000000e+00	0.000000000000000000e+00	0.000000000000000000e+00	0.000000000000000000e+00
nan	0.000000000000000000e+00	0.000000000000000000e+00	0.000000000000000000e+00	2.190000000000000000e+03	0.000000000000000000e+00	0.000000000000000000e+00	0.000000000000000000e+00	0.000000000000000000e+00	0.000000000000000000e+00	0.000000000000000000e+00
nan	0.000000000000000000e+00	0.000000000000000000e+00	0.000000000000000000e+00	2.200000000000000000e+03	0.000000000000000000e+00	0.000000000000000000e+00	0.000000000000000000e+00	0.000000000000000000e+00	0.000000000000000000e+00	0.000000000000000000e+00
nan	0.000000000000000000e+00	0.000000000000000000e+00	0.000000000000000000e+00	2.210000000000000000e+03	0.000000000000000000e+00	0.000000000000000000e+00	0.000000000000000000e+00	0.000000000000000000e+00	0.000000000000000000e+00	0.000000000000000000e+00
nan	0.000000000000000000e+00	0.000000000000000000e+00	0.000000000000000000e+00	2.220000000000000000e+03	0.000000000000000000e+00	0.000000000000000000e+00	0.000000000000000000e+00	0.000000000000000000e+00	0.000000000000000000e+00	0.000000000000000000e+00
nan	0.000000000000000000e+00	0.000000000000000000e+00	0.000000000000000000e+00	2.230000000000000000e+03	0.000000000000000000e+00	0.000000000000000000e+00	0.000000000000000000e+00	0.000000000000000000e+00	0.000000000000000000e+00	0.000000000000000000e+00
nan	0.000000000000000000e+00	0.000000000000000000e+00	0.000000000000000000e+00	2.240000000000000000e+03	0.000000000000000000e+00	0.000000000000000000e+00	0.000000000000000000e+00	0.000000000000000000e+00	0.000000000000000000e+00	0.000000000000000000e+00
nan	0.000000000000000000e+00	0.000000000000000000e+00	0.000000000000000000e+00	2.250000000000000000e+03	0.000000000000000000e+00	0.000000000000000000e+00	0.000000000000000000e+00	0.000000000000000000e+00	0.000000000000000000e+00	0.000000000000000000e+00
nan	0.000000000000000000e+00	0.000000000000000000e+00	0.000000000000000000e+00	2.260000000000000000e+03	0.000000000000000000e+00	0.000000000000000000e+00	0.000000000000000000e+00	0.000000000000000000e+00	0.000000000000000000e+00	0.000000000000000000e+00
nan	0.000000000000000000e+00	0.000000000000000000e+00	0.000000000000000000e+00	2.270000000000000000e+03	0.000000000000000000e+00	0.000000000000000000e+00	0.000000000000000000e+00	0.000000000000000000e+00	0.000000000000000000e+00	0.000000000000000000e+00
nan	0.000000000000000000e+00	0.000000000000000000e+00	0.000000000000000000e+00	2.280000000000000000e+03	0.000000000000000000e+00	0.000000000000000000e+00	0.000000000000000000e+00	0.000000000000000000e+00	0.000000000000000000e+00	0.000000000000000000e+00
nan	0.000000000000000000e+00	0.000000000000000000e+00	0.000000000000000000e+00	2.290000000000000000e+03	0.000000000000000000e+00	0.000000000000000000e+00	0.000000000000000000e+00	0.000000000000000000e+00	0.000000000000000000e+00	0.000000000000000000e+00
nan	0.000000000000000000e+00	0.000000000000000000e+00	0.000000000000000000e+00	2.300000000000000000e+03	0.000000000000000000e+00	0.000000000000000000e+00	0.000000000000000000e+00	0.000000000000000000e+00	0.000000000000000000e+00	0.000000000000000000e+00
nan	0.000000000000000000e+00	0.000000000000000000e+00	0.000000000000000000e+00	2.310000000000000000e+03	0.000000000000000000e+00	0.000000000000000000e+00	0.000000000000000000e+00	0.000000000000000000e+00	0.000000000000000000e+00	0.000000000000000000e+00
nan	0.000000000000000000e+00	0.000000000000000000e+00	0.000000000000000000e+00	2.320000000000000000e+03	0.000000000000000000e+00	0.000000000000000000e+00	0.000000000000000000e+00	0.000000000000000000e+00	0.000000000000000000e+00	0.000000000000000000e+00
nan	0.000000000000000000e+00	0.000000000000000000e+00	0.000000000000000000e+00	2.330000000000000000e+03	0.000000000000000000e+00	0.000000000000000000e+00	0.000000000000000000e+00	0.000000000000000000e+00	0.000000000000000000e+00	0.000000000000000000e+00
nan	0.000000000000000000e+00	0.000000000000000000e+00	0.000000000000000000e+00	2.340000000000000000e+03	0.000000000000000000e+00	0.000000000000000000e+00	0.000000000000000000e+00	0.000000000000000000e+00	0.000000000000000000e+00	0.000000000000000000e+00
nan	0.000000000000000000e+00	0.000000000000000000e+00	0.000000000000000000e+00	2.350000000000000000e+03	0.000000000000000000e+00	0.000000000000000000e+00	0.000000000000000000e+00	0.000000000000000000e+00	0.000000000000000000e+00	0.000000000000000000e+00
nan	0.000000000000000000e+00	0.000000000000000000e+00	0.000000000000000000e+00	2.360000000000000000e+03	0.000000000000000000e+00	0.000000000000000000e+00	0.000000000000000000e+00	0.000000000000000000e+00	0.000000000000000000e+00	0.000000000000000000e+00
nan	0.000000000000000000e+00	0.000000000000000000e+00	0.000000000000000000e+00	2.370000000000000000e+03	0.000000000000000000e+00	0.000000000000000000e+00	0.000000000000000000e+00	0.000000000000000000e+00	0.000000000000000000e+00	0.000000000000000000e+00
nan	0.000000000000000000e+00	0.000000000000000000e+00	0.000000000000000000e+00	2.380000000000000000e+03	0.000000000000000000e+00	0.000000000000000000e+00	0.000000000000000000e+00	0.000000000000000000e+00	0.000000000000000000e+00	0.000000000000000000e+00
nan	0.000000000000000000e+00	0.000000000000000000e+00	0.000000000000000000e+00	2.390000000000000000e+03	0.000000000000000000e+00	0.000000000000000000e+00	0.000000000000000000e+00	0.000000000000000000e+00	0.000000000000000000e+00	0.000000000000000000e+00
nan	0.000000000000000000e+00	0.000000000000000000e+00	0.000000000000000000e+00	2.400000000000000000e+03	0.000000000000000000e+00	0.000000000000000000e+00	0.000000000000000000e+00	0.000000000000000000e+00	0.000000000000000000e+00	0.000000000000000000e+00
nan	0.000000000000000000e+00	0.000000000000000000e+00	0.000000000000000000e+00	2.410000000000000000e+03	0.000000000000000000e+00	0.000000000000000000e+00	0.000000000000000000e+00	0.000000000000000000e+00	0.000000000000000000e+00	0.000000000000000000e+00
nan	0.000000000000000000e+00	0.000000000000000000e+00	0.000000000000000000e+00	2.420000000000000000e+03	0.000000000000000000e+00	0.000000000000000000e+00	0.000000000000000000e+00	0.000000000000000000e+00	0.000000000000000000e+00	0.000000000000000000e+00
nan	0.000000000000000000e+00	0.000000000000000000e+00	0.000000000000000000e+00	2.430000000000000000e+03	0.000000000000000000e+00	0.000000000000000000e+00	0.000000000000000000e+00	0.000000000000000000e+00	0.000000000000000000e+00	0.000000000000000000e+00
nan	0.000000000000000000e+00	0.000000000000000000e+00	0.000000000000000000e+00	2.440000000000000000e+03	0.000000000000000000e+00	0.000000000000000000e+00	0.000000000000000000e+00	0.000000000000000000e+00	0.000000000000000000e+00	0.000000000000000000e+00
nan	0.000000000000000000e+00	0.000000000000000000e+00	0.000000000000000000e+00	2.450000000000000000e+03	0.000000000000000000e+00	0.000000000000000000e+00	0.000000000000000000e+00	0.000000000000000000e+00	0.000000000000000000e+00	0.000000000000000000e+00
nan	0.000000000000000000e+00	0.000000000000000000e+00	0.000000000000000000e+00	2.460000000000000000e+03	0.000000000000000000e+00	0.000000000000000000e+00	0.000000000000000000e+00	0.000000000000000000e+00	0.000000000000000000e+00	0.000000000000000000e+00
nan	0.000000000000000000e+00	0.000000000000000000e+00	0.000000000000000000e+00	2.470000000000000000e+03	0.000000000000000000e+00	0.000000000000000000e+00	0.000000000000000000e+00	0.000000000000000000e+00	0.000000000000000000e+00	0.000000000000000000e+00
nan	0.000000000000000000e+00	0.000000000000000000e+00	0.000000000000000000e+00	2.480000000000000000e+03	0.000000000000000000e+00	0.000000000000000000e+00	0.000000000000000000e+00	0.000000000000000000e+00	0.000000000000000000e+00	0.000000000000000000e+00
nan	0.000000000000000000e+00	0.000000000000000000e+00	0.000000000000000000e+00	2.490000000000000000e+03	0.000000000000000000e+00	0.000000000000000000e+00	0.000000000000000000e+00	0.000000000000000000e+00	0.000000000000000000e+00	0.000000000000000000e+00
nan	0.000000000000000000e+00	0.000000000000000000e+00	0.000000000000000000e+00	2.500000000000000000e+03	0.000000000000000000e+00	0.000000000000000000e+00	0.000000000000000000e+00	0.000000000000000000e+00	0.000000000000000000e+00	0.000000000000000000e+00
nan	0.000000000000000000e+00	0.000000000000000000e+00	0.000000000000000000e+00	2.510000000000000000e+03	0.000000000000000000e+00	0.000000000000000000e+00	0.000000000000000000e+00	0.000000000000000000e+00	0.000000000000000000e+00	0.000000000000000000e+00
nan	0.000000000000000000e+00	0.000000000000000000e+00	0.000000000000000000e+00	2.520000000000000000e+03	0.000000000000000000e+00	0.000000000000000000e+00	0.000000000000000000e+00	0.000000000000000000e+00	0.000000000000000000e+00	0.000000000000000000e+00
nan	0.000000000000000000e+00	0.000000000000000000e+00	0.000000000000000000e+00	2.530000000000000000e+03	0.000000000000000000e+00	0.000000000000000000e+00	0.000000000000000000e+00	0.000000000000000000e+00	0.000000000000000000e+00	0.000000000000000000e+00
nan	0.000000000000000000e+00	0.000000000000000000e+00	0.000000000000000000e+00	2.540000000000000000e+03	0.000000000000000000e+00	0.000000000000000000e+00	0.000000000000000000e+00	0.000000000000000000e+00	0.000000000000000000e+00	0.000000000000000000e+00
nan	0.000000000000000000e+00	0.000000000000000000e+00	0.000000000000000000e+00	2.550000000000000000e+03	0.000000000000000000e+00	0.000000000000000000e+00	0.000000000000000000e+00	0.000000000000000000e+00	0.000000000000000000e+00	0.000000000000000000e+00
