1.17662360156545
1.17747901516844
1.17837189466193
1.1791362468331
1.18000708146274
1.18089388467086
1.18169303123046
1.18256256858225
1.18333929872482
1.18413280440169
1.184814908884
1.18564428721044
1.18623535979449
1.18691311580508
1.18740617352132
1.18810554884438
1.18943277689967
1.19165789569026
1.1933953170949
1.19462031821519
1.19557065892945
1.19668353378915
1.19757869607337
1.19860065465315
1.19963845879841
1.20065872263705
1.20181115118366
1.20295231364558
1.20410472404016
1.20514112000624
1.20653239223348
1.20811897847302
1.2098506842126
1.21147483348648
1.21322571296527
1.22040172983306
1.22372713714585
1.22027554950736
1.21702969464689
1.21534946177801
1.21559007975785
1.21587072513883
1.21614745395122
1.21641984515278
1.21696884226858
1.21747564218327
1.21811891168984
1.21860384648691
1.21910049382016
1.21985929056978
1.22050059246538
1.22113579614298
1.22175151083902
1.22238215795596
1.22318836533182
1.22388822314828
1.2245971197151
1.2252878876884
1.225923815419
1.22668718395639
1.22741865002142
1.22816432589286
1.22887045718098
1.22959507691401
1.23040421769492
1.23117903184959
1.2319261619573
1.23270341452702
1.23347773841695
1.23422873606346
1.23521015912391
1.23598529338285
1.23678336528058
1.2375610899281
1.23833604842222
1.23915559600907
1.23991243430684
1.24074079328274
1.24155651007879
1.24231942993718
1.24314995045508
1.24399008048548
1.24478593786844
1.24561914540455
1.24636834168605
1.24722718437682
1.24809630082086
1.24884567323607
1.24968323318255
1.25043238280315
1.2512710931248
1.25210187482514
1.2528606408531
1.2537017293449
1.25445082841514
1.25529326238378
1.25608149875268
1.25688263441476
1.25768349177669
1.25848494585637
1.25928548443795
1.2600864681475
1.26088685337121
1.26168753417693
1.26248794694978
1.2634870605769
1.2642888534796
1.26509115522965
1.26589288992069
1.266694990595
1.26742532522346
1.26822702873633
1.26902888811467
1.26983031425198
1.27055805381929
1.27135901229813
1.272159837589
1.27296098866863
1.27368491854199
1.27448555561608
1.27528577565715
1.276086046278
1.27688630008345
1.27768646892401
1.27848648389625
1.2792868307211
1.28016843760962
1.28096914587123
1.2817699952141
1.28257035434233
1.28337129179016
1.28418710389317
1.28505838495462
1.28585885107582
1.28689382385114
1.28769614424958
1.28835108195056
1.2891523913895
1.28995378710095
1.29084637328192
1.29164824012589
1.29245061579877
1.29326685540874
1.29414859932067
1.29519742122294
1.29600119569745
1.29690183422233
1.29770587029687
1.29851063884867
1.29941365924252
1.30021834112426
1.30109146940227
1.30192977717907
1.30273523472302
1.30364324447937
1.30444932808101
1.30525570824403
1.30616741790999
1.30697409968417
1.30778091275259
1.30869521201282
1.30950266291593
1.31031008129603
1.3112278617373
1.3120355962641
1.31284381804785
1.31376464441493
1.31457355675456
1.315382107129
1.31630553599908
1.31711516242917
1.31795480027411
1.31885197962638
1.31966185534058
1.32059219216227
1.32140264665985
1.32221884773407
1.32314625583204
1.32395837186324
1.32489377407417
1.3257059739536
1.32634611282785
1.32745767815731
1.32809735468001
1.32890918261099
1.32985216725563
1.33066499138617
1.33157712394971
1.33242460601584
1.33329262758449
1.33418690330805
1.3350018813911
1.33595387436252
1.33684287774441
1.33772361511608
1.33854070982281
1.33949736724061
1.34037504045888
1.34127561580435
1.3422067252821
1.34305723027778
1.34388853234001
1.34484269675661
1.34571264364512
1.34663252605795
1.34753244663371
1.34842556558974
1.34924811240484
1.35022318030645
1.35104631264484
1.35202507217289
1.35284861707109
1.35383093621598
1.35465559010075
1.35564133790432
1.35646694133815
1.3574559834824
1.35828237364387
1.35927457241784
1.36010248136541
1.36109770020853
1.36192697936982
1.36276562632542
1.36375557594781
1.36458533419973
1.36558889687475
1.36641963307448
1.36742666329226
1.36825915849898
1.36926953155921
1.37010270270469
1.37100225690137
1.37195092545958
1.37278537649863
1.3738045156753
1.37464021604122
1.37566321948265
1.37649904869742
1.37752579557062
1.37836355581004
1.37934440695512
1.38023250093147
1.38107949769723
1.38210761710983
1.38294720866426
1.38358167460871
1.38442202842275
1.38546266886296
1.38630433603133
1.38719560853008
1.38819192301866
1.38903383961997
1.39008454437937
1.39092846385091
1.39198300301531
1.39282774789582
1.39387537759758
1.39473250024411
1.39557884296765
1.39664356222928
1.39749037919015
1.39855963496376
1.39940786910615
1.4002952084712
1.40133109277338
1.40218130528617
1.40326093603049
1.40411224770544
1.40500559311992
1.40604835471862
1.40690115714451
1.40799052369918
1.40884523113251
1.40993166845321
1.41079503857806
1.41165075360548
1.4127503589355
1.41360767287236
1.41459744470657
1.4155721082738
1.41643111237549
1.41754270316262
1.41840300891481
1.41926341830284
1.42038073524617
1.42124346131435
1.42225871849266
1.42323023053009
1.42409390255334
1.42522230999383
1.42608801864174
1.42695357121555
1.42808959195544
1.42895576997403
1.4298542301886
1.43046370146932
1.43133062975146
1.43235160782337
1.43334420882694
1.43421228863291
1.43534393733411
1.43623651060153
1.43710675988374
1.43826584558474
1.43913732984838
1.4400107973697
1.44117660858237
1.44205115588889
1.44292497813681
1.44409865044327
1.44497470086693
1.44584992211973
1.44703129214889
1.44790993423811
1.44878765070246
1.44997656113508
1.45085619837007
1.45173617503807
1.45293245546904
1.45381420065885
1.45469620088515
1.455899680618
1.45678329258985
1.45766707298689
1.45887898904736
1.45976422504962
1.4606509656109
1.46187118148225
1.46276641926811
1.46375114566509
1.46474671629238
1.46574158875061
1.46673863640263
1.46773784697341
1.46873626454312
1.46973531897488
1.47073646321198
1.47173670547976
1.47273898751857
1.47374179461199
1.47474509520611
1.47575037044348
1.47675608714604
1.47776221296867
1.47877024617299
1.47977863496802
1.48078734621102
1.48179634647912
1.4828071570477
1.48319437300648
1.48420475439885
1.48521530770648
1.48622757457007
1.48723995589556
1.48825400503234
1.48926811018473
1.49028223560492
1.4912979522915
1.49231524247742
1.49333246877473
1.49435122001166
1.49536984590391
1.49639158535862
1.49741314953109
1.49843450056669
1.49945725730592
1.50047973695248
1.50150524007057
1.50253041380156
1.50355521895399
1.50458299346498
1.50561034569257
1.50664063868267
1.50767045479915
1.50870146793132
1.5097319357879
1.51076527197642
1.51179800642081
1.51283183788022
1.5138667440428
1.51490270238743
1.51593969018288
1.51697768448707
1.51801666214643
1.51905659979505
1.52009568747829
1.52113746751033
1.52218013613689
1.52322186278456
1.52426622902487
1.52531141053088
1.5263117233302
1.52730880463685
1.52830626747888
1.52930408515429
1.53030223075496
1.53129881834037
1.532297531686
1.53329649098086
1.53429754702107
1.53529692139643
1.53629834964715
1.53729992492241
1.5383035237109
1.53930531389456
1.54030908324773
1.54208371439964
1.54309022742337
1.54409867372624
1.5451051452317
1.54611350370685
1.54712373924501
1.54813190264418
1.54914387208222
1.55015370800875
1.55116533905378
1.5521767576442
1.55318993615132
1.55420084231418
1.55521345874571
1.55622777412061
1.5572417456313
1.55825737918479
1.55927261778023
1.56028948085293
1.56130589714653
1.56314920192325
1.56416950654452
1.56519136657115
1.56621058572968
1.5672334053583
1.56825562177366
1.56927720053429
1.57030022715821
1.57132468816069
1.57234843546247
1.57337571707852
1.57440009418299
1.57542797761448
1.57645288509541
1.5774790998375
1.57850660727466
1.57953539270924
1.58056324910895
1.58247310910813
1.58350413155677
1.58453856906118
1.58557197542434
1.58660654670593
1.58764002600254
1.58867462374292
1.58971032383046
1.59074484667151
1.59178269516596
1.59281931861216
1.59385696366851
1.59489332028164
1.59593295038997
1.59697124291797
1.59801278952994
1.59905294879362
1.60009401134903
1.60113362100295
1.60217408315186
1.60415791703261
1.60520308304591
1.6062490536883
1.60729581042874
1.60834333459219
1.6093916073593
1.61044060976595
1.61148790978604
1.61253830623567
1.61358694609894
1.61463622269755
1.61568611629009
1.61673660698881
1.61778767475916
1.61883929941956
1.61989146064109
1.62094413794722
1.62199731071351
1.6230534572135
1.62511154282261
1.6261692650852
1.62722740485192
1.62828594070926
1.62934485109385
1.630404114292
1.63146370843972
1.63252361152239
1.63358637842757
1.63464684081556
1.63571013845086
1.63677367170429
1.63783741784768
1.63890135400087
1.63996545713164
1.64102970405558
1.642094071436
1.64315853578386
1.6452904916716
1.64636106025239
1.64743167618473
1.64850231535038
1.64957565182227
1.65064897951052
1.65172227387316
1.65279551021382
1.65386866368164
1.65494170927134
1.65601737046599
1.65709289017178
1.65817100850774
1.65924617724698
1.66032391025481
1.66140141611748
1.66248146836303
1.66356125834534
1.66576883018961
1.6668514497279
1.66793373203937
1.6690184998339
1.67010289386714
1.67118688703001
1.67227332759446
1.67335932998223
1.67444486664753
1.67553281157109
1.67662025268967
1.67771008122563
1.67879936738647
1.67989101971152
1.68097914497167
1.6820695970425
1.68315941041203
1.68425152837438
1.68534296749524
1.68763420793944
1.68872777614473
1.68982661204537
1.69092469073647
1.69202198241605
1.69312149967812
1.69422018789828
1.69532107747228
1.69642109546972
1.69752021135639
1.6986214823262
1.69972180784833
1.70082426307364
1.70192572900666
1.70302929882373
1.70413183499473
1.70523644878924
1.70760246617569
1.70871175498269
1.70982310133047
1.71093331264808
1.7120423565671
1.713153407462
1.71426324443028
1.71537506027559
1.71648561514854
1.71759812034631
1.71871257084265
1.71982569825891
1.72094074179651
1.72205441394641
1.72316997258232
1.72428741222392
1.7254034165603
1.72784786302655
1.72896805375016
1.73009007495967
1.73121056259185
1.7323328494487
1.73345355195881
1.73457602196547
1.73570025312257
1.73682623902021
1.73795055690221
1.7390765969679
1.74020435253577
1.74133037124227
1.74245461683311
1.74358051810431
1.74470806795702
1.74583725922556
1.74696458987926
1.74809352760542
1.74922406495991
1.75176443815605
1.75289859354994
1.75403431588114
1.75517159735242
1.75630685568602
1.75744363720894
1.75858193383823
1.75971452816092
1.76085219547323
1.76199133287253
1.7631282969213
1.76426669375802
1.76540651472192
1.7665440855632
1.76768671827679
1.76882706269645
1.76996877531212
1.77259284131932
1.77374138198766
1.77488753521596
1.7760350086535
1.77718003434402
1.77833010926413
1.77947769639619
1.78062275472535
1.78177284335096
1.7829241730651
1.7840729127297
1.78522668397861
1.78637782384419
1.78753014313729
1.78867976819407
1.78983440448888
1.79099018877146
1.79214321531887
1.79485799913256
1.79601748694475
1.79717806739436
1.79833578017
1.79949454191591
1.8006543413666
1.80181516717552
1.80297700791476
1.8041398520748
1.80530368806424
1.80646850420952
1.80763428875468
1.80879698312742
1.80996060028449
1.81112512815564
1.81229055458748
1.81345686734323
1.81626299505276
1.81743545042217
1.81860462757994
1.81977877461054
1.82094959590876
1.82212538377739
1.82329779796716
1.82447098358789
1.82564913031762
1.82682383065328
1.82799926291382
1.82917541375128
1.83034802200767
1.8315255583186
1.83269950233006
1.83387836960085
1.8350535944249
1.83795809373492
1.83914342642719
1.84032503538016
1.84151157571023
1.84269434090229
1.84388203176379
1.84506589565446
1.84625467923074
1.84743958356864
1.84862940133004
1.84981528715021
1.85100163557289
1.85218843156914
1.85337566002035
1.85456330571802
1.85575584425622
1.8569442901614
1.8599416691501
1.86114008778218
1.86233432512373
1.86353345786491
1.86473292987397
1.86592813746768
1.86712822823299
1.86832399862256
1.86952002014486
1.87072091189329
1.87191739851127
1.87311874637202
1.87432030347042
1.87552205314643
1.87671928311662
1.87792135551894
1.87912356994548
1.882221662924
1.88342897324639
1.88463638090579
1.88584865215116
1.88705621453883
1.88826382191019
1.88947145662132
1.89189158201575
1.89431652176622
1.8967364168334
1.89916580511888
1.90357578030329
1.90601426506034
1.90845709283376
1.91089411501287
1.9133402868826
1.91578543191461
1.91822939385235
1.92068229126587
1.92520281678976
1.92766308819518
1.93012689329961
1.93258888691182
1.93505418872902
1.93752271021902
1.93999436174058
1.94246368835283
1.9470958399254
1.94958694410842
1.95206991987096
1.95455548934364
1.95704355532571
1.95953401946919
1.96202678227401
1.96452174308398
1.96926697564054
1.97177696436513
1.97428887622666
1.97679687857807
1.97930653618638
1.98181774079886
1.98433038297522
1.98684435208453
1.99171610403242
1.99424960220818
1.99677823265283
1.99930776680493
2.00184408840046
2.0043751062766
2.0069127312489
2.00945084213495
2.01444614549323
2.01699648624426
2.01955316934847
2.02210370595017
2.02466039073176
2.02721689950583
2.02977310298733
2.03233521383596
2.03745069602055
2.04003001214845
2.04260218266353
2.04517995483563
2.04775676532043
2.0503324759798
2.05291352466854
2.05814131396956
2.06073846590942
2.0633407928715
2.06593479278044
2.0685337389747
2.07113757726197
2.07373261653831
2.07633916158625
2.08169409330203
2.08431552800331
2.08693452270082
2.08955792453638
2.09217863907272
2.09479650912681
2.09741847379187
2.10289476177627
2.10553041825287
2.10816995675061
2.11081331072047
2.11345312535308
2.1160965544645
2.11873617584526
2.12433937210387
2.12699896312527
2.1296543824546
2.13231297181552
2.13497465690059
2.13763178087011
2.14029939748533
2.1429622327596
2.1487071089915
2.15138114921377
2.15405772683046
2.1567367606925
2.1594103182928
2.16209398331161
2.16477985579773
2.17064802790797
2.17335195265406
2.17604981157174
2.17874950360458
2.18145093996494
2.18414586892674
2.18684229136386
2.1928483402054
2.19556172859706
2.19828470873631
2.2010005440737
2.20371744188243
2.20643530549343
2.20915403731848
2.21528842041979
2.21802316024479
2.22074987667769
2.22348568846134
2.22623060311938
2.22896714981627
2.23170388934649
2.23797359782716
2.2407253093739
2.24347692736234
2.24623730693102
2.24898844836937
2.25173916737387
2.2544984294486
2.26091120634903
2.26368447911755
2.26645698408379
2.26922860560693
2.27199922708582
2.27476873095939
2.2775369987077
2.28409185084102
2.28687289725603
2.28966191893084
2.29244932567492
2.29524461834032
2.29802846261303
2.30082002163299
2.30751577788907
2.31031908561037
2.31312012555769
2.31592867596339
2.31873477825427
2.32153830073672
2.32433911074856
2.33118445554318
2.33400590282143
2.33683453482457
2.33964985814201
2.34246189244856
2.34528082079453
2.34810662711039
2.3550902614439
2.3579254608724
2.36076738777995
2.36360544399552
2.36643948438459
2.36926936284905
2.37639841623405
2.37924730232522
2.38210252419051
2.38494228792784
2.3877990993975
2.39065112043496
2.39349819773246
2.40078518439629
2.40365041126699
2.40651032556174
2.4093760120274
2.41223615654181
2.41509059938073
2.42252290574127
2.42539461924651
2.42827175984377
2.43115429658245
2.43403058945363
2.43691212562298
2.44447815484697
2.44737634034406
2.45025594734036
2.45315234707937
2.45604176396992
2.45892402542891
2.4618109871724
2.46954492233459
2.47244743039646
2.47535449343437
2.47825379676539
2.48115748291476
2.48405314299738
2.49193168849033
2.49484195475181
2.49775630929178
2.50067470859125
2.5035844413757
2.50649803561623
2.51452078647705
2.51744817183723
2.52037924302545
2.52330098007409
2.5262262113622
2.52914181933611
2.5373214113413
2.5402497527681
2.54319453521232
2.54612918787302
2.5490535119752
2.55199416924148
2.56033075568009
2.56326983892197
2.56621161692806
2.56915603392383
2.57208928266999
2.57502495755952
2.58351832424746
2.58647877671788
2.58942750532753
2.59237837643355
2.59533132960116
2.59828630386561
2.60122900795226
2.6041735077513
2.61285381996018
2.61580772474224
2.61876318045282
2.62170555682303
2.62466386660509
2.62760886167192
2.63055503993081
2.63942767310377
2.64239687339629
2.64535213786487
2.64830825167133
2.65126514424315
2.66027167081404
2.66325103355529
2.66621569387481
2.66918078172062
2.67213080713945
2.68130199746569
2.68427374650761
2.6872612232583
2.69023307219764
2.69318905394819
2.70251035854737
2.70548745723048
2.70846415644844
2.71144037566172
2.71439989459601
2.71737485505495
2.72686786225862
2.72984700959398
2.73282519049967
2.73580232028163
2.73877831368027
2.748421984424
2.75140106613925
2.75439550712333
2.7573716065909
2.76034605390359
2.76331875962254
2.77311697479512
2.77610856058014
2.77909816211502
2.78208568711257
2.78505365159448
2.79503739333281
2.79802350403656
2.80100707437405
2.80398800840157
2.80696620961505
2.80994158095144
2.82007907766899
2.8230717399512
2.82606129996239
2.82902946892546
2.83201246519725
2.84231908519533
2.84531874534409
2.8482962772106
2.85126999834091
2.8542398045626
2.85720559115993
2.86770173768729
2.8706640594172
2.87364095412516
2.87661341812625
2.88726023004366
2.89022832317146
2.89321092939294
2.89618867931402
2.89914196061305
2.90210960316637
2.91292685879421
2.91590837726039
2.91886461211307
2.92183513284692
2.92478001758178
2.9357679455802
2.93874577781205
2.94169731066779
2.94466298900199
2.94762244369978
2.95878167867816
2.96175322702221
2.96469743056675
2.96763480292176
2.97056522202192
2.98191673850952
2.98485800353287
2.98779193831122
2.99073969573525
2.99365865755438
3.0051821468545
3.0081325199845
3.01105337001569
3.01398786021904
3.01691424785678
3.01981053489921
3.02272026542502
3.02562150431049
3.03734626087253
3.04025562707194
3.04315608827919
3.04604751156217
3.04892976359553
3.05180271066848
3.06375935418538
3.06663905610976
3.06950902199431
3.07239206499797
3.08448043985814
3.08734631071982
3.09022517248545
3.09307033611882
3.10533686857014
3.1082104572042
3.11104952756299
3.11390134523994
3.12632353067444
3.1291794013624
3.13202387906333
3.13488105754155
3.13770238115753
3.15029544430059
3.15311937101995
3.15593113039854
3.15875532211423
3.16156718411374
3.17433014389054
3.17714346891099
3.17994396458739
3.18273148061889
3.19570105646374
3.19848894253095
3.2012633358969
3.20404980437418
3.21715043294896
3.2199363218843
3.22270817419622
3.22546583463127
3.22820914780804
3.24150524056295
3.24424633434687
3.24697253990906
3.24971042108563
3.25243323400846
3.26592464868579
3.2686439348652
3.27134759689392
3.27403547479389
3.27670740856774
3.29036618371557
3.29303273540859
3.29571052213733
3.29837176798369
3.31218599453055
3.31484076721916
3.3175066557838
3.33149485944385
3.33415363927587
3.33676616875194
3.33938955053107
3.34199501847168
3.35617756517915
3.35877394987885
3.36135181204254
3.36394029242988
3.36648067507975
3.38085646033685
3.38341545368639
3.38595510319115
3.38847523968999
3.4030358993495
3.40557393942413
3.40806163350019
3.41055941146117
3.42527476229752
3.42778962844707
3.43025294485365
3.43269526011256
3.44759560503871
3.450022442743
3.45245900553819
3.46753898002341
3.46995919067321
3.47235720805989
3.47476477788348
3.47714994222949
3.49238843434827
3.49475526278848
3.4971314644563
3.49945201048734
3.50178171544752
3.51720839570066
3.51951777807398
3.52180316451671
3.5240643801977
3.53967455909756
3.54191343874789
3.54416106998752
3.55991899214664
3.56217722625713
3.56437602059034
3.58031652977732
3.58252485099205
3.58470712605549
3.58686317822613
3.60295263305225
3.60508192616363
3.60721944768807
3.60932996871887
3.62560190646296
3.62768394658344
3.62973824337172
3.63180044515753
3.6338346826993
3.65028608558341
3.65228949266039
3.65426418403657
3.65624645237704
3.65819978485237
3.67482730630873
3.67674738856024
3.67863777590497
3.68049829642054
3.69730310353362
3.69916552933537
3.70099744748659
3.70279868708409
3.71974177904936
3.72154350436325
3.72331390205457
3.72505280252451
3.72676003765611
3.74386944840887
3.74553639320653
3.74720977948172
3.74885067802124
3.76613113770032
3.76772968824266
3.76933444995049
3.78675512039779
3.78831599234733
3.78984292575042
3.80748374492699
3.80896477705197
3.81045165225431
3.82819160856547
3.82963091039523
3.84760564544651
3.84899591798408
3.85035013483648
3.86846466705326
3.86980974807317
3.87111807691136
3.87238949909084
3.89062691066957
3.89188744414466
3.89311037057742
3.89429553925884
3.89544280174506
3.91386771188368
3.91495834337107
3.91605376001527
3.91711042477277
3.93564964544362
3.93664721150638
3.93764934167081
3.95631975717513
3.95726094304263
3.97612837267626
3.97700686424883
3.97784443345667
3.99688735855574
3.99770555179091
3.99848210901706
4.01765442203109
4.01836387682479
4.01907730685294
4.01970180924205
4.03902128104937
4.03962247590018
4.04018040196586
4.04069494434804
4.06015748988194
4.06059906467501
4.0610441522259
4.06144504068815
4.08099810505298
4.08132330437169
4.08165184092387
4.10132238023408
4.1015731454845
4.12144208579147
4.1216130639037
4.14163220717085
4.14177134419615
4.14181347894905
4.16199708672126
4.16200523414098
4.16196568156518
4.18226138489476
4.18213500302417
4.18201145721676
4.18183944788278
4.18156759404698
4.20194187461122
4.20163096522017
4.20132273654813
4.20091330955041
4.2213995174621
4.22089625575483
4.22039555750173
4.24098013698919
4.2403833394166
4.26111048795061
4.26046906476449
4.28133904167396
4.28059757400758
4.30161000550157
4.30076617119006
4.32197620856376
4.32108323347417
4.32008157302564
4.31902679905411
4.34032786804654
4.33916476461335
4.33800413641743
4.33678979683325
4.35811743785672
4.35679179301023
4.3554118701023
4.35397769725037
4.37537958711301
4.37383053728514
4.37228408967147
4.39375723050564
4.39203553043678
4.41363910621625
4.43543861016647
4.43358948330206
4.45558014418304
4.45360684264152
4.47566848971519
4.47362906152043
4.47147157599129
4.4693171924677
4.49142648540093
4.48908132611246
4.48673948677113
4.50889976569525
4.50642524886978
4.50389254298766
4.50130177588821
4.52343013851019
4.52076551616421
4.51798023073832
4.54014619807071
4.5372846856695
4.5343016794367
4.55656248420216
4.55343742827534
4.57580958938039
4.59831418269737
4.62108245587358
4.61770170292979
4.6141951946457
4.63698373150229
4.63339129161761
4.62973840003644
4.65247439747822
4.64866729054377
4.64479968964468
4.66760885554509
4.66358411735476
4.65949889804303
4.6822403967796
4.67799535753017
4.67368991056543
4.69649143564309
4.6920233544579
4.68742687423804
4.710213340025
4.70551981281818
4.72839227972777
4.72346160468716
4.77464856910558
4.76956602764708
4.79283895938506
4.78758140127907
4.81093442909701
4.80549934607932
4.7999312174742
4.82331486509693
4.81756611712114
4.81175711211583
4.83501779085518
4.82902597469063
4.82297444298826
4.84617616817225
4.83993959021045
4.83364391025744
4.85677861642049
4.85022173801365
4.84368064776121
4.86666481825916
4.85986029179908
4.85299849190085
4.87589665091799
4.86884358821261
4.89178457070992
4.88446271742597
4.90744265900453
4.89992498371947
4.92286395648357
4.91514865176989
4.93811886690595
4.96126439299933
4.95320215191164
4.97629608638738
4.96795154875368
4.9910670670247
4.98251654284578
5.00557032968106
5.02887569499113
5.01987932815771
5.04311620735308
5.03390777967259
5.05707063066783
5.08048459169621
5.07081435571299
5.09414718585576
5.1175645902781
5.10750518689828
5.13091679004605
5.12055167733306
5.1439527597377
5.13327980426306
5.12256271958479
5.1456827864607
5.13465771132958
5.1576681275211
5.14641906260942
5.16931402954164
5.15775437670854
5.18061400122771
5.16882861700551
5.1915616530718
5.17946323672948
5.20206303432673
5.18973800537264
5.21228687976633
5.19955920681184
5.2219628589542
5.2445047944312
5.26709558118764
5.25364767820562
5.27607950618037
5.29864562059142
5.28466777707597
5.307065191817
5.29267211034668
5.31489330159576
5.30026856528107
5.32230777806135
5.30735999175864
5.3293036223888
5.31403296323338
5.3356895043282
5.32009738994355
5.34164610881902
5.32573311381934
5.34698143587146
5.36833588616502
5.35178388415842
5.37292020165274
5.35604891573161
5.37696098997247
5.39777882122344
5.41878793629179
5.43969801215504
5.46070101576382
5.44237510050873
5.46303008791717
5.44428701211393
5.46478379304458
5.48516515738505
5.46576162053198
5.48587488919951
5.46615866795355
5.4859984391373
5.50580877063675
5.48533446395428
5.50496050671994
5.52444989124028
5.50341748279167
5.52251087964269
5.50107846400201
5.51987109109956
5.53871563913792
5.5165308472682
5.53496272363446
5.55323408549147
5.57144347263523
5.58969241095798
5.60776990812506
5.58384346440811
5.60158436369854
5.6192501420806
5.63683783341559
5.61178978301531
5.62892041107954
5.64596423520441
5.66291825693059
5.63675358463856
5.65323565772375
5.66961940354871
5.68579300733066
5.65852190342792
5.67431809448433
5.68989557119815
5.6619115861617
5.67699614247359
5.69196178979214
5.70680556443083
5.72152449543742
5.69197928332433
5.70607918152316
5.72004546624332
5.73398651030738
5.74756554844647
5.7611135223361
5.77440316264329
5.78742980695119
5.80041729773003
5.81313487450946
5.77981050647594
5.79187090357445
5.80365299179295
5.81538260503669
5.82671178404734
5.83786696320222
5.84884547963799
5.81307296170735
5.82338011312988
5.83338829974334
5.84309365791407
5.85260940838092
5.86181570793621
5.87082676854724
5.87940371745893
5.8407075742844
5.84872461721787
5.85630405926947
5.86355946844496
5.87060594974379
5.87732309837458
5.88370805533401
5.88975807021626
5.89535113181971
5.90072318353786
5.95412489714671
5.95890954426831
5.96346383366816
5.9675409677359
5.97126119034715
5.97462265476542
5.97762364573449
5.98026258121263
5.98253801399721
5.98444863322534
5.98586944933189
5.98692305074556
5.98748460733669
5.98767727810912
5.98737647153048
5.98670584712395
5.98566522431033
6.03419528143443
6.03215084341592
6.02973044525498
6.0268085048013
6.02338595343245
6.01958984456694
6.0154212166282
6.01075567379867
6.05619589798946
6.05046240373416
6.04422963563894
6.03762719767526
6.0304038472486
6.02268993778305
6.0654945235486
6.05667571925127
6.04736890631257
6.08879603379939
6.07823469786764
6.06719135785489
6.10740135517502
6.0950853833977
6.08229633598281
6.12093908084711
6.10686612996977
6.14468912975019
6.12918811639963
6.11323470910734
6.14920264259965
6.13182087478199
6.1668549537204
6.14803917409653
6.18209552720576
6.16184361470853
6.19461015383807
6.17292545819091
6.20449298054552
6.18138192107284
6.21171128479502
6.18704915255539
6.21596656257262
6.18990462608841
6.2172392517614
6.18952769457791
6.2153821173497
6.24079561731868
6.21039384921335
6.23413599993871
6.20937265815489
6.20709113408728
6.25987407321181
6.25757647569467
6.25528149445939
6.25298912457681
6.2506993611316
6.24841219922105
6.24612763395536
6.24384566045708
6.29748096597792
6.29518269467762
6.29288702449998
6.29059395057388
6.28830346804157
6.28601557205801
6.28373025779054
6.33826051631989
6.33595865999328
6.33365939499566
6.33136271650017
6.32906861969231
6.32677709977038
6.32448815194473
6.32220177143889
6.37763241748872
6.37532925921169
6.37302867812015
6.37073066944261
6.36843522841886
6.36614235030186
6.36385203035625
6.36156426385903
6.35927904609975
6.4156157550326
6.4133135327007
6.41101386921972
6.40871675988334
6.40642219999669
6.40413018487754
6.40184070985492
6.39955377027064
6.39726936147777
6.39498747884201
6.45223622959226
6.44993712480886
6.44764055653522
6.44534652013959
6.4430550110024
6.44076602451588
6.43847955608377
6.43619560112135
6.43391415505627
6.43163521332734
6.48982229826082
6.48752591115603
6.48523203897956
6.48294067717282
6.48065182118839
6.47836546649061
6.47608160855513
6.47380024286971
6.53299332010985
6.53069424924305
6.52839768147761
6.52610361230283
6.52381203721842
6.52152295173673
6.51923635138007
6.51695223168273
6.51467058819009
6.57487849067915
6.57257889085184
6.57028177833342
6.5679871486699
6.56569499741887
6.56340532014877
6.56111811243925
6.55883336988124
6.55655108807635
6.61780373571361
6.61550323964032
6.61320521567842
6.61090965942974
6.60861656650688
6.60632593253388
6.60403775314558
6.60175202398674
6.59946874071427
6.59718789899479
6.65949546873268
6.65719616369663
6.65489931181729
6.65260490876131
6.65031295020565
6.64802343183811
6.6457363493578
6.57902854472296
6.57676948375766
6.51141553267969
6.5091839297979
6.50695469362058
6.50472781999273
6.50250330476967
6.69310451809342
6.69081571224048
6.62299855954528
6.62073799093153
6.61847980740389
6.55207721187259
6.54984666055737
6.54761845812481
6.54539260048075
6.54316908354035
6.47818811683318
6.47599158286729
6.47379735434086
6.47160542724938
6.46941579759715
6.59379601998749
6.59156613541509
6.58933858255238
6.52326209367924
6.5210617612939
6.51886372533078
6.51666798182304
6.51447452681253
6.51228335635087
6.51009446649982
6.50790785332998
6.44331800086203
6.44115787871136
6.43899999906949
6.43684435808265
6.4346909519073
6.43253977670879
6.43039082866171
6.75252544834341
6.68275100661512
6.68051899056651
6.48400425509237
6.48184465903661
6.47968728943297
6.47753214248278
6.805566799353
6.73452709430865
6.73228770705704
6.73005061935255
6.72781582728495
6.72558332695383
6.40053728632138
6.85985152170491
6.78750687303505
6.78525977418185
6.78301497160964
6.78077246143176
6.77853223977158
6.7078053617333
6.8439846809475
6.77182526726471
6.91085639789351
6.83721920171921
6.97919329704668
6.90403113461705
6.97460005777013
6.97230693130373
7.04440838629858
7.43990094685642
7.522604279947
7.35184377456644
7.43256615550895
7.51518993117889
7.78026610307479
7.77771126427876
7.77515899697181
7.7726092968626
7.77006215966874
