Simulation Number M1.slopeErrorMer M1.slopeErrorSag PremirrorM2.slopeErrorMer
0                 0                0                1.5                      
1                 0.3              0                0                        
2                 0.4              0                0                        
3                 0.5              0                0                        
4                  0.6000000000000001 0                  0                        
5                  0.7000000000000002 0                  0                        
6                  0.8000000000000003 0                  0                        
7                  0.9000000000000001 0                  0                        
8                  1.0000000000000002 0                  0                        
9                 0                0                1.5                      
10                0                0                1.5                      
11                0                0                1.5                      
12                0                0                1.5                      
13                0                0                1.5                      
14                0                0                1.5                      
15                0                0                1.5                      
16                0                0                1.5                      
17                0                0                1.5                      
18                0                0                1.5                      
19                0                0                1.5                      
