Simulation Number CPMU20.photonEnergy PG.lineDensity PG.cFactor ExitSlit.totalHeight PG.orderDiffraction CPMU20.numberRays
0                 500                 1200           2.25       0.05                 2                   50000            
1                 500                 1200           2.25       0.01                 2                   50000            
2                 1000                1200           2.25       0.05                 2                   50000            
3                 1000                1200           2.25       0.01                 2                   50000            
4                 1500                1200           2.25       0.05                 2                   50000            
5                 1500                1200           2.25       0.01                 2                   50000            
6                 2000                1200           2.25       0.05                 2                   50000            
7                 2000                1200           2.25       0.01                 2                   50000            
8                 2500                1200           2.25       0.05                 2                   50000            
9                 2500                1200           2.25       0.01                 2                   50000            
10                3000                1200           2.25       0.05                 2                   50000            
11                3000                1200           2.25       0.01                 2                   50000            
12                3500                1200           2.25       0.05                 2                   50000            
13                3500                1200           2.25       0.01                 2                   50000            
14                4000                1200           2.25       0.05                 2                   50000            
15                4000                1200           2.25       0.01                 2                   50000            
16                4500                1200           2.25       0.05                 2                   50000            
17                4500                1200           2.25       0.01                 2                   50000            
18                5000                1200           2.25       0.05                 2                   50000            
19                5000                1200           2.25       0.01                 2                   50000            
