Simulation Number CPMU20.photonEnergy CPMU20.energySpread CPMU20.numberRays M3.radius
0                 1000                0                   500000.0          220      
1                 1000                0                   500000.0          221      
2                 1000                0                   500000.0          222      
3                 1000                0                   500000.0          223      
4                 1000                0                   500000.0          224      
5                 1000                0                   500000.0          225      
6                 1000                0                   500000.0          226      
7                 1000                0                   500000.0          227      
8                 1000                0                   500000.0          228      
9                 1000                0                   500000.0          229      
10                1000                0                   500000.0          230      
11                1000                0                   500000.0          231      
12                1000                0                   500000.0          232      
13                1000                0                   500000.0          233      
14                1000                0                   500000.0          234      
15                1000                0                   500000.0          235      
16                1000                0                   500000.0          236      
17                1000                0                   500000.0          237      
18                1000                0                   500000.0          238      
19                1000                0                   500000.0          239      
