502
504
506
508
510
512
514
516
518
520
522
524
526
528
530
532
534
536
538
540
542
544
546
548
550
552
554
556
558
560
562
564
566
568
570
572
574
576
578
580
582
584
586
588
590
592
594
596
598
600
602
604
606
608
610
612
614
616
618
620
622
624
626
628
630
632
634
636
638
640
642
644
646
648
650
652
654
656
658
660
662
664
666
668
670
672
674
676
678
680
682
684
686
688
690
692
694
696
698
700
702
704
706
708
710
712
714
716
718
720
722
724
726
728
730
732
734
736
738
740
742
744
746
748
750
752
754
756
758
760
762
764
766
768
770
772
774
776
778
780
782
784
786
788
790
792
794
796
798
800
802
804
806
808
810
812
814
816
818
820
822
824
826
828
830
832
834
836
838
840
842
844
846
848
850
852
854
856
858
860
862
864
866
868
870
872
874
876
878
880
882
884
886
888
890
892
894
896
898
900
902
904
906
908
910
912
914
916
918
920
922
924
926
928
930
932
934
936
938
940
942
944
946
948
950
952
954
956
958
960
962
964
966
968
970
972
974
976
978
980
982
984
986
988
990
992
994
996
998
1000
1002
1004
1006
1008
1010
1012
1014
1016
1018
1020
1022
1024
1026
1028
1030
1032
1034
1036
1038
1040
1042
1044
1046
1048
1050
1052
1054
1056
1058
1060
1062
1064
1066
1068
1070
1072
1074
1076
1078
1080
1082
1084
1086
1088
1090
1092
1094
1096
1098
1100
1102
1104
1106
1108
1110
1112
1114
1116
1118
1120
1122
1124
1126
1128
1130
1132
1134
1136
1138
1140
1142
1144
1146
1148
1150
1152
1154
1156
1158
1160
1162
1164
1166
1168
1170
1172
1174
1176
1178
1180
1182
1184
1186
1188
1190
1192
1194
1196
1198
1200
1202
1204
1206
1208
1210
1212
1214
1216
1218
1220
1222
1224
1226
1228
1230
1232
1234
1236
1238
1240
1242
1244
1246
1248
1250
1252
1254
1256
1258
1260
1262
1264
1266
1268
1270
1272
1274
1276
1278
1280
1282
1284
1286
1288
1290
1292
1294
1296
1298
1300
1302
1304
1306
1308
1310
1312
1314
1316
1318
1320
1322
1324
1326
1328
1330
1332
1334
1336
1338
1340
1342
1344
1346
1348
1350
1352
1354
1356
1358
1360
1362
1364
1366
1368
1370
1372
1374
1376
1378
1380
1382
1384
1386
1388
1390
1392
1394
1396
1398
1400
1402
1404
1406
1408
1410
1412
1414
1416
1418
1420
1422
1424
1426
1428
1430
1432
1434
1436
1438
1440
1442
1444
1446
1448
1450
1452
1454
1456
1458
1460
1462
1464
1466
1468
1470
1472
1474
1476
1478
1480
1482
1484
1486
1488
1490
1492
1494
1496
1498
1500
1502
1504
1506
1508
1510
1512
1514
1516
1518
1520
1522
1524
1526
1528
1530
1532
1534
1536
1538
1540
1542
1544
1546
1548
1550
1552
1554
1556
1558
1560
1562
1564
1566
1568
1570
1572
1574
1576
1578
1580
1582
1584
1586
1588
1590
1592
1594
1596
1598
1600
1602
1604
1606
1608
1610
1612
1614
1616
1618
1620
1622
1624
1626
1628
1630
1632
1634
1636
1638
1640
1642
1644
1646
1648
1650
1652
1654
1656
1658
1660
1662
1664
1666
1668
1670
1672
1674
1676
1678
1680
1682
1684
1686
1688
1690
1692
1694
1696
1698
1700
1702
1704
1706
1708
1710
1712
1714
1716
1718
1720
1722
1724
1726
1728
1730
1732
1734
1736
1738
1740
1742
1744
1746
1748
1750
1752
1754
1756
1758
1760
1762
1764
1766
1768
1770
1772
1774
1776
1778
1780
1782
1784
1786
1788
1790
1792
1794
1796
1798
1800
1802
1804
1806
1808
1810
1812
1814
1816
1818
1820
1822
1824
1826
1828
1830
1832
1834
1836
1838
1840
1842
1844
1846
1848
1850
1852
1854
1856
1858
1860
1862
1864
1866
1868
1870
1872
1874
1876
1878
1880
1882
1884
1886
1888
1890
1892
1894
1896
1898
1900
1902
1904
1908
1912
1916
1920
1924
1928
1932
1936
1940
1944
1948
1952
1956
1960
1964
1968
1972
1976
1980
1984
1988
1992
1996
2000
2004
2008
2012
2016
2020
2024
2028
2032
2036
2040
2044
2048
2052
2056
2060
2064
2068
2072
2076
2080
2084
2088
2092
2096
2100
2104
2108
2112
2116
2120
2124
2128
2132
2136
2140
2144
2148
2152
2156
2160
2164
2168
2172
2176
2180
2184
2188
2192
2196
2200
2204
2208
2212
2216
2220
2224
2228
2232
2236
2240
2244
2248
2252
2256
2260
2264
2268
2272
2276
2280
2284
2288
2292
2296
2300
2304
2308
2312
2316
2320
2324
2328
2332
2336
2340
2344
2348
2352
2356
2360
2364
2368
2372
2376
2380
2384
2388
2392
2396
2400
2404
2408
2412
2416
2420
2424
2428
2432
2436
2440
2444
2448
2452
2456
2460
2464
2468
2472
2476
2480
2484
2488
2492
2496
2500
2504
2508
2512
2516
2520
2524
2528
2532
2536
2540
2544
2548
2552
2556
2560
2564
2568
2572
2576
2580
2584
2588
2592
2596
2600
2604
2608
2612
2616
2620
2624
2628
2632
2636
2640
2644
2648
2652
2656
2660
2664
2668
2672
2676
2680
2684
2688
2692
2696
2700
2704
2708
2712
2716
2720
2724
2728
2732
2736
2740
2744
2748
2752
2756
2760
2764
2768
2772
2776
2780
2784
2788
2792
2796
2800
2804
2808
2812
2816
2820
2824
2828
2832
2836
2840
2844
2848
2852
2856
2860
2864
2868
2872
2876
2880
2884
2888
2892
2896
2900
2904
2908
2912
2916
2920
2924
2928
2932
2936
2940
2944
2948
2952
2956
2960
2964
2968
2972
2976
2980
2984
2988
2992
2996
3000
3004
3008
3012
3016
3020
3024
3028
3032
3036
3040
3044
3048
3052
3056
3060
3064
3068
3072
3076
3080
3084
3088
3092
3096
3100
3104
3108
3112
3116
3120
3124
3128
3132
3136
3140
3144
3148
3152
3156
3160
3164
3168
3172
3176
3180
3184
3188
3192
3196
3200
3204
3208
3212
3216
3220
3224
3228
3232
3236
3240
3244
3248
3252
3256
3260
3264
3268
3272
3276
3280
3284
3288
3292
3296
3300
3304
3308
3312
3316
3320
3324
3328
3332
3336
3340
3344
3348
3352
3356
3360
3364
3368
3372
3376
3380
3384
3388
3392
3396
3400
3404
3408
3412
3416
3420
3424
3428
3432
3436
3440
3444
3448
3452
3456
3460
3464
3468
3472
3476
3480
3484
3488
3492
3496
3500
3504
3508
3512
3516
3520
3524
3528
3532
3536
3540
3544
3548
3552
3556
3560
3564
3568
3572
3576
3580
3584
3588
3592
3596
3600
3604
3608
3612
3616
3620
3624
3628
3632
3636
3640
3644
3648
3652
3656
3660
3664
3668
3672
3676
3680
3684
3688
3692
3696
3700
3704
3708
3712
3716
3720
3724
3728
3732
3736
3740
3744
3748
3752
3756
3760
3764
3768
3772
3776
3780
3784
3788
3792
3796
3800
3804
3808
3812
3816
3820
3824
3828
3832
3836
3840
3844
3848
3852
3856
3860
3864
3868
3872
3876
3880
3884
3888
3892
3896
3900
3904
3908
3912
3916
3920
3924
3928
3932
3936
3940
3944
3948
3952
3956
3960
3964
3968
3972
3976
3980
3984
3988
3992
3996
4000
4004
4008
4012
4016
4020
4024
4028
4032
4036
4040
4044
4048
4052
4056
4060
4064
4068
4072
4076
4080
4084
4088
4092
4096
4100
4104
4108
4112
4116
4120
4124
4128
4132
4136
4140
4144
4148
4152
4156
4160
4164
4168
4172
4176
4180
4184
4188
4192
4196
4200
4204
4208
4212
4216
4220
4224
4228
4232
4236
4240
4244
4248
4252
4256
4260
4264
4268
4272
4276
4280
4284
4288
4292
4296
4300
4304
4308
4312
4316
4320
4324
4328
4332
4336
4340
4344
4348
4352
4356
4360
4364
4368
4372
4376
4380
4384
4388
4392
4396
4400
4404
4408
4412
4416
4420
4424
4428
4432
4436
4440
4444
4448
4452
4456
4460
4464
4468
4472
4476
4480
4484
4488
4492
4496
4500
4504
4508
4512
4516
4520
4524
4528
4532
4536
4540
4544
4548
4552
4556
4560
4564
4568
4572
4576
4580
4584
4588
4592
4596
4600
4604
4608
4612
4616
4620
4624
4628
4632
4636
4640
4644
4648
4652
4656
4660
4664
4668
4672
4676
4680
4684
4688
4692
4696
4700
4704
4708
4712
4716
4720
4724
4728
4732
4736
4740
4744
4748
4752
4756
4760
4764
4768
4772
4776
4780
4784
4788
4792
4796
4800
4804
4808
4812
4816
4820
4824
4828
4832
4836
4840
4844
4848
4852
4856
4860
4864
4868
4872
4876
4880
4884
4888
4892
4896
4900
4904
4908
4912
4916
4920
4924
4928
4932
4936
4940
4944
4948
4952
4956
4960
4964
4968
4972
4976
4980
4984
4988
4992
4996
5000
5004
5008
5012
5016
5020
5024
5028
5032
5036
5040
5044
5048
5052
5056
5060
5064
5068
5072
5076
5080
5084
5088
5092
5096
5100
5104
5108
5112
5116
5120
5124
5128
5132
5136
5140
5144
5148
5152
5156
5160
5164
5168
5172
5176
5180
5184
5188
5192
5196
5200
5204
5208
5212
5216
5220
5224
5228
5232
5236
5240
5244
5248
5252
5256
5260
5264
5268
5272
5276
5280
5284
5288
5292
5296
5300
5304
5308
5312
5316
5320
5324
5328
5332
5336
5340
5344
5348
5352
5356
5360
5364
5368
5372
5376
5380
5384
5388
5392
5396
5400
5404
5408
5412
5416
5420
5424
5428
5432
5436
5440
5444
5448
5452
5456
5460
5464
5468
5472
5476
5480
5484
5488
5492
5496
5500
5504
5508
5512
5516
5520
5524
5528
5532
5536
5540
5544
5548
5552
5556
5560
5564
5568
5572
5576
5580
5584
5588
5592
5596
5600
5604
5608
5612
5616
5620
5624
5628
5632
5636
5640
5644
5648
5652
5656
5660
5664
5668
5672
5676
5680
5684
5688
5692
5696
5700
5704
5708
5712
5716
5720
5724
5728
5732
5736
5740
5744
5748
5752
5756
5760
5764
5768
5772
5776
5780
5784
5788
5792
5796
5800
5804
5808
5812
5816
5820
5824
5828
5832
5836
5840
5844
5848
5852
5856
5860
5864
5868
5872
5876
5880
5884
5888
5892
5896
5900
5904
5908
5912
5916
5920
5924
5928
5932
5936
5940
5944
5948
5952
5956
5960
5964
5968
5972
5976
5980
5984
5988
5992
5996
6000
