Simulation Number ExitSlit.totalHeight CPMU20.photonEnergy PG.cFactor PG.orderDiffraction CPMU20.numberRays
0                 0.04                 50                  1.5        1                   500000.0         
1                 0.04                 50                  2.25       1                   500000.0         
2                 0.04                 50                  3.0        1                   500000.0         
3                 0.04                 50                  5.0        1                   500000.0         
4                 0.04                 60                  1.5        1                   500000.0         
5                 0.04                 60                  2.25       1                   500000.0         
6                 0.04                 60                  3.0        1                   500000.0         
7                 0.04                 60                  5.0        1                   500000.0         
8                 0.04                 70                  1.5        1                   500000.0         
9                 0.04                 70                  2.25       1                   500000.0         
10                0.04                 70                  3.0        1                   500000.0         
11                0.04                 70                  5.0        1                   500000.0         
12                0.04                 80                  1.5        1                   500000.0         
13                0.04                 80                  2.25       1                   500000.0         
14                0.04                 80                  3.0        1                   500000.0         
15                0.04                 80                  5.0        1                   500000.0         
16                0.04                 90                  1.5        1                   500000.0         
17                0.04                 90                  2.25       1                   500000.0         
18                0.04                 90                  3.0        1                   500000.0         
19                0.04                 90                  5.0        1                   500000.0         
20                0.04                 100                 1.5        1                   500000.0         
21                0.04                 100                 2.25       1                   500000.0         
22                0.04                 100                 3.0        1                   500000.0         
23                0.04                 100                 5.0        1                   500000.0         
24                0.04                 110                 1.5        1                   500000.0         
25                0.04                 110                 2.25       1                   500000.0         
26                0.04                 110                 3.0        1                   500000.0         
27                0.04                 110                 5.0        1                   500000.0         
28                0.04                 120                 1.5        1                   500000.0         
29                0.04                 120                 2.25       1                   500000.0         
30                0.04                 120                 3.0        1                   500000.0         
31                0.04                 120                 5.0        1                   500000.0         
32                0.04                 130                 1.5        1                   500000.0         
33                0.04                 130                 2.25       1                   500000.0         
34                0.04                 130                 3.0        1                   500000.0         
35                0.04                 130                 5.0        1                   500000.0         
36                0.04                 140                 1.5        1                   500000.0         
37                0.04                 140                 2.25       1                   500000.0         
38                0.04                 140                 3.0        1                   500000.0         
39                0.04                 140                 5.0        1                   500000.0         
40                0.04                 150                 1.5        1                   500000.0         
41                0.04                 150                 2.25       1                   500000.0         
42                0.04                 150                 3.0        1                   500000.0         
43                0.04                 150                 5.0        1                   500000.0         
44                0.04                 160                 1.5        1                   500000.0         
45                0.04                 160                 2.25       1                   500000.0         
46                0.04                 160                 3.0        1                   500000.0         
47                0.04                 160                 5.0        1                   500000.0         
48                0.04                 170                 1.5        1                   500000.0         
49                0.04                 170                 2.25       1                   500000.0         
50                0.04                 170                 3.0        1                   500000.0         
51                0.04                 170                 5.0        1                   500000.0         
52                0.04                 180                 1.5        1                   500000.0         
53                0.04                 180                 2.25       1                   500000.0         
54                0.04                 180                 3.0        1                   500000.0         
55                0.04                 180                 5.0        1                   500000.0         
56                0.04                 190                 1.5        1                   500000.0         
57                0.04                 190                 2.25       1                   500000.0         
58                0.04                 190                 3.0        1                   500000.0         
59                0.04                 190                 5.0        1                   500000.0         
60                0.04                 200                 1.5        1                   500000.0         
61                0.04                 200                 2.25       1                   500000.0         
62                0.04                 200                 3.0        1                   500000.0         
63                0.04                 200                 5.0        1                   500000.0         
64                0.04                 210                 1.5        1                   500000.0         
65                0.04                 210                 2.25       1                   500000.0         
66                0.04                 210                 3.0        1                   500000.0         
67                0.04                 210                 5.0        1                   500000.0         
68                0.04                 220                 1.5        1                   500000.0         
69                0.04                 220                 2.25       1                   500000.0         
70                0.04                 220                 3.0        1                   500000.0         
71                0.04                 220                 5.0        1                   500000.0         
72                0.04                 230                 1.5        1                   500000.0         
73                0.04                 230                 2.25       1                   500000.0         
74                0.04                 230                 3.0        1                   500000.0         
75                0.04                 230                 5.0        1                   500000.0         
76                0.04                 240                 1.5        1                   500000.0         
77                0.04                 240                 2.25       1                   500000.0         
78                0.04                 240                 3.0        1                   500000.0         
79                0.04                 240                 5.0        1                   500000.0         
80                0.04                 250                 1.5        1                   500000.0         
81                0.04                 250                 2.25       1                   500000.0         
82                0.04                 250                 3.0        1                   500000.0         
83                0.04                 250                 5.0        1                   500000.0         
84                0.04                 260                 1.5        1                   500000.0         
85                0.04                 260                 2.25       1                   500000.0         
86                0.04                 260                 3.0        1                   500000.0         
87                0.04                 260                 5.0        1                   500000.0         
88                0.04                 270                 1.5        1                   500000.0         
89                0.04                 270                 2.25       1                   500000.0         
90                0.04                 270                 3.0        1                   500000.0         
91                0.04                 270                 5.0        1                   500000.0         
92                0.04                 280                 1.5        1                   500000.0         
93                0.04                 280                 2.25       1                   500000.0         
94                0.04                 280                 3.0        1                   500000.0         
95                0.04                 280                 5.0        1                   500000.0         
96                0.04                 290                 1.5        1                   500000.0         
97                0.04                 290                 2.25       1                   500000.0         
98                0.04                 290                 3.0        1                   500000.0         
99                0.04                 290                 5.0        1                   500000.0         
100               0.04                 300                 1.5        1                   500000.0         
101               0.04                 300                 2.25       1                   500000.0         
102               0.04                 300                 3.0        1                   500000.0         
103               0.04                 300                 5.0        1                   500000.0         
104               0.04                 310                 1.5        1                   500000.0         
105               0.04                 310                 2.25       1                   500000.0         
106               0.04                 310                 3.0        1                   500000.0         
107               0.04                 310                 5.0        1                   500000.0         
108               0.04                 320                 1.5        1                   500000.0         
109               0.04                 320                 2.25       1                   500000.0         
110               0.04                 320                 3.0        1                   500000.0         
111               0.04                 320                 5.0        1                   500000.0         
112               0.04                 330                 1.5        1                   500000.0         
113               0.04                 330                 2.25       1                   500000.0         
114               0.04                 330                 3.0        1                   500000.0         
115               0.04                 330                 5.0        1                   500000.0         
116               0.04                 340                 1.5        1                   500000.0         
117               0.04                 340                 2.25       1                   500000.0         
118               0.04                 340                 3.0        1                   500000.0         
119               0.04                 340                 5.0        1                   500000.0         
120               0.04                 350                 1.5        1                   500000.0         
121               0.04                 350                 2.25       1                   500000.0         
122               0.04                 350                 3.0        1                   500000.0         
123               0.04                 350                 5.0        1                   500000.0         
124               0.04                 360                 1.5        1                   500000.0         
125               0.04                 360                 2.25       1                   500000.0         
126               0.04                 360                 3.0        1                   500000.0         
127               0.04                 360                 5.0        1                   500000.0         
128               0.04                 370                 1.5        1                   500000.0         
129               0.04                 370                 2.25       1                   500000.0         
130               0.04                 370                 3.0        1                   500000.0         
131               0.04                 370                 5.0        1                   500000.0         
132               0.04                 380                 1.5        1                   500000.0         
133               0.04                 380                 2.25       1                   500000.0         
134               0.04                 380                 3.0        1                   500000.0         
135               0.04                 380                 5.0        1                   500000.0         
136               0.04                 390                 1.5        1                   500000.0         
137               0.04                 390                 2.25       1                   500000.0         
138               0.04                 390                 3.0        1                   500000.0         
139               0.04                 390                 5.0        1                   500000.0         
140               0.04                 400                 1.5        1                   500000.0         
141               0.04                 400                 2.25       1                   500000.0         
142               0.04                 400                 3.0        1                   500000.0         
143               0.04                 400                 5.0        1                   500000.0         
144               0.04                 410                 1.5        1                   500000.0         
145               0.04                 410                 2.25       1                   500000.0         
146               0.04                 410                 3.0        1                   500000.0         
147               0.04                 410                 5.0        1                   500000.0         
148               0.04                 420                 1.5        1                   500000.0         
149               0.04                 420                 2.25       1                   500000.0         
