# SourcePhotonFlux	NumberRaysSurvived	PercentageRaysSurvived	PhotonFlux	PhotonEnergy	Bandwidth	HorizontalFocusFWHM	VerticalFocusFWHM	EnergyPerMilPerBw	FluxPerMilPerBwPerc	FluxPerMilPerBwAbs
nan	4.759949999999999818e+03	1.188829999999999831e+00	nan	5.000000000000000000e+01	1.897421583579372807e-03	1.980428136390632865e-02	1.804324898226898621e-02	2.664900828251671783e+01	3.168845309032048618e+01	nan
nan	6.043949999999999818e+03	1.514949999999999797e+00	nan	6.000000000000000000e+01	2.403475632130991184e-03	2.023706559532621393e-02	1.814556625999517309e-02	2.501625936047050658e+01	3.790076503389342122e+01	nan
nan	7.215649999999999636e+03	1.804850000000000065e+00	nan	7.000000000000000000e+01	2.960293926220458529e-03	1.969292576571225056e-02	1.829264237222727810e-02	2.376860206226503891e+01	4.290600452743174031e+01	nan
nan	8.423850000000000364e+03	2.107050000000000090e+00	nan	8.000000000000000000e+01	3.590782545740012037e-03	1.948020405126474688e-02	1.830035568526581363e-02	2.237247773658018701e+01	4.715600938256442021e+01	nan
nan	9.517250000000000000e+03	2.381889999999999397e+00	nan	9.000000000000000000e+01	4.086867974120167446e-03	1.945031845705594981e-02	1.842267780572526964e-02	2.212016926864593103e+01	5.268086212553176040e+01	nan
nan	1.064595000000000073e+04	2.658109999999999751e+00	nan	1.000000000000000000e+02	4.617049327715960945e-03	1.919255151613299265e-02	1.835767146942037312e-02	2.174266586167411575e+01	5.778672468882162860e+01	nan
nan	1.171339999999999964e+04	2.932039999999999758e+00	nan	1.100000000000000000e+02	5.422188159453611433e-03	1.901561176658655983e-02	1.844138983817462940e-02	2.034898435875054545e+01	5.968650917911519116e+01	nan
nan	1.265325000000000000e+04	3.167249999999999677e+00	nan	1.200000000000000000e+02	5.944750322861835738e-03	1.901333810508471292e-02	1.843801807262522921e-02	2.023925979250461893e+01	6.409739836477675112e+01	nan
nan	1.368170000000000073e+04	3.428139999999999965e+00	nan	1.300000000000000000e+02	6.768355953026628305e-03	1.898620006337021007e-02	1.855918228438166798e-02	1.923594444751746479e+01	6.596329103735116917e+01	nan
nan	1.455375000000000000e+04	3.630469999999999864e+00	nan	1.400000000000000000e+02	7.461010353820541133e-03	1.896390806747235563e-02	1.833783500651347403e-02	1.881929778398766118e+01	6.833173636915924476e+01	nan
nan	1.546520000000000073e+04	3.860320000000000640e+00	nan	1.500000000000000000e+02	7.882705328159999442e-03	1.881705683096094109e-02	1.841497315734547460e-02	1.907907185785794724e+01	7.365911690580523441e+01	nan
nan	1.633239999999999964e+04	4.085079999999999600e+00	nan	1.600000000000000000e+02	9.187851692145443741e-03	1.884865394560189880e-02	1.849792080313652359e-02	1.746893167293225346e+01	7.135385373637198825e+01	nan
nan	1.719904999999999927e+04	4.298090000000000188e+00	nan	1.700000000000000000e+02	9.516180005667252209e-03	1.892365794528809431e-02	1.824553713039275132e-02	1.791062650372079190e+01	7.698252242622922381e+01	nan
nan	1.795615000000000146e+04	4.503350000000000186e+00	nan	1.800000000000000000e+02	1.073923873954924987e-02	1.910045244881548171e-02	1.847874597186690421e-02	1.679601589178056287e+01	7.562491142172702041e+01	nan
nan	1.874990000000000146e+04	4.687820000000000320e+00	nan	1.900000000000000000e+02	1.147626291745496019e-02	1.880115224629658882e-02	1.862065667343286782e-02	1.660097653681627605e+01	7.781432410882652562e+01	nan
nan	1.941250000000000000e+04	4.846900000000000652e+00	nan	2.000000000000000000e+02	1.234311854134517716e-02	1.867925902434472082e-02	1.852899500704324395e-02	1.623664666764398845e+01	7.870774305412888339e+01	nan
nan	2.022220000000000073e+04	5.063959999999998907e+00	nan	2.100000000000000000e+02	1.298020453317434361e-02	1.863732731569253676e-02	1.855626708879056300e-02	1.622790934572062582e+01	8.217640242372316095e+01	nan
nan	2.084120000000000073e+04	5.209039999999999004e+00	nan	2.200000000000000000e+02	1.406617480059111323e-02	1.856836724454665605e-02	1.867956714902254539e-02	1.567404079131276795e+01	8.164845683187232339e+01	nan
nan	2.158229999999999927e+04	5.396740000000000315e+00	nan	2.300000000000000000e+02	1.449112814656103830e-02	1.842700017927241876e-02	1.842173633097065125e-02	1.590546328890030736e+01	8.584170104816108449e+01	nan
nan	2.225665000000000146e+04	5.560609999999999609e+00	nan	2.400000000000000000e+02	1.571449968758713636e-02	1.897189388442465513e-02	1.846616122564638876e-02	1.530950433364418473e+01	8.513023000739225665e+01	nan
nan	2.290634999999999854e+04	5.730509999999999771e+00	nan	2.500000000000000000e+02	1.680052815013510781e-02	1.901225156085380175e-02	1.858060539734704419e-02	1.491338923024465757e+01	8.545205974756916589e+01	nan
nan	2.346490000000000146e+04	5.873459999999999681e+00	nan	2.600000000000000000e+02	1.756704623268774343e-02	1.892964149766946172e-02	1.850434613929825139e-02	1.484952398934450102e+01	8.723318808797242241e+01	nan
nan	2.408890000000000146e+04	6.015460000000000029e+00	nan	2.700000000000000000e+02	1.883039210412960213e-02	1.903949048657184798e-02	1.864462965882869583e-02	1.438584160535071987e+01	8.653529024629500555e+01	nan
nan	2.467509999999999854e+04	6.161420000000000563e+00	nan	2.800000000000000000e+02	2.020344022991480554e-02	1.875407438363389107e-02	1.855122412169642881e-02	1.390845378539153288e+01	8.568373895625744296e+01	nan
nan	2.526845000000000073e+04	6.319169999999999732e+00	nan	2.900000000000000000e+02	2.062115739061027783e-02	1.850112492426417288e-02	1.857443131716070978e-02	1.408633314960362348e+01	8.901395687681967672e+01	nan
nan	2.579540000000000146e+04	6.438000000000000611e+00	nan	3.000000000000000000e+02	2.175193495174596731e-02	1.890307258345098190e-02	1.848315524138354968e-02	1.382450441363713267e+01	8.899229415119673092e+01	nan
nan	2.639220000000000073e+04	6.588479999999999670e+00	nan	3.100000000000000000e+02	2.242406393827991312e-02	1.840275411552807008e-02	1.867019746332780963e-02	1.390220601197408179e+01	9.158146850550531326e+01	nan
nan	2.699720000000000073e+04	6.753320000000000434e+00	nan	3.200000000000000000e+02	2.399068665253310112e-02	1.866792854685348640e-02	1.849323819313498929e-02	1.337092128666751378e+01	9.029656348878062033e+01	nan
nan	2.738970000000000073e+04	6.853219999999998535e+00	nan	3.300000000000000000e+02	2.542532044342351444e-02	1.851545785162242441e-02	1.849741686561118953e-02	1.300229450910644857e+01	8.910871309219558611e+01	nan
nan	2.806184999999999854e+04	7.021129999999999427e+00	nan	3.400000000000000000e+02	2.609347533093000354e-02	1.857814469848487193e-02	1.851567653726909901e-02	1.307741804727250567e+01	9.181595415973329466e+01	nan
nan	2.847029999999999927e+04	7.121380000000000265e+00	nan	3.500000000000000000e+02	2.736250538696651663e-02	1.892454987765267507e-02	1.860568595648956838e-02	1.280516305512344921e+01	9.119584365365730605e+01	nan
nan	2.889565000000000146e+04	7.230210000000001358e+00	nan	3.600000000000000000e+02	2.828717357351422448e-02	1.845272251551401815e-02	1.858080879837328489e-02	1.274081094999286279e+01	9.211977861580967897e+01	nan
nan	2.950245000000000073e+04	7.371849999999999348e+00	nan	3.700000000000000000e+02	2.979780311848685345e-02	1.842780135593477184e-02	1.854695095129029608e-02	1.243999361877230925e+01	9.171604489281773454e+01	nan
nan	2.990075000000000000e+04	7.486390000000000100e+00	nan	3.800000000000000000e+02	3.079041613464994498e-02	1.895974322640690476e-02	1.866644456310191311e-02	1.236679763859321746e+01	9.257966152293064965e+01	nan
nan	3.037370000000000073e+04	7.605660000000000309e+00	nan	3.900000000000000000e+02	3.222920431960289711e-02	1.868081929360206755e-02	1.861202899109816455e-02	1.213720006813375818e+01	9.232370313356446445e+01	nan
nan	3.087745000000000073e+04	7.717690000000000161e+00	nan	4.000000000000000000e+02	3.347543746749863380e-02	1.837548040235486430e-02	1.861597175494579884e-02	1.197900495044260083e+01	9.244513495162473760e+01	nan
nan	3.138725000000000000e+04	7.851649999999999352e+00	nan	4.100000000000000000e+02	3.548856342861199387e-02	1.869619175963707983e-02	1.860000148488797495e-02	1.157087913461356621e+01	9.085447807732411718e+01	nan
nan	3.182900000000000000e+04	7.979999999999999538e+00	nan	4.200000000000000000e+02	3.542358997014503214e-02	1.869031080107193959e-02	1.851397061196946581e-02	1.187841711237596698e+01	9.479051570726623765e+01	nan
nan	3.226629999999999927e+04	8.064539999999999154e+00	nan	4.300000000000000000e+02	3.672834610397046617e-02	1.853813952609129762e-02	1.859790296194045733e-02	1.171843809947162462e+01	9.450219414294892317e+01	nan
nan	3.258029999999999927e+04	8.141139999999998267e+00	nan	4.400000000000000000e+02	3.810217500210057867e-02	1.868449941101494108e-02	1.847982567868195966e-02	1.157297141867740109e+01	9.421593894634290223e+01	nan
nan	3.302325000000000000e+04	8.261329999999999174e+00	nan	4.500000000000000000e+02	4.020271630133152169e-02	1.860191207356569690e-02	1.863371956815272623e-02	1.121251956913702585e+01	9.263055730248791519e+01	nan
nan	3.350290000000000146e+04	8.379580000000000695e+00	nan	4.600000000000000000e+02	4.115119173146127018e-02	1.858834413714422276e-02	1.869138182356747807e-02	1.119978353077859623e+01	9.384605015459671051e+01	nan
nan	3.394059999999999854e+04	8.485679999999998557e+00	nan	4.700000000000000000e+02	4.221988747692648897e-02	1.884612747785474260e-02	1.876275582044901330e-02	1.115705353072568329e+01	9.467533025014077452e+01	nan
nan	3.424115000000000146e+04	8.563230000000000786e+00	nan	4.800000000000000000e+02	4.336164215483222228e-02	1.864296578094412626e-02	1.874588579325072585e-02	1.110106405531990070e+01	9.504395224873712777e+01	nan
nan	3.472559999999999854e+04	8.680720000000000880e+00	nan	4.900000000000000000e+02	4.539165678163783330e-02	1.827283858686111484e-02	1.858375459228769205e-02	1.080371601826809602e+01	9.378197273286838254e+01	nan
nan	3.509130000000000291e+04	8.771539999999999893e+00	nan	5.000000000000000000e+02	4.610479641399365530e-02	1.878132015285236683e-02	1.864106610608208883e-02	1.085675618698117439e+01	9.522610271058310616e+01	nan
nan	3.547825000000000000e+04	8.878930000000000433e+00	nan	5.100000000000000000e+02	4.707571799493166786e-02	1.810237200265712651e-02	1.848772555373388166e-02	1.086057561639615976e+01	9.644069882794562432e+01	nan
nan	3.592800000000000000e+04	8.974320000000000519e+00	nan	5.200000000000000000e+02	4.847787704560459904e-02	1.835727222451538979e-02	1.858424773090659385e-02	1.073970295469291258e+01	9.638456390315327837e+01	nan
nan	3.630380000000000291e+04	9.079640000000001265e+00	nan	5.300000000000000000e+02	5.029851362513682034e-02	1.877494455967952322e-02	1.866758627085061961e-02	1.054936754874768390e+01	9.578835207558216780e+01	nan
nan	3.671434999999999854e+04	9.167750000000001620e+00	nan	5.400000000000000000e+02	5.193532042605965987e-02	1.882910179396533532e-02	1.858192569851080736e-02	1.040739496161324773e+01	9.541907230825322017e+01	nan
nan	3.702019999999999709e+04	9.244440000000000879e+00	nan	5.500000000000000000e+02	5.281369662981773988e-02	1.819483027886544674e-02	1.863859749298460433e-02	1.042660993550842896e+01	9.639278746400012210e+01	nan
nan	3.747355000000000291e+04	9.352230000000002264e+00	nan	5.600000000000000000e+02	5.437502560810116709e-02	1.850324991253050541e-02	1.848743447564316078e-02	1.031859620306358494e+01	9.650410345419862779e+01	nan
nan	3.768105000000000291e+04	9.417890000000001649e+00	nan	5.700000000000000000e+02	5.613272546515304245e-02	1.833008587477428022e-02	1.869331283931006601e-02	1.017275208458921831e+01	9.580373543500614630e+01	nan
nan	3.814680000000000291e+04	9.538199999999999790e+00	nan	5.800000000000000000e+02	5.620965775069066556e-02	1.861781096077718550e-02	1.861971262183696740e-02	1.033395320284579100e+01	9.856312591076076046e+01	nan
nan	3.846059999999999854e+04	9.618239999999998346e+00	nan	5.900000000000000000e+02	5.879154428216111505e-02	1.860598879455600818e-02	1.865512193267492708e-02	1.004953623512598071e+01	9.665487196978332918e+01	nan
nan	3.886044999999999709e+04	9.722810000000000841e+00	nan	6.000000000000000000e+02	6.066990015006012982e-02	1.800789760187608210e-02	1.845201256409913920e-02	9.908545617630020175e+00	9.633660190178213156e+01	nan
nan	3.923250000000000000e+04	9.807539999999999480e+00	nan	6.100000000000000000e+02	6.185267678486070647e-02	1.851965860560347149e-02	1.871285878438831360e-02	9.878075298621681100e+00	9.686993558611570165e+01	nan
nan	3.958609999999999854e+04	9.887819999999999609e+00	nan	6.200000000000000000e+02	6.387699541105576473e-02	1.872529119294123398e-02	1.856176362708764419e-02	9.713082463141025968e+00	9.604077572536814955e+01	nan
nan	3.995530000000000291e+04	9.988139999999999574e+00	nan	6.300000000000000000e+02	6.517488121133965806e-02	1.846628686497403526e-02	1.859138388048117013e-02	9.686645038413658426e+00	9.675463893968466778e+01	nan
nan	4.028034999999999854e+04	1.007038999999999973e+01	nan	6.400000000000000000e+02	6.594149928866954724e-02	1.809450900562068268e-02	1.854616838570911919e-02	9.727458923250599909e+00	9.795441481376821002e+01	nan
nan	4.060750000000000000e+04	1.014634000000000036e+01	nan	6.500000000000000000e+02	6.768117119884209387e-02	1.861344402727433539e-02	1.856192247124766395e-02	9.615429687157416083e+00	9.756163475596923718e+01	nan
nan	4.085159999999999854e+04	1.022727999999999859e+01	nan	6.600000000000000000e+02	6.957435058237138037e-02	1.838046621624582141e-02	1.857824426292197656e-02	9.502809472725408213e+00	9.718436147656566959e+01	nan
nan	4.127294999999999709e+04	1.032234999999999658e+01	nan	6.700000000000000000e+02	7.196661397011894223e-02	1.850077848455527335e-02	1.869685423732143220e-02	9.326926253865917005e+00	9.627857982843093509e+01	nan
nan	4.164530000000000291e+04	1.041194000000000131e+01	nan	6.800000000000000000e+02	7.370413704389307263e-02	1.826297738550596364e-02	1.856635065600712592e-02	9.238873855776953192e+00	9.618361234443185026e+01	nan
nan	4.193065000000000146e+04	1.048884999999999756e+01	nan	6.900000000000000000e+02	7.581128801877526358e-02	1.832107135066347522e-02	1.857316887614340190e-02	9.113193579517574250e+00	9.558602512242192972e+01	nan
nan	4.221584999999999854e+04	1.054489000000000232e+01	nan	7.000000000000000000e+02	7.652599916605140606e-02	1.826147577623844082e-02	1.861330035071060221e-02	9.168402566729941583e+00	9.667550474427797269e+01	nan
nan	4.248875000000000000e+04	1.063534999999999897e+01	nan	7.100000000000000000e+02	7.822518593375207829e-02	1.824441163581601646e-02	1.849553340553863195e-02	9.091554232118109979e+00	9.669710320654107250e+01	nan
nan	4.282615000000000146e+04	1.070527000000000051e+01	nan	7.200000000000000000e+02	7.960347615631917229e-02	1.883792381271558875e-02	1.855158747242181480e-02	9.060823714635375836e+00	9.699826381863229585e+01	nan
nan	4.314969999999999709e+04	1.078002000000000038e+01	nan	7.300000000000000000e+02	8.000257309761309166e-02	1.883402531877564554e-02	1.843286489427216693e-02	9.139678269217148099e+00	9.852512785136880780e+01	nan
nan	4.342484999999999854e+04	1.084913000000000238e+01	nan	7.400000000000000000e+02	8.304255389602985260e-02	1.864668849120842964e-02	1.865562395991171921e-02	8.922178747514655228e+00	9.679158050818288928e+01	nan
nan	4.383784999999999854e+04	1.096120999999999945e+01	nan	7.500000000000000000e+02	8.488982324090557641e-02	1.835084943310650446e-02	1.840740697138295093e-02	8.847659620432962058e+00	9.697762132402596080e+01	nan
nan	4.410259999999999854e+04	1.104019999999999868e+01	nan	7.600000000000000000e+02	8.524963330532386863e-02	1.856421940102469942e-02	1.846527943728223584e-02	8.929845707386457221e+00	9.858357399308685842e+01	nan
nan	4.441684999999999854e+04	1.111141000000000112e+01	nan	7.700000000000000000e+02	8.850958677305698075e-02	1.872072551247740829e-02	1.863861166757527221e-02	8.715379253462659292e+00	9.683445016257795146e+01	nan
nan	4.470765000000000146e+04	1.117609000000000030e+01	nan	7.800000000000000000e+02	9.006186821196707215e-02	1.797851326201429026e-02	1.858293610225730114e-02	8.673550572288366567e+00	9.693234977683910358e+01	nan
nan	4.506384999999999854e+04	1.125765000000000171e+01	nan	7.900000000000000000e+02	9.070984943155054048e-02	1.825418482882049803e-02	1.854722307271779516e-02	8.722928173975612154e+00	9.819221614866809489e+01	nan
nan	4.528425000000000000e+04	1.132557000000000080e+01	nan	8.000000000000000000e+02	9.345975525554876817e-02	1.822924643848997106e-02	1.863464329420162768e-02	8.579946588852459755e+00	9.716916062529909937e+01	nan
nan	4.560534999999999854e+04	1.139614999999999867e+01	nan	8.100000000000000000e+02	9.396336035762828387e-02	1.921196585596025505e-02	1.858010109388943260e-02	8.640674162265664648e+00	9.847460957957933658e+01	nan
nan	4.593184999999999854e+04	1.148165000000000191e+01	nan	8.200000000000000000e+02	9.758118200069247627e-02	1.904067074026745757e-02	1.863242371743355566e-02	8.416650254953358612e+00	9.664371804576410341e+01	nan
nan	4.615375000000000000e+04	1.152607000000000070e+01	nan	8.300000000000000000e+02	9.934302205471681746e-02	1.842339817034929078e-02	1.859232496134016061e-02	8.365112335210515226e+00	9.642061276231775935e+01	nan
nan	4.649434999999999854e+04	1.161983000000000033e+01	nan	8.400000000000000000e+02	9.886991058845637226e-02	1.801671327512709836e-02	1.855927425934876182e-02	8.502652229366145065e+00	9.879542514565063982e+01	nan
nan	4.669955000000000291e+04	1.166595000000000049e+01	nan	8.500000000000000000e+02	1.011958715282389731e-01	1.842538584632631704e-02	1.867482094759104552e-02	8.409156217091817709e+00	9.810089435801363322e+01	nan
nan	4.701569999999999709e+04	1.174746000000000024e+01	nan	8.600000000000000000e+02	1.039046972882886194e-01	1.849300638703568755e-02	1.851250751354252544e-02	8.292650300413681563e+00	9.741217061244977060e+01	nan
nan	4.731644999999999709e+04	1.182660999999999873e+01	nan	8.700000000000000000e+02	1.058363022616674726e-01	1.825481987889543065e-02	1.860839802032726240e-02	8.240100983342621532e+00	9.744420027674632934e+01	nan
nan	4.755015000000000146e+04	1.188211000000000084e+01	nan	8.800000000000000000e+02	1.077676569609423013e-01	1.825004986467008636e-02	1.851085789994779546e-02	8.179844227479364349e+00	9.718426774374914601e+01	nan
nan	4.790465000000000146e+04	1.195733000000000068e+01	nan	8.900000000000000000e+02	1.087206468370823104e-01	1.829378690806533411e-02	1.851052368429135717e-02	8.195273088768072256e+00	9.799041856142052609e+01	nan
nan	4.817815000000000146e+04	1.203711000000000197e+01	nan	9.000000000000000000e+02	1.111413539349428020e-01	1.839631755489048309e-02	1.852194832963326848e-02	8.112672875384621562e+00	9.766898743475825029e+01	nan
nan	4.846705000000000291e+04	1.212052999999999869e+01	nan	9.100000000000000000e+02	1.119330102179560554e-01	1.838761348456501715e-02	1.862424133298323098e-02	8.133515532440407370e+00	9.858074503724060378e+01	nan
nan	4.875240000000000146e+04	1.220575999999999972e+01	nan	9.200000000000000000e+02	1.149394575888493392e-01	1.852174727136189983e-02	1.855611812350831807e-02	8.019721067398650760e+00	9.788403479454987632e+01	nan
nan	4.888555000000000291e+04	1.222083000000000297e+01	nan	9.300000000000000000e+02	1.150741954210616341e-01	1.890608144457796638e-02	1.865329908360401426e-02	8.091195276874723064e+00	9.888042862325742988e+01	nan
nan	4.921725000000000000e+04	1.230664999999999765e+01	nan	9.400000000000000000e+02	1.188462140746253254e-01	1.854735967011924766e-02	1.853368260378076074e-02	7.924569808377381896e+00	9.751851161952137659e+01	nan
nan	4.958694999999999709e+04	1.239347000000000065e+01	nan	9.500000000000000000e+02	1.206467381569382297e-01	1.828582244694567163e-02	1.866984672643735160e-02	7.882803545039299031e+00	9.769704305237121389e+01	nan
nan	4.974159999999999854e+04	1.243148000000000053e+01	nan	9.600000000000000000e+02	1.219459507939518461e-01	1.823481603794650796e-02	1.871110792345460211e-02	7.883462417830171987e+00	9.800554071004968648e+01	nan
nan	5.004994999999999709e+04	1.252530999999999928e+01	nan	9.700000000000000000e+02	1.230134389636589332e-01	1.835496175558049003e-02	1.868159340098704893e-02	7.892634036060715452e+00	9.885401909932718922e+01	nan
nan	5.036244999999999709e+04	1.259544999999999781e+01	nan	9.800000000000000000e+02	1.274509996185997918e-01	1.858117059906140914e-02	1.849442850094044910e-02	7.703490706170407876e+00	9.702968132470165585e+01	nan
nan	5.049684999999999854e+04	1.263780999999999999e+01	nan	9.900000000000000000e+02	1.292916930565070344e-01	1.887049598562120373e-02	1.853252700899954072e-02	7.663427652406710422e+00	9.684887851555636473e+01	nan
nan	5.085180000000000291e+04	1.271347999999999878e+01	nan	1.000000000000000000e+03	1.307886706739339044e-01	1.894220161326382740e-02	1.866416939977373624e-02	7.665584953022765546e+00	9.745905772923362065e+01	nan
nan	5.105355000000000291e+04	1.276499000000000095e+01	nan	1.010000000000000000e+03	1.315088611351825365e-01	1.874654655325025746e-02	1.849636440478658050e-02	7.688422945574302503e+00	9.814149371269039079e+01	nan
nan	5.143144999999999709e+04	1.285353000000000101e+01	nan	1.020000000000000000e+03	1.338117732658986314e-01	1.844841517490476007e-02	1.863776144601081083e-02	7.634393336827601573e+00	9.813124354028470009e+01	nan
nan	5.167794999999999709e+04	1.291574999999999740e+01	nan	1.030000000000000000e+03	1.372163125526185412e-01	1.861093478630457959e-02	1.862082759843076973e-02	7.520165380838586877e+00	9.713091163723950672e+01	nan
nan	5.189550000000000000e+04	1.298426000000000080e+01	nan	1.040000000000000000e+03	1.355393859840205439e-01	1.800866903152518322e-02	1.869480992681167228e-02	7.679452651284895737e+00	9.971131480076770970e+01	nan
nan	5.211144999999999709e+04	1.303569000000000244e+01	nan	1.050000000000000000e+03	1.389734898469214275e-01	1.872783121192457198e-02	1.859546411171692296e-02	7.568098337283252874e+00	9.865275313928736978e+01	nan
nan	5.243809999999999854e+04	1.311197999999999908e+01	nan	1.060000000000000000e+03	1.427901672937309796e-01	1.812693354183466179e-02	1.855507341810939265e-02	7.433657596923649358e+00	9.747448841881161741e+01	nan
nan	5.256355000000000291e+04	1.314458999999999911e+01	nan	1.070000000000000000e+03	1.451960329530265770e-01	1.858863001789904518e-02	1.849018543083263966e-02	7.378599770497835664e+00	9.698976219985671321e+01	nan
nan	5.290925000000000000e+04	1.323221000000000025e+01	nan	1.080000000000000000e+03	1.461497510800654764e-01	1.832298721107980879e-02	1.853754954049061793e-02	7.398262664073975259e+00	9.789703874496186131e+01	nan
nan	5.313880000000000291e+04	1.327740000000000009e+01	nan	1.090000000000000000e+03	1.506858532358478497e-01	1.823090453849373488e-02	1.866818927052529484e-02	7.244774414953394803e+00	9.619513935551793793e+01	nan
nan	5.336184999999999854e+04	1.333737000000000172e+01	nan	1.100000000000000000e+03	1.509162010224940897e-01	1.837848649987244148e-02	1.861119715497212834e-02	7.294408650423244822e+00	9.728545996090538495e+01	nan
nan	5.365634999999999854e+04	1.341715000000000124e+01	nan	1.110000000000000000e+03	1.512650982512582232e-01	1.859825312021490262e-02	1.861188945689581237e-02	7.347311396454129451e+00	9.857993659537137887e+01	nan
nan	5.388430000000000291e+04	1.346838000000000157e+01	nan	1.120000000000000000e+03	1.547464219661037477e-01	1.858264228666926809e-02	1.852814532954990406e-02	7.249882681895978287e+00	9.763196152378682768e+01	nan
nan	5.407284999999999854e+04	1.351248999999999967e+01	nan	1.130000000000000000e+03	1.569365472159233721e-01	1.864419712883627275e-02	1.854423551453114258e-02	7.216971480422453844e+00	9.751958416070053204e+01	nan
nan	5.438290000000000146e+04	1.360026000000000046e+01	nan	1.140000000000000000e+03	1.577773401499712180e-01	1.880276376507276567e-02	1.857365140751001537e-02	7.235350731040005812e+00	9.839914707455470477e+01	nan
nan	5.458584999999999854e+04	1.364052999999999827e+01	nan	1.150000000000000000e+03	1.641782620448907493e-01	1.840519694910474138e-02	1.857827172173197317e-02	7.009316137639619804e+00	9.561381822908262507e+01	nan
nan	5.489275000000000000e+04	1.371214999999999939e+01	nan	1.160000000000000000e+03	1.646311427005457406e-01	1.858368454263416986e-02	1.848601757116337743e-02	7.056795725007569686e+00	9.676227801197036626e+01	nan
nan	5.512625000000000000e+04	1.378540999999999883e+01	nan	1.170000000000000000e+03	1.662903495384625840e-01	1.874466362786862683e-02	1.855274872121303459e-02	7.055696946776848222e+00	9.726956004478444129e+01	nan
nan	5.521809999999999854e+04	1.381210000000000093e+01	nan	1.180000000000000000e+03	1.675413183362025049e-01	1.884275477993598014e-02	1.860606749874975721e-02	7.055757614819178514e+00	9.745669746688585633e+01	nan
nan	5.553905000000000291e+04	1.389029000000000202e+01	nan	1.190000000000000000e+03	1.683395676002760466e-01	1.824600264006082453e-02	1.844100584178163041e-02	7.080866627340492769e+00	9.835760095763487243e+01	nan
nan	5.576225000000000000e+04	1.392616999999999905e+01	nan	1.200000000000000000e+03	1.697677071987868658e-01	1.800157885735149607e-02	1.861297868677544431e-02	7.075892701928886197e+00	9.853807185190845530e+01	nan
nan	5.610125000000000000e+04	1.404100999999999999e+01	nan	1.210000000000000000e+03	1.732722663575145816e-01	1.811490341192316389e-02	1.861087673021396757e-02	6.990218107550733251e+00	9.815086331816910103e+01	nan
nan	5.618955000000000291e+04	1.406655000000000122e+01	nan	1.220000000000000000e+03	1.752162918802468994e-01	1.792298835103222493e-02	1.853662019977369776e-02	6.967712615322112057e+00	9.801224402959336146e+01	nan
nan	5.647659999999999854e+04	1.411459999999999937e+01	nan	1.230000000000000000e+03	1.780666066596722774e-01	1.824907217779530438e-02	1.860209605124921867e-02	6.913725788374255110e+00	9.758446289591026357e+01	nan
nan	5.670105000000000291e+04	1.417488999999999955e+01	nan	1.240000000000000000e+03	1.812128706587259330e-01	1.841892196931698561e-02	1.855414411510878520e-02	6.848098010717523998e+00	9.707231376719447269e+01	nan
nan	5.705344999999999709e+04	1.425181000000000253e+01	nan	1.250000000000000000e+03	1.773027281165809599e-01	1.811225580556375531e-02	1.856564080558209887e-02	7.058587124257431178e+00	1.005977141393555598e+02	nan
nan	5.717294999999999709e+04	1.430938999999999872e+01	nan	1.260000000000000000e+03	1.830817103946628666e-01	1.867806343158718435e-02	1.859224079886256237e-02	6.893142489935664585e+00	9.863330477136818786e+01	nan
nan	5.747815000000000146e+04	1.437570999999999799e+01	nan	1.270000000000000000e+03	1.875110373748157255e-01	1.869382833548221753e-02	1.865520083327387724e-02	6.786618165856529217e+00	9.756237094654906628e+01	nan
nan	5.778915000000000146e+04	1.444626999999999839e+01	nan	1.280000000000000000e+03	1.887788095953169543e-01	1.844682558328937863e-02	1.864919477098771899e-02	6.785127591317395179e+00	9.802064745163869475e+01	nan
nan	5.789250000000000000e+04	1.446426000000000123e+01	nan	1.290000000000000000e+03	1.920039970454809064e-01	1.891108145203617211e-02	1.872200733653345966e-02	6.727480411514775938e+00	9.730536384813355255e+01	nan
nan	5.818369999999999709e+04	1.454561999999999955e+01	nan	1.300000000000000000e+03	1.920438839972234690e-01	1.845834338015656106e-02	1.840096875738923485e-02	6.779047208065986929e+00	9.860533003449029366e+01	nan
nan	5.841094999999999709e+04	1.459455000000000169e+01	nan	1.310000000000000000e+03	1.973795616854431556e-01	1.876718836459015036e-02	1.860509266744395790e-02	6.643720322088235264e+00	9.696043103191189516e+01	nan
nan	5.868450000000000000e+04	1.467093999999999809e+01	nan	1.320000000000000000e+03	1.962298681975198633e-01	1.863233070563712762e-02	1.864472553599235555e-02	6.733383627700217922e+00	9.878883987224091356e+01	nan
nan	5.879475000000000000e+04	1.470402999999999949e+01	nan	1.330000000000000000e+03	2.012114802813130265e-01	1.823885242478925223e-02	1.869760497285196527e-02	6.627673501489693919e+00	9.745092967568380971e+01	nan
nan	5.896165000000000146e+04	1.473052999999999813e+01	nan	1.340000000000000000e+03	1.982650160247885762e-01	1.886672085007089564e-02	1.860950258325481249e-02	6.768083675438172797e+00	9.969081133436702657e+01	nan
nan	5.924194999999999709e+04	1.480190999999999768e+01	nan	1.350000000000000000e+03	2.048155693737612748e-01	1.859989591814491597e-02	1.869904906635235994e-02	6.600449729290711609e+00	9.770276546867150103e+01	nan
nan	5.949550000000000000e+04	1.487542000000000009e+01	nan	1.360000000000000000e+03	2.058496290164839593e-01	1.874284952839019511e-02	1.861661886085860113e-02	6.616293713042611380e+00	9.841965641165583634e+01	nan
nan	5.968869999999999709e+04	1.492046000000000205e+01	nan	1.370000000000000000e+03	2.075870639332151879e-01	1.853820124080598347e-02	1.850795000737590762e-02	6.613187116522617259e+00	9.867079279823363436e+01	nan
nan	5.982075000000000000e+04	1.496262999999999899e+01	nan	1.380000000000000000e+03	2.121638386469612558e-01	1.817183637756910816e-02	1.854326792598453080e-02	6.514915637040784802e+00	9.747926906080461151e+01	nan
nan	6.014544999999999709e+04	1.503408999999999729e+01	nan	1.390000000000000000e+03	2.095966198319047236e-01	1.873006599129690974e-02	1.861987277731614460e-02	6.637868220905856376e+00	9.978763483770732989e+01	nan
nan	6.034719999999999709e+04	1.510015999999999714e+01	nan	1.400000000000000000e+03	2.156117020670194617e-01	1.852959291031643779e-02	1.858906679549368959e-02	6.504003149862066735e+00	9.820872836240683057e+01	nan
nan	6.061459999999999854e+04	1.515104000000000006e+01	nan	1.410000000000000000e+03	2.138263526637046996e-01	1.853840018616945834e-02	1.843339339231064161e-02	6.598833248202508273e+00	9.998324469110008295e+01	nan
nan	6.076859999999999854e+04	1.518064000000000213e+01	nan	1.420000000000000000e+03	2.170519861419507035e-01	1.844856029529457278e-02	1.861291856169667094e-02	6.549095869702645345e+00	9.941862547418820384e+01	nan
nan	6.102075000000000000e+04	1.525175000000000125e+01	nan	1.430000000000000000e+03	2.246244471406953491e-01	1.836783898068394816e-02	1.859381731188583173e-02	6.372694641409339056e+00	9.719736705110591402e+01	nan
nan	6.129459999999999854e+04	1.531375999999999671e+01	nan	1.440000000000000000e+03	2.280585543763322676e-01	1.840549322362782653e-02	1.852464329963703429e-02	6.321760020991667339e+00	9.681180880644518538e+01	nan
nan	6.141684999999999854e+04	1.535308999999999990e+01	nan	1.450000000000000000e+03	2.242655157989588699e-01	1.804568934605600000e-02	1.867460666188713869e-02	6.476705383758964096e+00	9.943605152292323623e+01	nan
nan	6.161830000000000291e+04	1.540649999999999942e+01	nan	1.460000000000000000e+03	2.291589117680700727e-01	1.856794487697389223e-02	1.858981148463390715e-02	6.380648726730465015e+00	9.830178808644579647e+01	nan
nan	6.186884999999999854e+04	1.546960999999999942e+01	nan	1.470000000000000000e+03	2.326972204458115923e-01	1.827146550403090097e-02	1.854943370597188571e-02	6.324302274339532737e+00	9.783685810691591200e+01	nan
nan	6.209850000000000000e+04	1.554325999999999830e+01	nan	1.480000000000000000e+03	2.340618535429598579e-01	1.874976605962211731e-02	1.860499502156463814e-02	6.332774783935283480e+00	9.843120519394165058e+01	nan
nan	6.233755000000000291e+04	1.558703000000000216e+01	nan	1.490000000000000000e+03	2.358237380740888511e-01	1.843793954956943898e-02	1.847585335249672667e-02	6.326125004797839679e+00	9.860666760258725105e+01	nan
nan	6.247030000000000291e+04	1.562849999999999895e+01	nan	1.500000000000000000e+03	2.407638610883736929e-01	1.812769696606763431e-02	1.864574677720626933e-02	6.237954141507580985e+00	9.749428816244601137e+01	nan
nan	6.273969999999999709e+04	1.568318000000000367e+01	nan	1.510000000000000000e+03	2.410474720782986024e-01	1.859720703728103691e-02	1.861198535637898638e-02	6.269669278441375226e+00	9.832685239581313397e+01	nan
nan	6.282194999999999709e+04	1.571410999999999980e+01	nan	1.520000000000000000e+03	2.421252916340335959e-01	1.874185734164472705e-02	1.846781852953677250e-02	6.284578505648637403e+00	9.875363863990182267e+01	nan
nan	6.311409999999999854e+04	1.576581999999999972e+01	nan	1.530000000000000000e+03	2.468616810738012701e-01	1.828339079420336633e-02	1.878168987805965001e-02	6.203989043957347960e+00	9.781242522676919293e+01	nan
nan	6.344084999999999854e+04	1.586848999999999954e+01	nan	1.540000000000000000e+03	2.528350877269531227e-01	1.863751428977671043e-02	1.858516299921196893e-02	6.096965840658644886e+00	9.674621238644051857e+01	nan
nan	6.355769999999999709e+04	1.589537999999999762e+01	nan	1.550000000000000000e+03	2.480770833869883063e-01	1.852673345853553602e-02	1.859730253751524717e-02	6.257064729693762928e+00	9.945947535374457971e+01	nan
nan	6.366850000000000000e+04	1.590602000000000160e+01	nan	1.560000000000000000e+03	2.539846342520263311e-01	1.808294405229443624e-02	1.854375624748426030e-02	6.156176312935182082e+00	9.792315200520350515e+01	nan
nan	6.390925000000000000e+04	1.598493000000000208e+01	nan	1.570000000000000000e+03	2.599973516684599417e-01	1.880675033370187571e-02	1.863666707263134797e-02	6.045977449927034897e+00	9.664191837600256463e+01	nan
nan	6.410330000000000291e+04	1.602390000000000470e+01	nan	1.580000000000000000e+03	2.535019016923797386e-01	1.851635928205954545e-02	1.862343022599861550e-02	6.245535118301495103e+00	1.000810653111180102e+02	nan
nan	6.439140000000000146e+04	1.610439999999999827e+01	nan	1.590000000000000000e+03	2.605237862164472284e-01	1.821614507383594733e-02	1.860131277374477837e-02	6.112231866847365858e+00	9.843600802402394834e+01	nan
nan	6.459994999999999709e+04	1.613862999999999914e+01	nan	1.600000000000000000e+03	2.607745776827755657e-01	1.822167583267415153e-02	1.856193447891229045e-02	6.145736179356943829e+00	9.918423848851907110e+01	nan
nan	6.493434999999999854e+04	1.624459000000000231e+01	nan	1.610000000000000000e+03	2.686060413740051223e-01	1.833802619515201987e-02	1.865809550536728229e-02	5.999663192724557170e+00	9.746740273965670553e+01	nan
nan	6.500700000000000000e+04	1.626024000000000314e+01	nan	1.620000000000000000e+03	2.660460961847433969e-01	1.855453956951702219e-02	1.873506661385931915e-02	6.099189163817809956e+00	9.917219133730328906e+01	nan
nan	6.508759999999999854e+04	1.626696000000000453e+01	nan	1.630000000000000000e+03	2.717904509116465528e-01	1.836540582825239853e-02	1.870322049181590007e-02	6.008331664247599235e+00	9.773658932393064447e+01	nan
nan	6.539075000000000000e+04	1.636690999999999718e+01	nan	1.640000000000000000e+03	2.755383800030699604e-01	1.806956748787379857e-02	1.856030975770768532e-02	5.959910657254470223e+00	9.755045909608250554e+01	nan
nan	6.568460000000000582e+04	1.641140000000000043e+01	nan	1.650000000000000000e+03	2.754033269618389457e-01	1.817084127260588933e-02	1.856418997267740567e-02	5.999982987150323410e+00	9.846991492396804802e+01	nan
nan	6.581985000000000582e+04	1.642756999999999934e+01	nan	1.660000000000000000e+03	2.760799770046332702e-01	1.843294997853838629e-02	1.852949917671829413e-02	6.021293066734532573e+00	9.891742606905530977e+01	nan
nan	6.601305000000000291e+04	1.651460999999999757e+01	nan	1.670000000000000000e+03	2.803145787674793388e-01	1.860475154946007043e-02	1.864947623202323906e-02	5.966094892483637224e+00	9.854282149509970168e+01	nan
nan	6.613639999999999418e+04	1.652067999999999870e+01	nan	1.680000000000000000e+03	2.849580188268305281e-01	1.785332187991930941e-02	1.846197874931811145e-02	5.903239013268569479e+00	9.752401526514032071e+01	nan
nan	6.634985000000000582e+04	1.658552999999999855e+01	nan	1.690000000000000000e+03	2.832577361917856251e-01	1.891781726375999298e-02	1.865343642569287225e-02	5.975829011070256769e+00	9.910256360110797402e+01	nan
nan	6.656514999999999418e+04	1.664911000000000030e+01	nan	1.700000000000000000e+03	2.887654247765112925e-01	1.838014206686553603e-02	1.847769231891161282e-02	5.895824217560611480e+00	9.815432456054705312e+01	nan
nan	6.680905000000000291e+04	1.669028999999999741e+01	nan	1.710000000000000000e+03	2.919960976286916088e-01	1.839500082701230749e-02	1.870163288854026495e-02	5.863691768781302827e+00	9.786974854603874974e+01	nan
nan	6.705200000000000000e+04	1.678016000000000219e+01	nan	1.720000000000000000e+03	2.918944237785467410e-01	1.848708684623697612e-02	1.865462246950080547e-02	5.897517879321737766e+00	9.896298403740487970e+01	nan
nan	6.725160000000000582e+04	1.681503999999999976e+01	nan	1.730000000000000000e+03	2.971490326240996405e-01	1.839779686133721781e-02	1.870293011367394828e-02	5.832405469240269369e+00	9.807345596481728478e+01	nan
nan	6.741455000000000291e+04	1.684926999999999708e+01	nan	1.740000000000000000e+03	2.979978891843416133e-01	1.790487447834961110e-02	1.851156139394469560e-02	5.846156800798771869e+00	9.850455251746316776e+01	nan
nan	6.749635000000000582e+04	1.687538999999999945e+01	nan	1.750000000000000000e+03	2.967485326805217594e-01	1.849417549770711322e-02	1.866550118243659809e-02	5.903130835242544450e+00	9.961994078221825077e+01	nan
nan	6.773110000000000582e+04	1.692497999999999791e+01	nan	1.760000000000000000e+03	3.025135610513302598e-01	1.854693939790091201e-02	1.851456814919004087e-02	5.829537220678198572e+00	9.867350058137026281e+01	nan
nan	6.803625000000000000e+04	1.701268999999999920e+01	nan	1.770000000000000000e+03	3.076824903530678279e-01	1.842491930744869638e-02	1.859138282412948345e-02	5.758704500325096731e+00	9.797259887875129891e+01	nan
nan	6.817860000000000582e+04	1.703915999999999897e+01	nan	1.780000000000000000e+03	3.044971455167796992e-01	1.830651709361224774e-02	1.873430429039204398e-02	5.852015717303528319e+00	9.970797094114969639e+01	nan
nan	6.831914999999999418e+04	1.709334999999999738e+01	nan	1.790000000000000000e+03	3.146384554839755654e-01	1.794046205100969377e-02	1.849822426319936569e-02	5.696084270374763392e+00	9.736914150402108703e+01	nan
nan	6.860389999999999418e+04	1.715182000000000073e+01	nan	1.800000000000000000e+03	3.113410420323020622e-01	1.831815449622532094e-02	1.856910769487832291e-02	5.793243262267123050e+00	9.936209588243933410e+01	nan
nan	6.869625000000000000e+04	1.717845000000000155e+01	nan	1.810000000000000000e+03	3.178883991658721930e-01	1.849362843152046326e-02	1.858071691626701424e-02	5.702381819950181452e+00	9.795920131305777545e+01	nan
nan	6.900669999999999709e+04	1.724786000000000286e+01	nan	1.820000000000000000e+03	3.159001140533860275e-01	1.846781593056771517e-02	1.847418138690938919e-02	5.767999557100600860e+00	9.948968060423014492e+01	nan
nan	6.910539999999999418e+04	1.727091999999999672e+01	nan	1.830000000000000000e+03	3.215825680067837533e-01	1.859594437958689631e-02	1.883860536909125194e-02	5.695129726885832966e+00	9.835960821386541397e+01	nan
nan	6.928080000000000291e+04	1.733251999999999526e+01	nan	1.840000000000000000e+03	3.239271047320244068e-01	1.832360856414236988e-02	1.855929899169882907e-02	5.686015912718338505e+00	9.855832939183819974e+01	nan
nan	6.952760000000000582e+04	1.738452000000000197e+01	nan	1.850000000000000000e+03	3.279345411267968191e-01	1.845011873445204578e-02	1.869423648714851893e-02	5.649610656018784205e+00	9.821220456671395027e+01	nan
nan	6.974975000000000000e+04	1.744342999999999932e+01	nan	1.860000000000000000e+03	3.293957416907574154e-01	1.837524476720235611e-02	1.874120318535483706e-02	5.652232156262033236e+00	9.859418332279588526e+01	nan
nan	6.998339999999999418e+04	1.749947999999999837e+01	nan	1.870000000000000000e+03	3.340549812118638329e-01	1.804119134116156237e-02	1.853338100840786623e-02	5.604550671650763150e+00	9.807266804644382319e+01	nan
nan	7.005864999999999418e+04	1.749493000000000009e+01	nan	1.880000000000000000e+03	3.317664209588656599e-01	1.867339170507664389e-02	1.864658586297022330e-02	5.672656811944775335e+00	9.924911323659594586e+01	nan
nan	7.026410000000000582e+04	1.754386000000000223e+01	nan	1.890000000000000000e+03	3.398686148566412157e-01	1.818587004861324866e-02	1.862633419823728556e-02	5.569568360884489699e+00	9.771414479256478103e+01	nan
nan	7.046385000000000582e+04	1.761745000000000161e+01	nan	1.900000000000000000e+03	3.400807325615460286e-01	1.842616171093683711e-02	1.864743337875956683e-02	5.597004325833539795e+00	9.860561186117578814e+01	nan
nan	7.059055000000000291e+04	1.764130999999999716e+01	nan	1.910000000000000000e+03	3.449945844447597776e-01	1.852673711758597366e-02	1.859051586239814785e-02	5.540652613393350912e+00	9.774349956487333202e+01	nan
nan	7.079885000000000582e+04	1.770840999999999710e+01	nan	1.920000000000000000e+03	3.472987289887328188e-01	1.811293267681399893e-02	1.860694418779526224e-02	5.536683849368650989e+00	9.804123188242114395e+01	nan
nan	7.098725000000000000e+04	1.773816999999999666e+01	nan	1.930000000000000000e+03	3.460197319370081348e-01	1.862348683427969553e-02	1.864496529250292411e-02	5.582578409162466393e+00	9.902428507939217184e+01	nan
nan	7.109730000000000291e+04	1.775713999999999970e+01	nan	1.940000000000000000e+03	3.528254035457052962e-01	1.831615996991453610e-02	1.859469539191072746e-02	5.506876531248515505e+00	9.778646191994261017e+01	nan
nan	7.137025000000000000e+04	1.785276999999999958e+01	nan	1.950000000000000000e+03	3.555194300818698139e-01	1.786790042722056354e-02	1.862293180794327707e-02	5.494432323849806288e+00	9.808930526272845896e+01	nan
nan	7.173685000000000582e+04	1.791657000000000011e+01	nan	1.960000000000000000e+03	3.609810065809370139e-01	1.780282254853753077e-02	1.863951117759666751e-02	5.436884773526488246e+00	9.741016212116578288e+01	nan
nan	7.166119999999999709e+04	1.792399999999999949e+01	nan	1.970000000000000000e+03	3.589889073195877134e-01	1.858294957643707307e-02	1.861384731096061076e-02	5.496203202160900858e+00	9.851155540491046736e+01	nan
nan	7.193689999999999418e+04	1.799914000000000058e+01	nan	1.980000000000000000e+03	3.659043566647369738e-01	1.775869828380806717e-02	1.860038787257545581e-02	5.417378766888298891e+00	9.750879363684428824e+01	nan
nan	7.200730000000000291e+04	1.801833999999999847e+01	nan	1.990000000000000000e+03	3.636439434036560781e-01	1.824901092787048137e-02	1.857906958996009827e-02	5.484247151896264327e+00	9.882387470993273837e+01	nan
nan	7.226180000000000291e+04	1.807087999999999894e+01	nan	2.000000000000000000e+03	3.653047702983940326e-01	1.851146160159499246e-02	1.866065165646818916e-02	5.478673460771024573e+00	9.900666664198328704e+01	nan
nan	7.238780000000000291e+04	1.810856000000000066e+01	nan	2.010000000000000000e+03	3.652371395461727621e-01	1.855855427071967031e-02	1.868603483785533786e-02	5.507712866248187566e+00	9.973517205544860076e+01	nan
nan	7.265769999999999709e+04	1.817134000000000427e+01	nan	2.020000000000000000e+03	3.782670555773279264e-01	1.798425768404875516e-02	1.863683578736454946e-02	5.344280710086438901e+00	9.711318682490927756e+01	nan
nan	7.275530000000000291e+04	1.817373999999999867e+01	nan	2.030000000000000000e+03	3.758272525908637474e-01	1.868200105871642772e-02	1.857481719640319620e-02	5.409530872617460240e+00	9.830877894644041248e+01	nan
nan	7.302580000000000291e+04	1.824363999999999919e+01	nan	2.040000000000000000e+03	3.798837507293910676e-01	1.821621086554252658e-02	1.868449740715553281e-02	5.376864191605308818e+00	9.809476716363373328e+01	nan
nan	7.327305000000000291e+04	1.830229000000000283e+01	nan	2.050000000000000000e+03	3.822872286957135768e-01	1.835963067134500221e-02	1.862261130363771638e-02	5.368940981545405222e+00	9.826243819022877801e+01	nan
nan	7.340339999999999418e+04	1.834732000000000340e+01	nan	2.060000000000000000e+03	3.787185316069553442e-01	1.876506476537224619e-02	1.861671489562579523e-02	5.447106450193571980e+00	9.993761104060959610e+01	nan
nan	7.353355000000000291e+04	1.837518999999999636e+01	nan	2.070000000000000000e+03	3.863708168472840265e-01	1.842547452669955968e-02	1.858536456001412540e-02	5.367983634454711606e+00	9.863425622472736620e+01	nan
nan	7.368744999999999709e+04	1.840521000000000029e+01	nan	2.080000000000000000e+03	3.910220097506453274e-01	1.813363758090890537e-02	1.869683260479388168e-02	5.326090472853499236e+00	9.803344848906598941e+01	nan
nan	7.403219999999999709e+04	1.850672000000000139e+01	nan	2.090000000000000000e+03	3.934876907797842938e-01	1.863274308701669615e-02	1.870472267867071339e-02	5.316833507586972374e+00	9.839757208250713916e+01	nan
nan	7.408050000000000000e+04	1.852117999999999753e+01	nan	2.100000000000000000e+03	3.970522879649479586e-01	1.828848848990034456e-02	1.854166807884351578e-02	5.296448180669357519e+00	9.809610473600127989e+01	nan
nan	7.432625000000000000e+04	1.857261000000000095e+01	nan	2.110000000000000000e+03	3.999405256839964062e-01	1.879709384068130318e-02	1.865224222288119210e-02	5.281885521055498245e+00	9.809320033193482402e+01	nan
nan	7.441464999999999418e+04	1.860349000000000075e+01	nan	2.120000000000000000e+03	3.989448395377621637e-01	1.858698373672523427e-02	1.861209760909649305e-02	5.321403979689759645e+00	9.900023155373665418e+01	nan
nan	7.468100000000000000e+04	1.866000000000000014e+01	nan	2.130000000000000000e+03	4.035026220624786109e-01	1.824930737373684983e-02	1.864120413134152943e-02	5.287351441744098324e+00	9.865814178441165438e+01	nan
nan	7.478180000000000291e+04	1.870079999999999742e+01	nan	2.140000000000000000e+03	4.009694214856608374e-01	1.855325763960266605e-02	1.854552997853405744e-02	5.345336855375839136e+00	9.996391137564538099e+01	nan
nan	7.502575000000000000e+04	1.874258999999999986e+01	nan	2.150000000000000000e+03	4.096216160047333465e-01	1.828546967798894834e-02	1.863573309239072162e-02	5.257971304353363351e+00	9.854924131504364482e+01	nan
nan	7.512069999999999709e+04	1.876678000000000424e+01	nan	2.160000000000000000e+03	4.099155844888173195e-01	1.791243364990487835e-02	1.860939634793087188e-02	5.275410929223697032e+00	9.899823751929265825e+01	nan
nan	7.535594999999999709e+04	1.882107000000000241e+01	nan	2.170000000000000000e+03	4.136592935819408123e-01	1.843347127858627893e-02	1.872639751812549963e-02	5.250943954068164388e+00	9.882763419631604052e+01	nan
nan	7.545489999999999418e+04	1.886202000000000112e+01	nan	2.180000000000000000e+03	4.185571472628453193e-01	1.861254343141812220e-02	1.850114389104621365e-02	5.216184951472705222e+00	9.838877707007500817e+01	nan
nan	7.567764999999999418e+04	1.893637000000000015e+01	nan	2.190000000000000000e+03	4.259663531445539997e-01	1.850770706438702520e-02	1.860719678033994837e-02	5.145832327217362057e+00	9.744658872285165785e+01	nan
nan	7.582719999999999709e+04	1.897023999999999688e+01	nan	2.200000000000000000e+03	4.210366307742106073e-01	1.835384913733827117e-02	1.869832617912287401e-02	5.231124008273099868e+00	9.924253832271993758e+01	nan
nan	7.614219999999999709e+04	1.903688000000000358e+01	nan	2.210000000000000000e+03	4.308303972630710410e-01	1.851519768056855350e-02	1.860630194851592076e-02	5.139417223147884073e+00	9.783875502626615628e+01	nan
nan	7.616964999999999418e+04	1.905545000000000044e+01	nan	2.220000000000000000e+03	4.279985256658619397e-01	1.798795016804165259e-02	1.861495031092128688e-02	5.196675662308939181e+00	9.901832678765352114e+01	nan
nan	7.632200000000000000e+04	1.905136000000000251e+01	nan	2.230000000000000000e+03	4.271712582592954166e-01	1.845333649660981998e-02	1.865893008008425238e-02	5.224483922904130218e+00	9.953593551031889319e+01	nan
nan	7.658414999999999418e+04	1.914123000000000019e+01	nan	2.240000000000000000e+03	4.363704953366777661e-01	1.803248063665992967e-02	1.873478589597169647e-02	5.136662751946917460e+00	9.832156604663865096e+01	nan
nan	7.669460000000000582e+04	1.917360000000000042e+01	nan	2.250000000000000000e+03	4.378380118626637452e-01	1.870324963358762846e-02	1.850339485884561208e-02	5.146647771934724780e+00	9.867922943932305202e+01	nan
nan	7.697325000000000000e+04	1.923584999999999567e+01	nan	2.260000000000000000e+03	4.425049156589239141e-01	1.892853971545917918e-02	1.863140661392927167e-02	5.114633189247507872e+00	9.839025659324711626e+01	nan
nan	7.709175000000000000e+04	1.928523000000000209e+01	nan	2.270000000000000000e+03	4.423270418410993332e-01	1.853274317610804564e-02	1.863820366328446457e-02	5.138328300683868477e+00	9.909611962791031203e+01	nan
nan	7.716289999999999418e+04	1.929970000000000141e+01	nan	2.280000000000000000e+03	4.473723635000396714e-01	1.858318204152456174e-02	1.880576922005870039e-02	5.103272573679676682e+00	9.849215748325316611e+01	nan
nan	7.732544999999999709e+04	1.931821000000000055e+01	nan	2.290000000000000000e+03	4.502566807033644980e-01	1.859941128969782101e-02	1.860063915852287406e-02	5.094434791637263871e+00	9.841445718365579864e+01	nan
nan	7.764025000000000000e+04	1.942552999999999841e+01	nan	2.300000000000000000e+03	4.489207843950907550e-01	1.821556505642833029e-02	1.868230819892796254e-02	5.132648397663657214e+00	9.971025308243788743e+01	nan
nan	7.775339999999999418e+04	1.942655999999999850e+01	nan	2.310000000000000000e+03	4.498449358503194273e-01	1.797292504586216894e-02	1.857974513072811057e-02	5.142197122060558456e+00	9.989517591982034617e+01	nan
nan	7.796510000000000582e+04	1.947265999999999764e+01	nan	2.320000000000000000e+03	4.622760277849238264e-01	1.771687449207275458e-02	1.870506598084707012e-02	5.030523077932585352e+00	9.795647768647883424e+01	nan
nan	7.811519999999999709e+04	1.951540000000000319e+01	nan	2.330000000000000000e+03	4.640187851011660092e-01	1.846036745954946282e-02	1.856449068865656873e-02	5.033128619178251384e+00	9.823030204604555138e+01	nan
nan	7.835085000000000582e+04	1.959213000000000093e+01	nan	2.340000000000000000e+03	4.604761147521457820e-01	1.832413505573525156e-02	1.858555354932538844e-02	5.089954922496540135e+00	9.972365762695726232e+01	nan
nan	7.847714999999999418e+04	1.961223000000000027e+01	nan	2.350000000000000000e+03	4.693268766465962250e-01	1.800892721953662942e-02	1.848216178073311400e-02	5.012359438590527461e+00	9.830351655092019314e+01	nan
nan	7.856119999999999709e+04	1.964752000000000010e+01	nan	2.360000000000000000e+03	4.668077293244096149e-01	1.795146718420614212e-02	1.867858972292505554e-02	5.063841582783408235e+00	9.949144514070584933e+01	nan
nan	7.889055000000000291e+04	1.970791000000000537e+01	nan	2.370000000000000000e+03	4.768648018856538329e-01	1.814249295201405404e-02	1.870991015435125374e-02	4.977228550212561053e+00	9.809117733128879024e+01	nan
nan	7.892689999999999418e+04	1.973017999999999716e+01	nan	2.380000000000000000e+03	4.774880115668793112e-01	1.856149463646302594e-02	1.854507886165228034e-02	4.995865646595897047e+00	9.856986820077314349e+01	nan
nan	7.902300000000000000e+04	1.975931999999999888e+01	nan	2.390000000000000000e+03	4.854324792742999994e-01	1.812352027461627824e-02	1.886221005289237529e-02	4.930660633434889029e+00	9.743003337777210504e+01	nan
nan	7.929285000000000582e+04	1.982193000000000183e+01	nan	2.400000000000000000e+03	4.858700329706380217e-01	1.823694419726270416e-02	1.856483383443279303e-02	4.947496508444936936e+00	9.807378211317913497e+01	nan
nan	7.949889999999999418e+04	1.986334000000000444e+01	nan	2.410000000000000000e+03	4.913401773908844805e-01	1.832988493015696302e-02	1.860954281264902421e-02	4.916019446997426101e+00	9.764756786081389350e+01	nan
nan	7.972550000000000000e+04	1.992721999999999838e+01	nan	2.420000000000000000e+03	4.832336657080759101e-01	1.835802353760451061e-02	1.854240809811202179e-02	5.013032602915362901e+00	9.989551674644570767e+01	nan
nan	7.983800000000000000e+04	1.996663999999999817e+01	nan	2.430000000000000000e+03	4.871879947975685243e-01	1.831140336342861052e-02	1.860820385710725347e-02	4.995336879192054269e+00	9.974085730805968808e+01	nan
nan	7.988044999999999709e+04	1.997961000000000098e+01	nan	2.440000000000000000e+03	4.966207817770964539e-01	1.884717228664370761e-02	1.852928925754245698e-02	4.919296509297368836e+00	9.828396650915915700e+01	nan
nan	8.018239999999999418e+04	2.004548000000000130e+01	nan	2.450000000000000000e+03	4.897950848075197650e-01	1.851717756477135740e-02	1.851140912668943969e-02	5.010294384914963928e+00	1.004396220619252915e+02	nan
nan	8.026850000000000000e+04	2.006721999999999895e+01	nan	2.460000000000000000e+03	4.999788054915598190e-01	1.853466910981194093e-02	1.853267377793810927e-02	4.926773077785047583e+00	9.886581865101170763e+01	nan
nan	8.043610000000000582e+04	2.010322000000000031e+01	nan	2.470000000000000000e+03	4.962859255730336372e-01	1.807163372894474498e-02	1.861381067331235525e-02	4.984195737790310332e+00	1.001978563293182702e+02	nan
nan	8.056014999999999418e+04	2.013938999999999524e+01	nan	2.480000000000000000e+03	5.058602573597908991e-01	1.821242411837913772e-02	1.859218505159717857e-02	4.908457183082675535e+00	9.885519147151825337e+01	nan
nan	8.068525000000000000e+04	2.016940999999999917e+01	nan	2.490000000000000000e+03	5.097653856968008546e-01	1.784503212421101326e-02	1.862288568258537932e-02	4.893807822623179149e+00	9.870244090616613164e+01	nan
nan	8.094110000000000582e+04	2.022397999999999385e+01	nan	2.500000000000000000e+03	5.199938421380693176e-01	1.822964178875071534e-02	1.857462438336296776e-02	4.814183959313962369e+00	9.736471361211201270e+01	nan
nan	8.114435000000000582e+04	2.029963000000000051e+01	nan	2.510000000000000000e+03	5.139245397260310266e-01	1.870572065971518386e-02	1.848910196177054252e-02	4.891773025558439514e+00	9.930463749819759300e+01	nan
nan	8.121164999999999418e+04	2.031541000000000352e+01	nan	2.520000000000000000e+03	5.229019405917825214e-01	1.836381305838883857e-02	1.861021333795978908e-02	4.827600321603599198e+00	9.807820623590488651e+01	nan
nan	8.145414999999999418e+04	2.035959000000000074e+01	nan	2.530000000000000000e+03	5.170203484948387995e-01	1.819901243773012350e-02	1.868352170099053799e-02	4.899750080723268120e+00	9.975348853420641149e+01	nan
nan	8.146075000000000000e+04	2.034979000000000227e+01	nan	2.540000000000000000e+03	5.228768449555672992e-01	1.819952749967337913e-02	1.860901145544093319e-02	4.862096306928727074e+00	9.894002036146660828e+01	nan
nan	8.168464999999999418e+04	2.040992999999999569e+01	nan	2.550000000000000000e+03	5.292964117249994160e-01	1.843442418543710451e-02	1.863432210121610672e-02	4.825419780746296183e+00	9.848889329859123620e+01	nan
