# SourcePhotonFlux	NumberRaysSurvived	PercentageRaysSurvived	PhotonFlux	PhotonEnergy	Bandwidth	HorizontalFocusFWHM	VerticalFocusFWHM	EnergyPerMilPerBw	FluxPerMilPerBwPerc	FluxPerMilPerBwAbs
nan	2.379975000000000023e+02	5.944149999999999434e-02	nan	2.500000000000000000e+00	9.487107917896864576e-05	9.902140681953164759e-04	9.021624491134493107e-04	1.332450414125835980e+00	1.584422654516024265e+00	nan
nan	3.021974999999999909e+02	7.574749999999999539e-02	nan	3.000000000000000000e+00	1.201737816065495592e-04	1.011853279766310653e-03	9.072783129997586760e-04	1.250812968023525373e+00	1.895038251694671105e+00	nan
nan	3.607824999999999704e+02	9.024250000000000327e-02	nan	3.500000000000000000e+00	1.480146963110229156e-04	9.846462882856124414e-04	9.146321186113638615e-04	1.188430103113252034e+00	2.145300226371587016e+00	nan
nan	4.211924999999999955e+02	1.053525000000000017e-01	nan	4.000000000000000000e+00	1.795391272870005910e-04	9.740102025632373225e-04	9.150177842632906599e-04	1.118623886829009262e+00	2.357800469128220833e+00	nan
nan	4.758625000000000114e+02	1.190944999999999643e-01	nan	4.500000000000000000e+00	2.043433987060083723e-04	9.725159228527975120e-04	9.211338902862635254e-04	1.106008463432296640e+00	2.634043106276588109e+00	nan
nan	5.322975000000000136e+02	1.329054999999999820e-01	nan	5.000000000000000000e+00	2.308524663857980418e-04	9.596275758066496542e-04	9.178835734710186992e-04	1.087133293083705876e+00	2.889336234441081341e+00	nan
nan	5.856699999999999591e+02	1.466019999999999823e-01	nan	5.500000000000000000e+00	2.711094079726805500e-04	9.507805883293279914e-04	9.220694919087314917e-04	1.017449217937527184e+00	2.984325458955759736e+00	nan
nan	6.326625000000000227e+02	1.583624999999999894e-01	nan	6.000000000000000000e+00	2.972375161430918086e-04	9.506669052542356894e-04	9.219009036312614171e-04	1.011962989625230902e+00	3.204869918238837379e+00	nan
nan	6.840850000000000364e+02	1.714070000000000038e-01	nan	6.500000000000000000e+00	3.384177976513314152e-04	9.493100031685104603e-04	9.279591142190834205e-04	9.617972223758732842e-01	3.298164551867558636e+00	nan
nan	7.276875000000000000e+02	1.815235000000000043e-01	nan	7.000000000000000000e+00	3.730505176910270783e-04	9.481954033736178034e-04	9.168917503256737451e-04	9.409648891993830366e-01	3.416586818457962416e+00	nan
nan	7.732599999999999909e+02	1.930160000000000209e-01	nan	7.500000000000000000e+00	3.941352664079999829e-04	9.408528415480470111e-04	9.207486578672737735e-04	9.539535928928973840e-01	3.682955845290261543e+00	nan
nan	8.166200000000000045e+02	2.042539999999999911e-01	nan	8.000000000000000000e+00	4.593925846072721871e-04	9.424326972800949834e-04	9.248960401568261363e-04	8.734465836466126509e-01	3.567692686818599412e+00	nan
nan	8.599524999999999864e+02	2.149044999999999983e-01	nan	8.500000000000000000e+00	4.758090002833626321e-04	9.461828972644047587e-04	9.122768565196376096e-04	8.955313251860396173e-01	3.849126121311461368e+00	nan
nan	8.978075000000001182e+02	2.251675000000000204e-01	nan	9.000000000000000000e+00	5.369619369774624937e-04	9.550226224407740855e-04	9.239372985933452537e-04	8.398007945890281212e-01	3.781245571086350843e+00	nan
nan	9.374950000000001182e+02	2.343910000000000160e-01	nan	9.500000000000000000e+00	5.738131458727479661e-04	9.400576123148294844e-04	9.310328336716433692e-04	8.300488268408138248e-01	3.890716205441326458e+00	nan
nan	9.706250000000000000e+02	2.423450000000000326e-01	nan	1.000000000000000000e+01	6.171559270672588799e-04	9.339629512172360412e-04	9.264497503521622193e-04	8.118323333821994003e-01	3.935387152706444347e+00	nan
nan	1.011110000000000014e+03	2.531979999999999231e-01	nan	1.050000000000000000e+01	6.490102266587171806e-04	9.318663657846268161e-04	9.278133544395281715e-04	8.113954672860312911e-01	4.108820121186157692e+00	nan
nan	1.042059999999999945e+03	2.604519999999999613e-01	nan	1.100000000000000000e+01	7.033087400295556834e-04	9.284183622273328457e-04	9.339783574511273129e-04	7.837020395656384419e-01	4.082422841593616347e+00	nan
nan	1.079115000000000009e+03	2.698369999999999935e-01	nan	1.150000000000000000e+01	7.245564073280519367e-04	9.213500089636208947e-04	9.210868165485325623e-04	7.952731644450153903e-01	4.292085052408054047e+00	nan
nan	1.112832499999999982e+03	2.780304999999999582e-01	nan	1.200000000000000000e+01	7.857249843793567964e-04	9.485946942212327782e-04	9.233080612823194597e-04	7.654752166822091919e-01	4.256511500369613010e+00	nan
nan	1.145317499999999882e+03	2.865254999999999885e-01	nan	1.250000000000000000e+01	8.400264075067553470e-04	9.506125780426900873e-04	9.290302698673521663e-04	7.456694615122329006e-01	4.272602987378458117e+00	nan
nan	1.173245000000000118e+03	2.936729999999999619e-01	nan	1.300000000000000000e+01	8.783523116343871281e-04	9.464820748834731293e-04	9.252173069649125697e-04	7.424761994672250953e-01	4.361659404398620765e+00	nan
nan	1.204445000000000164e+03	3.007730000000000126e-01	nan	1.350000000000000000e+01	9.415196052064801280e-04	9.519745243285924422e-04	9.322314829414348348e-04	7.192920802675359937e-01	4.326764512314750455e+00	nan
nan	1.233754999999999882e+03	3.080710000000000393e-01	nan	1.400000000000000000e+01	1.010172011495740277e-03	9.377037191816945750e-04	9.275612060848214407e-04	6.954226892695766216e-01	4.284186947812871793e+00	nan
nan	1.263422500000000127e+03	3.159584999999999755e-01	nan	1.450000000000000000e+01	1.031057869530513935e-03	9.250562462132086222e-04	9.287215658580355322e-04	7.043166574801811297e-01	4.450697843840983658e+00	nan
nan	1.289769999999999982e+03	3.219000000000000195e-01	nan	1.500000000000000000e+01	1.087596747587298409e-03	9.451536291725491385e-04	9.241577620691775055e-04	6.912252206818566558e-01	4.449614707559836901e+00	nan
nan	1.319610000000000127e+03	3.294239999999999946e-01	nan	1.550000000000000000e+01	1.121203196913995613e-03	9.201377057764034825e-04	9.335098731663904383e-04	6.951103005987040451e-01	4.579073425275265841e+00	nan
nan	1.349860000000000127e+03	3.376660000000000217e-01	nan	1.600000000000000000e+01	1.199534332626655099e-03	9.333964273426743419e-04	9.246619096567494644e-04	6.685460643333757114e-01	4.514828174439030839e+00	nan
nan	1.369485000000000127e+03	3.426609999999999379e-01	nan	1.650000000000000000e+01	1.271266022171175765e-03	9.257728925811212640e-04	9.248708432805594765e-04	6.501147254553224508e-01	4.455435654609779306e+00	nan
nan	1.403092499999999973e+03	3.510564999999999936e-01	nan	1.700000000000000000e+01	1.304673766546500220e-03	9.289072349242435533e-04	9.257838268634549939e-04	6.538709023636253281e-01	4.590797707986665088e+00	nan
nan	1.423514999999999873e+03	3.560690000000000244e-01	nan	1.750000000000000000e+01	1.368125269348325745e-03	9.462274938826337970e-04	9.302842978244783758e-04	6.402581527561724828e-01	4.559792182682865125e+00	nan
nan	1.444782500000000027e+03	3.615105000000000679e-01	nan	1.800000000000000000e+01	1.414358678675711224e-03	9.226361257757009510e-04	9.290404399186642228e-04	6.370405474996431172e-01	4.605988930790483771e+00	nan
nan	1.475122499999999945e+03	3.685924999999999896e-01	nan	1.850000000000000000e+01	1.489890155924342673e-03	9.213900677967386136e-04	9.273475475645148042e-04	6.219996809386154624e-01	4.585802244640886371e+00	nan
nan	1.495037499999999909e+03	3.743195000000000272e-01	nan	1.900000000000000000e+01	1.539520806732497162e-03	9.479871613203452816e-04	9.333222281550956120e-04	6.183398819296608284e-01	4.628983076146532483e+00	nan
nan	1.518684999999999945e+03	3.802830000000000377e-01	nan	1.950000000000000000e+01	1.611460215980144899e-03	9.340409646801033994e-04	9.306014495549082494e-04	6.068600034066878868e-01	4.616185156678223045e+00	nan
nan	1.543872499999999945e+03	3.858845000000000192e-01	nan	2.000000000000000000e+01	1.673771873374931734e-03	9.187740201177432148e-04	9.307985877472898986e-04	5.989502475221299971e-01	4.622256747581237057e+00	nan
nan	1.569362499999999955e+03	3.925824999999999454e-01	nan	2.050000000000000000e+01	1.774428171430599737e-03	9.348095879818539480e-04	9.300000742443987689e-04	5.785439567306782660e-01	4.542723903866205504e+00	nan
nan	1.591450000000000045e+03	3.989999999999999658e-01	nan	2.100000000000000000e+01	1.771179498507251650e-03	9.345155400535970231e-04	9.256985305984733337e-04	5.939208556187983712e-01	4.739525785363311705e+00	nan
nan	1.613315000000000055e+03	4.032269999999999466e-01	nan	2.150000000000000000e+01	1.836417305198523265e-03	9.269069763045648808e-04	9.298951480970228450e-04	5.859219049735812090e-01	4.725109707147446159e+00	nan
nan	1.629014999999999873e+03	4.070569999999998911e-01	nan	2.200000000000000000e+01	1.905108750105028847e-03	9.342249705507470756e-04	9.239912839340980047e-04	5.786485709338700101e-01	4.710796947317144934e+00	nan
nan	1.651162499999999909e+03	4.130664999999999476e-01	nan	2.250000000000000000e+01	2.010135815066575998e-03	9.300956036782848015e-04	9.316859784076362899e-04	5.606259784568512483e-01	4.631527865124395404e+00	nan
nan	1.675144999999999982e+03	4.189790000000000458e-01	nan	2.300000000000000000e+01	2.057559586573063596e-03	9.294172068572111381e-04	9.345690911783738819e-04	5.599891765389297671e-01	4.692302507729835703e+00	nan
nan	1.697029999999999973e+03	4.242839999999999390e-01	nan	2.350000000000000000e+01	2.110994373846324275e-03	9.423063738927371516e-04	9.381377910224506867e-04	5.578526765362841200e-01	4.733766512507038726e+00	nan
nan	1.712057500000000118e+03	4.281615000000000282e-01	nan	2.400000000000000000e+01	2.168082107741611201e-03	9.321482890472063566e-04	9.372942896625363358e-04	5.550532027659950129e-01	4.752197612436856566e+00	nan
nan	1.736279999999999973e+03	4.340360000000000329e-01	nan	2.450000000000000000e+01	2.269582839081891665e-03	9.136419293430557203e-04	9.291877296143845810e-04	5.401858009134048455e-01	4.689098636643419304e+00	nan
nan	1.754565000000000055e+03	4.385769999999999946e-01	nan	2.500000000000000000e+01	2.305239820699682852e-03	9.390660076426183200e-04	9.320533053041044416e-04	5.428378093490586753e-01	4.761305135529155130e+00	nan
nan	1.773912499999999909e+03	4.439465000000000217e-01	nan	2.550000000000000000e+01	2.353785899746583393e-03	9.051186001328562821e-04	9.243862776866940828e-04	5.430287808198079880e-01	4.822034941397281393e+00	nan
nan	1.796400000000000091e+03	4.487160000000000037e-01	nan	2.600000000000000000e+01	2.423893852280229778e-03	9.178636112257695327e-04	9.292123865453297141e-04	5.369851477346456736e-01	4.819228195157664096e+00	nan
nan	1.815190000000000055e+03	4.539820000000000522e-01	nan	2.650000000000000000e+01	2.514925681256841190e-03	9.387472279839761827e-04	9.333793135425309372e-04	5.274683774373841727e-01	4.789417603779108745e+00	nan
nan	1.835717499999999973e+03	4.583875000000000588e-01	nan	2.700000000000000000e+01	2.596766021302983167e-03	9.414550896982667224e-04	9.290962849255403246e-04	5.203697480806623865e-01	4.770953615412660831e+00	nan
nan	1.851009999999999764e+03	4.622220000000000217e-01	nan	2.750000000000000000e+01	2.640684831490886907e-03	9.097415139432723152e-04	9.319298746492301732e-04	5.213304967754214259e-01	4.819639373200006460e+00	nan
nan	1.873677500000000236e+03	4.676115000000001243e-01	nan	2.800000000000000000e+01	2.718751280405058268e-03	9.251624956265252706e-04	9.243717237821580173e-04	5.159298101531792913e-01	4.825205172709931212e+00	nan
nan	1.884052500000000236e+03	4.708945000000001047e-01	nan	2.850000000000000000e+01	2.806636273257652123e-03	9.165042937387139679e-04	9.346656419655033224e-04	5.086376042294609157e-01	4.790186771750307493e+00	nan
nan	1.907340000000000146e+03	4.769100000000000006e-01	nan	2.900000000000000000e+01	2.810482887534533278e-03	9.308905480388592751e-04	9.309856310918483268e-04	5.166976601422895721e-01	4.928156295538038023e+00	nan
nan	1.923029999999999973e+03	4.809119999999998951e-01	nan	2.950000000000000000e+01	2.939577214108055579e-03	9.302994397278003874e-04	9.327560966337463321e-04	5.024768117562989911e-01	4.832743598489166459e+00	nan
nan	1.943022499999999809e+03	4.861405000000000309e-01	nan	3.000000000000000000e+01	3.033495007503006664e-03	9.003948800938041484e-04	9.226006282049570035e-04	4.954272808815010087e-01	4.816830095089106756e+00	nan
nan	1.961625000000000000e+03	4.903769999999999518e-01	nan	3.050000000000000000e+01	3.092633839243035324e-03	9.259829302801735312e-04	9.356429392194156583e-04	4.939037649310840661e-01	4.843496779305785260e+00	nan
nan	1.979304999999999836e+03	4.943909999999999694e-01	nan	3.100000000000000000e+01	3.193849770552788150e-03	9.362645596470616774e-04	9.280881813543822309e-04	4.856541231570513095e-01	4.802038786268407300e+00	nan
nan	1.997765000000000100e+03	4.994069999999999898e-01	nan	3.150000000000000000e+01	3.258744060566982903e-03	9.233143432487017632e-04	9.295691940240585283e-04	4.843322519206829102e-01	4.837731946984233034e+00	nan
nan	2.014017499999999927e+03	5.035195000000000087e-01	nan	3.200000000000000000e+01	3.297074964433477189e-03	9.047254502810341339e-04	9.273084192854559159e-04	4.863729461625300177e-01	4.897720740688410679e+00	nan
nan	2.030375000000000000e+03	5.073170000000000179e-01	nan	3.250000000000000000e+01	3.384058559942104520e-03	9.306722013637167262e-04	9.280961235623831976e-04	4.807714843578708153e-01	4.878081737798462214e+00	nan
nan	2.042579999999999927e+03	5.113639999999999297e-01	nan	3.300000000000000000e+01	3.478717529118568932e-03	9.190233108122910924e-04	9.289122131460988063e-04	4.751404736362704329e-01	4.859218073828283302e+00	nan
nan	2.063647500000000036e+03	5.161174999999997848e-01	nan	3.350000000000000000e+01	3.598330698505946938e-03	9.250389242277636459e-04	9.348427118660715884e-04	4.663463126932958502e-01	4.813928991421546399e+00	nan
nan	2.082265000000000327e+03	5.205970000000000875e-01	nan	3.400000000000000000e+01	3.685206852194653718e-03	9.131488692752981386e-04	9.283175328003562526e-04	4.619436927888476707e-01	4.809180617221592513e+00	nan
nan	2.096532500000000255e+03	5.244424999999999226e-01	nan	3.450000000000000000e+01	3.790564400938763265e-03	9.160535675331737829e-04	9.286584438071701164e-04	4.556596789758787236e-01	4.779301256121096131e+00	nan
nan	2.110792500000000018e+03	5.272445000000001158e-01	nan	3.500000000000000000e+01	3.826299958302570130e-03	9.130737888119220625e-04	9.306650175355301105e-04	4.584201283364970902e-01	4.833775237213898457e+00	nan
nan	2.124437500000000000e+03	5.317674999999999486e-01	nan	3.550000000000000000e+01	3.911259296687603568e-03	9.122205817908008016e-04	9.247766702769315977e-04	4.545777116059054879e-01	4.834855160327053980e+00	nan
nan	2.141307499999999891e+03	5.352635000000000032e-01	nan	3.600000000000000000e+01	3.980173807815958267e-03	9.418961906357794156e-04	9.275793736210907617e-04	4.530411857317687696e-01	4.849913190931614437e+00	nan
nan	2.157484999999999673e+03	5.390010000000000634e-01	nan	3.650000000000000000e+01	4.000128654880654409e-03	9.417012659387822551e-04	9.216432447136083030e-04	4.569839134608574271e-01	4.926256392568440390e+00	nan
nan	2.171242499999999836e+03	5.424565000000001191e-01	nan	3.700000000000000000e+01	4.152127694801492630e-03	9.323344245604214819e-04	9.327811979955860037e-04	4.461089373757327614e-01	4.839579025409144641e+00	nan
nan	2.191892499999999927e+03	5.480604999999999505e-01	nan	3.750000000000000000e+01	4.244491162045278647e-03	9.175424716553251796e-04	9.203703485691475030e-04	4.423829810216480807e-01	4.848881066201298218e+00	nan
nan	2.205130000000000109e+03	5.520099999999998897e-01	nan	3.800000000000000000e+01	4.262481665266193084e-03	9.282109700512349276e-04	9.232639718641117701e-04	4.464922853693228388e-01	4.929178699654342743e+00	nan
nan	2.220842499999999745e+03	5.555705000000000782e-01	nan	3.850000000000000000e+01	4.425479338652849211e-03	9.360362756238704146e-04	9.319305833787635673e-04	4.357689626731329757e-01	4.841722508128897928e+00	nan
nan	2.235382500000000164e+03	5.588045000000000373e-01	nan	3.900000000000000000e+01	4.503093410598353608e-03	8.989256631007144912e-04	9.291468051128651002e-04	4.336775286144183283e-01	4.846617488841955534e+00	nan
nan	2.253192500000000109e+03	5.628825000000000633e-01	nan	3.950000000000000000e+01	4.535492471577527371e-03	9.127092414410248799e-04	9.273611536358897364e-04	4.361464086987806299e-01	4.909610807433404389e+00	nan
nan	2.264212500000000091e+03	5.662785000000000180e-01	nan	4.000000000000000000e+01	4.672987762777438409e-03	9.114623219244985964e-04	9.317321647100814059e-04	4.289973294426229766e-01	4.858458031264954791e+00	nan
nan	2.280267499999999927e+03	5.698074999999999113e-01	nan	4.050000000000000000e+01	4.698168017881414193e-03	9.605982927980127309e-04	9.290050546944716081e-04	4.320337081132832324e-01	4.923730478978966651e+00	nan
nan	2.296592499999999745e+03	5.740825000000000511e-01	nan	4.100000000000000000e+01	4.879059100034623640e-03	9.520335370133729217e-04	9.316211858716777396e-04	4.208325127476679195e-01	4.832185902288204993e+00	nan
nan	2.307687500000000000e+03	5.763035000000000796e-01	nan	4.150000000000000000e+01	4.967151102735841046e-03	9.211699085174644957e-04	9.296162480670079869e-04	4.182556167605257502e-01	4.821030638115887612e+00	nan
nan	2.324717499999999745e+03	5.809914999999999941e-01	nan	4.200000000000000000e+01	4.943495529422818960e-03	9.008356637563548963e-04	9.279637129674380910e-04	4.251326114683072754e-01	4.939771257282531636e+00	nan
nan	2.334977499999999964e+03	5.832975000000000243e-01	nan	4.250000000000000000e+01	5.059793576411948483e-03	9.212692923163158520e-04	9.337410473795522978e-04	4.204578108545908854e-01	4.905044717900681306e+00	nan
nan	2.350784999999999854e+03	5.873730000000000340e-01	nan	4.300000000000000000e+01	5.195234864414430623e-03	9.246503193517843344e-04	9.256253756771262503e-04	4.146325150206841004e-01	4.870608530622488885e+00	nan
nan	2.365822499999999764e+03	5.913304999999999811e-01	nan	4.350000000000000000e+01	5.291815113083373455e-03	9.127409939447715323e-04	9.304199010163631198e-04	4.120050491671310988e-01	4.872210013837316112e+00	nan
nan	2.377507500000000164e+03	5.941055000000000641e-01	nan	4.400000000000000000e+01	5.388382848047114891e-03	9.125024932335043179e-04	9.255428949973897946e-04	4.089922113739682397e-01	4.859213387187457656e+00	nan
nan	2.395232500000000073e+03	5.978665000000000784e-01	nan	4.450000000000000000e+01	5.436032341854115692e-03	9.146893454032667490e-04	9.255261842145678366e-04	4.097636544384036239e-01	4.899520928071026127e+00	nan
nan	2.408907500000000255e+03	6.018555000000000987e-01	nan	4.500000000000000000e+01	5.557067696747139754e-03	9.198158777445241329e-04	9.260974164816634675e-04	4.056336437692310559e-01	4.883449371737912159e+00	nan
nan	2.423352499999999964e+03	6.060264999999999125e-01	nan	4.550000000000000000e+01	5.596650510897803119e-03	9.193806742282508359e-04	9.312120666491615056e-04	4.066757766220203685e-01	4.929037251862030011e+00	nan
nan	2.437619999999999891e+03	6.102879999999999416e-01	nan	4.600000000000000000e+01	5.746972879442467132e-03	9.260873635680950348e-04	9.278059061754159254e-04	4.009860533699325380e-01	4.894201739727494171e+00	nan
nan	2.444277500000000146e+03	6.110415000000001262e-01	nan	4.650000000000000000e+01	5.753709771053081706e-03	9.453040722288983191e-04	9.326649541802007129e-04	4.045597638437361532e-01	4.944021431162871849e+00	nan
nan	2.460862500000000182e+03	6.153324999999998379e-01	nan	4.700000000000000000e+01	5.942310703731266096e-03	9.273679835059623396e-04	9.266841301890380370e-04	3.962284904188690948e-01	4.875925580976068652e+00	nan
nan	2.479347499999999854e+03	6.196734999999999882e-01	nan	4.750000000000000000e+01	6.032336907846911483e-03	9.142911223472835816e-04	9.334923363218675585e-04	3.941401772519649294e-01	4.884852152618560872e+00	nan
nan	2.487079999999999927e+03	6.215740000000000709e-01	nan	4.800000000000000000e+01	6.097297539697591959e-03	9.117408018973254197e-04	9.355553961727300621e-04	3.941731208915085771e-01	4.900277035502484502e+00	nan
nan	2.502497499999999945e+03	6.262654999999999195e-01	nan	4.850000000000000000e+01	6.150671948182947005e-03	9.177480877790245234e-04	9.340796700493524682e-04	3.946317018030357504e-01	4.942700954966359639e+00	nan
nan	2.518122499999999945e+03	6.297724999999998463e-01	nan	4.900000000000000000e+01	6.372549980929989935e-03	9.290585299530704352e-04	9.247214250470224117e-04	3.851745353085204160e-01	4.851484066235082437e+00	nan
nan	2.524842499999999745e+03	6.318905000000000216e-01	nan	4.950000000000000000e+01	6.464584652825351718e-03	9.435247992810602297e-04	9.266263504499770362e-04	3.831713826203355100e-01	4.842443925777818237e+00	nan
nan	2.542590000000000146e+03	6.356739999999999613e-01	nan	5.000000000000000000e+01	6.539433533696695222e-03	9.471100806631913265e-04	9.332084699886867901e-04	3.832792476511382995e-01	4.872952886461680677e+00	nan
nan	2.552677500000000236e+03	6.382495000000000251e-01	nan	5.050000000000000000e+01	6.575443056759127172e-03	9.373273276625128511e-04	9.248182202393290469e-04	3.844211472787151251e-01	4.907074685634519540e+00	nan
nan	2.571572499999999764e+03	6.426765000000000949e-01	nan	5.100000000000000000e+01	6.690588663294931918e-03	9.224207587452380470e-04	9.318880723005405200e-04	3.817196668413800897e-01	4.906562177014235360e+00	nan
nan	2.583897500000000036e+03	6.457874999999998478e-01	nan	5.150000000000000000e+01	6.860815627630927407e-03	9.305467393152290229e-04	9.310413799215385301e-04	3.760082690419293550e-01	4.856545581861975158e+00	nan
nan	2.594775000000000091e+03	6.492130000000000400e-01	nan	5.200000000000000000e+01	6.776969299201027544e-03	9.004334515762592046e-04	9.347404963405836356e-04	3.839726325642447979e-01	4.985565740038385485e+00	nan
nan	2.605572499999999764e+03	6.517845000000000999e-01	nan	5.250000000000000000e+01	6.948674492346071201e-03	9.363915605962285773e-04	9.297732055858461478e-04	3.784049168641626659e-01	4.932637656964368844e+00	nan
nan	2.621904999999999745e+03	6.555989999999999318e-01	nan	5.300000000000000000e+01	7.139508364686549327e-03	9.063466770917330897e-04	9.277536709054696540e-04	3.716828798461824790e-01	4.873724420940581226e+00	nan
nan	2.628177500000000236e+03	6.572294999999999110e-01	nan	5.350000000000000000e+01	7.259801647651329022e-03	9.294315008949522372e-04	9.245092715416319612e-04	3.689299885248917832e-01	4.849488109992835305e+00	nan
nan	2.645462500000000091e+03	6.616104999999999903e-01	nan	5.400000000000000000e+01	7.307487554003273475e-03	9.161493605539904181e-04	9.268774770245308747e-04	3.699131332036987851e-01	4.894851937248093421e+00	nan
nan	2.656940000000000055e+03	6.638699999999999601e-01	nan	5.450000000000000000e+01	7.534292661792392314e-03	9.115452269246867656e-04	9.334094635262647419e-04	3.622387207476697180e-01	4.809756967775896896e+00	nan
nan	2.668092499999999745e+03	6.668685000000000862e-01	nan	5.500000000000000000e+01	7.545810051124704314e-03	9.189243249936220742e-04	9.305598577486063738e-04	3.647204325211622633e-01	4.864272998045269247e+00	nan
nan	2.682817500000000109e+03	6.708575000000001065e-01	nan	5.550000000000000000e+01	7.563254912562910812e-03	9.299126560107451528e-04	9.305944728447906400e-04	3.673655698227064614e-01	4.928996829768569121e+00	nan
nan	2.694215000000000146e+03	6.734190000000001008e-01	nan	5.600000000000000000e+01	7.737321098305187037e-03	9.291321143334634264e-04	9.264072664774952032e-04	3.624941340947989143e-01	4.881598076189341384e+00	nan
nan	2.703642499999999927e+03	6.756244999999999612e-01	nan	5.650000000000000000e+01	7.846827360796167911e-03	9.322098564418136593e-04	9.272117757265571506e-04	3.608485740211226922e-01	4.875979208035026602e+00	nan
nan	2.719144999999999982e+03	6.800129999999999786e-01	nan	5.700000000000000000e+01	7.888867007498561595e-03	9.401381882536382403e-04	9.286825703755007466e-04	3.617675365520002795e-01	4.919957353727735239e+00	nan
nan	2.729292500000000018e+03	6.820264999999998690e-01	nan	5.750000000000000000e+01	8.208913102244537463e-03	9.202598474552370475e-04	9.289135860865987016e-04	3.504658068819809791e-01	4.780690911454131609e+00	nan
nan	2.744637499999999818e+03	6.856074999999999253e-01	nan	5.800000000000000000e+01	8.231557135027286684e-03	9.291842271317085145e-04	9.243008785581688933e-04	3.528397862503784843e-01	4.838113900598518313e+00	nan
nan	2.756312500000000000e+03	6.892704999999998972e-01	nan	5.850000000000000000e+01	8.314517476923129896e-03	9.372331813934312982e-04	9.276374360606517077e-04	3.527848473388424111e-01	4.863478002239221887e+00	nan
nan	2.760904999999999745e+03	6.906050000000000244e-01	nan	5.900000000000000000e+01	8.377065916810125593e-03	9.421377389967989851e-04	9.303033749374879039e-04	3.527878807409589035e-01	4.872834873344292994e+00	nan
nan	2.776952500000000327e+03	6.945145000000001456e-01	nan	5.950000000000000000e+01	8.416978380013801983e-03	9.123001320030412050e-04	9.220502920890815421e-04	3.540433313670246496e-01	4.917880047881743266e+00	nan
nan	2.788112500000000182e+03	6.963084999999999969e-01	nan	6.000000000000000000e+01	8.488385359939343289e-03	9.000789428675748252e-04	9.306489343387722157e-04	3.537946350964443210e-01	4.926903592595422765e+00	nan
nan	2.805062500000000000e+03	7.020505000000000217e-01	nan	6.050000000000000000e+01	8.663613317875729775e-03	9.057451705961581945e-04	9.305438365106984220e-04	3.495109053775366514e-01	4.907543165908455407e+00	nan
nan	2.809477499999999964e+03	7.033275000000001054e-01	nan	6.100000000000000000e+01	8.760814594012344969e-03	8.961494175516112898e-04	9.268310099886849316e-04	3.483856307661056251e-01	4.900612201479668251e+00	nan
nan	2.823829999999999927e+03	7.057299999999999685e-01	nan	6.150000000000000000e+01	8.903330332983613871e-03	9.124536088897652409e-04	9.301048025624608900e-04	3.456862894187127666e-01	4.879223144795513001e+00	nan
nan	2.835052500000000236e+03	7.087444999999999995e-01	nan	6.200000000000000000e+01	9.060643532936295957e-03	9.209460984658492588e-04	9.277072057554392164e-04	3.424049005358761888e-01	4.853615688359723457e+00	nan
nan	2.852672499999999673e+03	7.125905000000001266e-01	nan	6.250000000000000000e+01	8.865136405829048341e-03	9.056127902781878087e-04	9.282820402791049216e-04	3.529293562128715811e-01	5.029885706967777814e+00	nan
nan	2.858647500000000036e+03	7.154694999999999805e-01	nan	6.300000000000000000e+01	9.154085519733142981e-03	9.339031715793592609e-04	9.296120399431281401e-04	3.446571244967832071e-01	4.931665238568409215e+00	nan
nan	2.873907500000000255e+03	7.187854999999998551e-01	nan	6.350000000000000000e+01	9.375551868740786970e-03	9.346914167741108550e-04	9.327600416636939052e-04	3.393309082928264719e-01	4.878118547327453314e+00	nan
nan	2.889457499999999982e+03	7.223134999999999417e-01	nan	6.400000000000000000e+01	9.438940479765848407e-03	9.223412791644689098e-04	9.324597385493859931e-04	3.392563795658697368e-01	4.901032372581934915e+00	nan
nan	2.894625000000000000e+03	7.232130000000001058e-01	nan	6.450000000000000000e+01	9.600199852274044973e-03	9.455540726018086053e-04	9.361003668266730266e-04	3.363740205757387858e-01	4.865268192406677628e+00	nan
nan	2.909184999999999945e+03	7.272809999999999553e-01	nan	6.500000000000000000e+01	9.602194199861174145e-03	9.229171690078280098e-04	9.200484378694617424e-04	3.389523604032993465e-01	4.930266501724514860e+00	nan
nan	2.920547499999999673e+03	7.297275000000000844e-01	nan	6.550000000000000000e+01	9.868978084272157433e-03	9.383594182295074962e-04	9.302546333721979383e-04	3.321860161044117854e-01	4.848021551595595113e+00	nan
nan	2.934224999999999909e+03	7.335469999999999491e-01	nan	6.600000000000000000e+01	9.811493409875993513e-03	9.316165352818564028e-04	9.322362767996177557e-04	3.366691813850108961e-01	4.939441993612045501e+00	nan
nan	2.939737500000000182e+03	7.352014999999999523e-01	nan	6.650000000000000000e+01	1.006057401406565063e-02	9.119426212394626547e-04	9.348802486425982850e-04	3.313836750744846849e-01	4.872546483784190308e+00	nan
nan	2.948082499999999982e+03	7.365264999999998619e-01	nan	6.700000000000000000e+01	9.913250801239429158e-03	9.433360425035447602e-04	9.304751291627406679e-04	3.384041837719086177e-01	4.984540566718351329e+00	nan
nan	2.962097499999999854e+03	7.400954999999999062e-01	nan	6.750000000000000000e+01	1.024077846868806305e-02	9.299947959072457767e-04	9.349524533176179972e-04	3.300224864645355805e-01	4.885138273433574874e+00	nan
nan	2.974775000000000091e+03	7.437709999999999599e-01	nan	6.800000000000000000e+01	1.029248145082419831e-02	9.371424764195097120e-04	9.308309430429300996e-04	3.308146856521305690e-01	4.920982820582791462e+00	nan
nan	2.984434999999999945e+03	7.460230000000001027e-01	nan	6.850000000000000000e+01	1.037935319666075974e-02	9.269100620402991953e-04	9.253975003687953376e-04	3.306593558261308741e-01	4.933539639911681540e+00	nan
nan	2.991037499999999909e+03	7.481314999999999493e-01	nan	6.900000000000000000e+01	1.060819193234806279e-02	9.085918188784554298e-04	9.271633962992265618e-04	3.257457818520392290e-01	4.873963453040230931e+00	nan
nan	3.007272500000000036e+03	7.517044999999998867e-01	nan	6.950000000000000000e+01	1.047983099159523548e-02	9.365032995648454655e-04	9.309936388658072298e-04	3.318934110452927966e-01	4.989381741885366317e+00	nan
nan	3.017359999999999673e+03	7.550079999999999014e-01	nan	7.000000000000000000e+01	1.078058510335097239e-02	9.264796455158219113e-04	9.294533397746845230e-04	3.252001574931033256e-01	4.910436418120341706e+00	nan
nan	3.030730000000000018e+03	7.575520000000000032e-01	nan	7.050000000000000000e+01	1.069131763318523567e-02	9.269200093084729603e-04	9.216696696155320372e-04	3.299416624101254025e-01	4.999162234555003970e+00	nan
nan	3.038429999999999836e+03	7.590320000000001510e-01	nan	7.100000000000000000e+01	1.085259930709753587e-02	9.224280147647285957e-04	9.306459280848335038e-04	3.274547934851322895e-01	4.970931273709410014e+00	nan
nan	3.051037499999999909e+03	7.625875000000000847e-01	nan	7.150000000000000000e+01	1.123122235703476711e-02	9.183919490341974296e-04	9.296908655942916081e-04	3.186347320704669417e-01	4.859868352555295701e+00	nan
nan	3.064730000000000018e+03	7.656879999999998132e-01	nan	7.200000000000000000e+01	1.140292771881661407e-02	9.202746611813913263e-04	9.262321649818516713e-04	3.160880010495833448e-01	4.840590440322259269e+00	nan
nan	3.070842499999999745e+03	7.676545000000000174e-01	nan	7.250000000000000000e+01	1.121327578994794384e-02	9.022844673028000218e-04	9.337303330943569129e-04	3.238352691879481937e-01	4.971802576146162167e+00	nan
nan	3.080914999999999964e+03	7.703249999999999265e-01	nan	7.300000000000000000e+01	1.145794558840350363e-02	9.283972438486945682e-04	9.294905742316953356e-04	3.190324363365232285e-01	4.915089404322289468e+00	nan
nan	3.093442500000000109e+03	7.734805000000000152e-01	nan	7.350000000000000000e+01	1.163486102229057892e-02	9.135732752015450269e-04	9.274716852985942636e-04	3.162151137169766368e-01	4.891842905345795245e+00	nan
nan	3.104925000000000182e+03	7.771629999999999372e-01	nan	7.400000000000000000e+01	1.170309267714799220e-02	9.374883029811059091e-04	9.302497510782319068e-04	3.166387391967641629e-01	4.921560259697082884e+00	nan
nan	3.116877500000000055e+03	7.793515000000000859e-01	nan	7.450000000000000000e+01	1.179118690370444325e-02	9.218969774784719273e-04	9.237926676248363767e-04	3.163062502398920062e-01	4.930333380129362730e+00	nan
nan	3.123515000000000327e+03	7.814249999999999252e-01	nan	7.500000000000000000e+01	1.203819305441868395e-02	9.063848483033817372e-04	9.322873388603134664e-04	3.118977070753790604e-01	4.874714408122300391e+00	nan
nan	3.136984999999999673e+03	7.841590000000001615e-01	nan	7.550000000000000000e+01	1.205237360391493012e-02	9.298603518640518022e-04	9.305992678189493623e-04	3.134834639220687724e-01	4.916342619790656343e+00	nan
nan	3.141097499999999854e+03	7.857054999999999456e-01	nan	7.600000000000000000e+01	1.210626458170168014e-02	9.370928670822363526e-04	9.233909264768386683e-04	3.142289252824318480e-01	4.937681931995091311e+00	nan
nan	3.155704999999999927e+03	7.882909999999999640e-01	nan	7.650000000000000000e+01	1.234308405369006351e-02	9.141695397101683163e-04	9.390844939029825006e-04	3.101994521978673758e-01	4.890621261338459647e+00	nan
nan	3.172042500000000018e+03	7.934244999999999770e-01	nan	7.700000000000000000e+01	1.264175438634765683e-02	9.318757144888354781e-04	9.292581499605984899e-04	3.048482920329322332e-01	4.837310619322026106e+00	nan
nan	3.177884999999999764e+03	7.947689999999998367e-01	nan	7.750000000000000000e+01	1.240385416934941532e-02	9.263366729267768444e-04	9.298651268757623803e-04	3.128532364846881575e-01	4.972973767687228985e+00	nan
nan	3.183425000000000182e+03	7.953010000000000357e-01	nan	7.800000000000000000e+01	1.269923171260131656e-02	9.041472026147217688e-04	9.271878123742130365e-04	3.078088156467591041e-01	4.896157600260175435e+00	nan
nan	3.195462500000000091e+03	7.992465000000000819e-01	nan	7.850000000000000000e+01	1.299986758342299743e-02	9.403375166850937638e-04	9.318333536315673554e-04	3.022988724963517337e-01	4.832095918800128231e+00	nan
nan	3.205164999999999964e+03	8.011950000000002126e-01	nan	7.900000000000000000e+01	1.267509508461898624e-02	9.258179641029772510e-04	9.311715112999307317e-04	3.122767559150747552e-01	5.004053265555900687e+00	nan
nan	3.219570000000000164e+03	8.052199999999999358e-01	nan	7.950000000000000000e+01	1.302618931082236142e-02	9.108072536917974100e-04	9.300656386872389403e-04	3.056115933423683151e-01	4.921800401201197772e+00	nan
nan	3.229997499999999945e+03	8.069314999999999127e-01	nan	8.000000000000000000e+01	1.303872888413877898e-02	9.110837916337076198e-04	9.280967239456145009e-04	3.072868089678472137e-01	4.959211924425953377e+00	nan
nan	3.246717499999999745e+03	8.122295000000001597e-01	nan	8.050000000000000000e+01	1.343030206870025542e-02	9.169013097576009935e-04	9.329047752683640709e-04	2.999831596362278474e-01	4.873370136982835277e+00	nan
nan	3.250349999999999909e+03	8.130120000000001790e-01	nan	8.100000000000000000e+01	1.330230480923716950e-02	9.277269784758511526e-04	9.367533306929659792e-04	3.049594581908904867e-01	4.958609566865164631e+00	nan
nan	3.254380000000000109e+03	8.133480000000001819e-01	nan	8.150000000000000000e+01	1.358952254558232729e-02	9.182702914126199484e-04	9.351610245907950036e-04	3.004165832123799618e-01	4.886829466196532579e+00	nan
nan	3.269537499999999909e+03	8.183454999999998369e-01	nan	8.200000000000000000e+01	1.377691900015349732e-02	9.034783743936899720e-04	9.280154878853842442e-04	2.979955328627235112e-01	4.877522954804125455e+00	nan
nan	3.284230000000000473e+03	8.205700000000000216e-01	nan	8.250000000000000000e+01	1.377016634809194798e-02	9.085420636302944230e-04	9.282094986338702402e-04	2.999991493575161483e-01	4.923495746198402578e+00	nan
nan	3.290992500000000291e+03	8.213785000000000114e-01	nan	8.300000000000000000e+01	1.380399885023166420e-02	9.216474989269193580e-04	9.264749588359146850e-04	3.010646533367266064e-01	4.945871303452765488e+00	nan
nan	3.300652500000000146e+03	8.257304999999999229e-01	nan	8.350000000000000000e+01	1.401572893837396694e-02	9.302375774730035430e-04	9.324738116011619966e-04	2.983047446241818834e-01	4.927141074754985084e+00	nan
nan	3.306819999999999709e+03	8.260339999999999350e-01	nan	8.400000000000000000e+01	1.424790094134152640e-02	8.926660939959654923e-04	9.230989374659055941e-04	2.951619506634284851e-01	4.876200763257015680e+00	nan
nan	3.317492500000000291e+03	8.292764999999999720e-01	nan	8.450000000000000000e+01	1.416288680958928056e-02	9.458908631879996056e-04	9.326718212846436340e-04	2.987914505535128606e-01	4.955128180055398346e+00	nan
nan	3.328257499999999709e+03	8.324555000000000149e-01	nan	8.500000000000000000e+01	1.443827123882556428e-02	9.190071033432767583e-04	9.238846159455805975e-04	2.947912108780305629e-01	4.907716228027352301e+00	nan
nan	3.340452500000000327e+03	8.345144999999998259e-01	nan	8.550000000000000000e+01	1.459980488143458079e-02	9.197500413506154177e-04	9.350816444270132043e-04	2.931845884390651413e-01	4.893487427301937309e+00	nan
nan	3.352599999999999909e+03	8.390080000000000870e-01	nan	8.600000000000000000e+01	1.459472118892733705e-02	9.243543423118488495e-04	9.327311234750403166e-04	2.948758939660868772e-01	4.948149201870243985e+00	nan
nan	3.362580000000000382e+03	8.407519999999999438e-01	nan	8.650000000000000000e+01	1.485745163120498133e-02	9.198898430668609122e-04	9.351465056836973707e-04	2.916202734620134684e-01	4.903672798240863884e+00	nan
nan	3.370727499999999964e+03	8.424634999999998097e-01	nan	8.700000000000000000e+01	1.489989445921708136e-02	8.952437239174805333e-04	9.255780696972347801e-04	2.923078400399385934e-01	4.925227625873158210e+00	nan
nan	3.374817500000000109e+03	8.437694999999999501e-01	nan	8.750000000000000000e+01	1.483742663402608762e-02	9.247087748853556393e-04	9.332750591218299478e-04	2.951565417621272447e-01	4.980997039110912183e+00	nan
nan	3.386555000000000291e+03	8.462489999999999180e-01	nan	8.800000000000000000e+01	1.512567805256651368e-02	9.273469698950455786e-04	9.257284074595020220e-04	2.914768610339099064e-01	4.933675029068512963e+00	nan
nan	3.401812500000000000e+03	8.506344999999999601e-01	nan	8.850000000000000000e+01	1.538412451765339140e-02	9.212459653724347757e-04	9.295691412064741293e-04	2.879352250162548477e-01	4.898629943937565123e+00	nan
nan	3.408930000000000291e+03	8.519579999999999931e-01	nan	8.900000000000000000e+01	1.522485727583898496e-02	9.153258546806123438e-04	9.367152145196022423e-04	2.926007858651764049e-01	4.985398547057484642e+00	nan
nan	3.415957499999999527e+03	8.546674999999999134e-01	nan	8.950000000000000000e+01	1.573192277419877688e-02	8.970231025504846450e-04	9.249112131599682412e-04	2.848042135187381918e-01	4.868457075201054529e+00	nan
nan	3.430194999999999709e+03	8.575909999999999922e-01	nan	9.000000000000000000e+01	1.556705210161510311e-02	9.159077248112660035e-04	9.284553847439161022e-04	2.896621631133561303e-01	4.968104794121966705e+00	nan
nan	3.434812500000000000e+03	8.589225000000000332e-01	nan	9.050000000000000000e+01	1.589441995829361104e-02	9.246814215760231197e-04	9.290358458133507122e-04	2.851190909975090948e-01	4.897960065652888773e+00	nan
nan	3.450335000000000036e+03	8.623930000000001872e-01	nan	9.100000000000000000e+01	1.579500570266930207e-02	9.233907965283857369e-04	9.237090693454694593e-04	2.883999778550300208e-01	4.974484030211507424e+00	nan
nan	3.455269999999999527e+03	8.635459999999998137e-01	nan	9.150000000000000000e+01	1.607912840033918697e-02	9.297972189793448586e-04	9.419302684545626187e-04	2.847564863442916261e-01	4.917980410693270521e+00	nan
nan	3.464039999999999964e+03	8.666259999999997854e-01	nan	9.200000000000000000e+01	1.619635523660122034e-02	9.161804282071184724e-04	9.279649495849414753e-04	2.843007956359169253e-01	4.927916469591909987e+00	nan
nan	3.476380000000000109e+03	8.692260000000000542e-01	nan	9.250000000000000000e+01	1.639672705633984234e-02	9.225059367226022674e-04	9.347118243574259249e-04	2.824805328009392102e-01	4.910610228335697158e+00	nan
nan	3.487487500000000182e+03	8.721714999999999884e-01	nan	9.300000000000000000e+01	1.646978708453786938e-02	9.187622383601178272e-04	9.370601592677418748e-04	2.826116078131016840e-01	4.929709166139794263e+00	nan
nan	3.499169999999999618e+03	8.749739999999999185e-01	nan	9.350000000000000000e+01	1.670274906059319303e-02	9.020595670580780967e-04	9.266690504203933115e-04	2.802275335825381575e-01	4.903633402322190804e+00	nan
nan	3.502932499999999891e+03	8.747464999999999824e-01	nan	9.400000000000000000e+01	1.658832104794328438e-02	9.336695852538321946e-04	9.323292931485111868e-04	2.836328405972387556e-01	4.962455661829797471e+00	nan
nan	3.513205000000000382e+03	8.771930000000001115e-01	nan	9.450000000000000000e+01	1.699343074283206009e-02	9.092935024306624328e-04	9.313167099118642780e-04	2.784784180442244628e-01	4.885707239628239051e+00	nan
nan	3.523192500000000109e+03	8.808725000000000582e-01	nan	9.500000000000000000e+01	1.700403662807730212e-02	9.213080855468418770e-04	9.323716689379783415e-04	2.798502162916770009e-01	4.930280593058789407e+00	nan
nan	3.529527500000000146e+03	8.820654999999998358e-01	nan	9.550000000000000000e+01	1.724972922223799027e-02	9.263368558792986832e-04	9.295257931199073708e-04	2.770326306696675456e-01	4.887174978243666423e+00	nan
nan	3.539942500000000109e+03	8.854204999999998327e-01	nan	9.600000000000000000e+01	1.736493644943664164e-02	9.056466338406999467e-04	9.303472093897631121e-04	2.768341924684325495e-01	4.902061594121057020e+00	nan
nan	3.549362500000000182e+03	8.869084999999998775e-01	nan	9.650000000000000000e+01	1.730098659685040674e-02	9.311743417139847984e-04	9.322482646251462274e-04	2.791289204581233196e-01	4.951214253969608237e+00	nan
nan	3.554865000000000236e+03	8.878570000000000073e-01	nan	9.700000000000000000e+01	1.764127017728526342e-02	9.158079984957267832e-04	9.297347695955363728e-04	2.753438265624257864e-01	4.889323095997130331e+00	nan
nan	3.568512499999999818e+03	8.926385000000000014e-01	nan	9.750000000000000000e+01	1.777597150409349069e-02	8.933950213610281337e-04	9.311465903971638753e-04	2.747216161924903033e-01	4.904465263136422948e+00	nan
nan	3.586842500000000200e+03	8.958285000000000275e-01	nan	9.800000000000000000e+01	1.804905032904684931e-02	8.901411274268765600e-04	9.319755588798333970e-04	2.718442386763244012e-01	4.870508106058289322e+00	nan
nan	3.583059999999999945e+03	8.961999999999999966e-01	nan	9.850000000000000000e+01	1.794944536597938706e-02	9.291474788218536535e-04	9.306923655480305382e-04	2.748101601080450429e-01	4.925577770245523013e+00	nan
nan	3.596844999999999800e+03	8.999570000000000070e-01	nan	9.900000000000000000e+01	1.829521783323685008e-02	8.879349141904033368e-04	9.300193936287728339e-04	2.708689383444149446e-01	4.875439681842214767e+00	nan
nan	3.600365000000000236e+03	9.009169999999999678e-01	nan	9.950000000000000000e+01	1.818219717018280251e-02	9.124505463935240470e-04	9.289534794980049354e-04	2.742123575948132164e-01	4.941193735496637096e+00	nan
nan	3.613090000000000146e+03	9.035439999999999028e-01	nan	1.000000000000000000e+02	1.826523851491970024e-02	9.255730800797496447e-04	9.330325828234094145e-04	2.739336730385512064e-01	4.950333332099164707e+00	nan
nan	3.619390000000000327e+03	9.054280000000000106e-01	nan	1.005000000000000000e+02	1.826185697730863672e-02	9.279277135359834941e-04	9.343017418927668499e-04	2.753856433124093894e-01	4.986758602772430216e+00	nan
nan	3.632884999999999764e+03	9.085670000000002355e-01	nan	1.010000000000000000e+02	1.891335277886639632e-02	8.992128842024377580e-04	9.318417893682274513e-04	2.672140355043219340e-01	4.855659341245464056e+00	nan
nan	3.637765000000000327e+03	9.086869999999999115e-01	nan	1.015000000000000000e+02	1.879136262954318737e-02	9.341000529358214075e-04	9.287408598201597884e-04	2.704765436308730342e-01	4.915438947322020802e+00	nan
nan	3.651289999999999964e+03	9.121819999999999373e-01	nan	1.020000000000000000e+02	1.899418753646955199e-02	9.108105432771263724e-04	9.342248703577766189e-04	2.688432095802654187e-01	4.904738358181687019e+00	nan
nan	3.663652500000000146e+03	9.151145000000001639e-01	nan	1.025000000000000000e+02	1.911436143478567953e-02	9.179815335672500669e-04	9.311305651818858409e-04	2.684470490772702389e-01	4.913121909511438901e+00	nan
nan	3.670169999999999618e+03	9.173660000000001258e-01	nan	1.030000000000000000e+02	1.893592658034776860e-02	9.382532382686123093e-04	9.308357447812897834e-04	2.723553225096785879e-01	4.996880552030479983e+00	nan
nan	3.676677500000000236e+03	9.187594999999998402e-01	nan	1.035000000000000000e+02	1.931854084236420133e-02	9.212737263349779623e-04	9.292682280007062267e-04	2.683991817227355803e-01	4.931712811236367955e+00	nan
nan	3.684372499999999945e+03	9.202605000000000368e-01	nan	1.040000000000000000e+02	1.955110048753226637e-02	9.066818790454452687e-04	9.348416302396940405e-04	2.663045236426749840e-01	4.901672424453299648e+00	nan
nan	3.701609999999999673e+03	9.253360000000000474e-01	nan	1.045000000000000000e+02	1.967438453898921399e-02	9.316371543508347643e-04	9.352361339335356913e-04	2.658416753793486076e-01	4.919878604125356603e+00	nan
nan	3.704025000000000091e+03	9.260589999999998545e-01	nan	1.050000000000000000e+02	1.985261439824739793e-02	9.144244244950172065e-04	9.270834039421758108e-04	2.648224090334678760e-01	4.904805236800063639e+00	nan
nan	3.716312500000000000e+03	9.286305000000000254e-01	nan	1.055000000000000000e+02	1.999702628419982101e-02	9.398546920340652023e-04	9.326121111440596485e-04	2.640942760527749122e-01	4.904660016596741556e+00	nan
nan	3.720732499999999618e+03	9.301745000000000152e-01	nan	1.060000000000000000e+02	1.994724197688810957e-02	9.293491868362617351e-04	9.306048804548246308e-04	2.660701989844879711e-01	4.950011577686832531e+00	nan
nan	3.734050000000000182e+03	9.330000000000000515e-01	nan	1.065000000000000000e+02	2.017513110312393193e-02	9.124653686868424481e-04	9.320602065670764496e-04	2.643675720872049051e-01	4.932907089220583075e+00	nan
nan	3.739090000000000146e+03	9.350399999999998712e-01	nan	1.070000000000000000e+02	2.004847107428304326e-02	9.276628819801333459e-04	9.272764989267028935e-04	2.672668427687919790e-01	4.998195568782269227e+00	nan
nan	3.751287499999999909e+03	9.371294999999999487e-01	nan	1.075000000000000000e+02	2.048108080023666733e-02	9.142734838994473739e-04	9.317866546195360811e-04	2.628985652176681898e-01	4.927462065752182596e+00	nan
nan	3.756034999999999854e+03	9.383390000000002562e-01	nan	1.080000000000000000e+02	2.049577922444086736e-02	8.956216824952438959e-04	9.304698173965436376e-04	2.637705464611848627e-01	4.949911875964632557e+00	nan
nan	3.767797499999999673e+03	9.410535000000000982e-01	nan	1.085000000000000000e+02	2.068296467909704062e-02	9.216735639293139682e-04	9.363198759062749382e-04	2.625471977034082305e-01	4.941381709815802381e+00	nan
nan	3.772744999999999891e+03	9.431010000000000781e-01	nan	1.090000000000000000e+02	2.092785736314226736e-02	9.306271715709060885e-04	9.250571945523106392e-04	2.608092475736352722e-01	4.919438853503750764e+00	nan
nan	3.783882499999999709e+03	9.468185000000000073e-01	nan	1.095000000000000000e+02	2.129831765722769998e-02	9.253853532193512602e-04	9.303598390169974400e-04	2.572916163608681139e-01	4.872329436142583070e+00	nan
nan	3.791359999999999673e+03	9.485119999999997997e-01	nan	1.100000000000000000e+02	2.105183153871053106e-02	9.176924568669135585e-04	9.349163089561437004e-04	2.615562004136550156e-01	4.962126916135996879e+00	nan
nan	3.807109999999999673e+03	9.518440000000001344e-01	nan	1.105000000000000000e+02	2.154151986315355066e-02	9.257598840284276751e-04	9.303150974257960813e-04	2.569708611573942036e-01	4.891937751313307992e+00	nan
nan	3.808482499999999618e+03	9.527725000000000222e-01	nan	1.110000000000000000e+02	2.139992628329309698e-02	8.993975084020826077e-04	9.307475155460643874e-04	2.598337831154469701e-01	4.950916339382676057e+00	nan
nan	3.816099999999999909e+03	9.525680000000000813e-01	nan	1.115000000000000000e+02	2.135856291296477083e-02	9.226668248304909555e-04	9.329465040042126409e-04	2.612241961452065331e-01	4.976796775515945015e+00	nan
nan	3.829207499999999527e+03	9.570615000000000094e-01	nan	1.120000000000000000e+02	2.181852476683388692e-02	9.016240318329964837e-04	9.367392947985848668e-04	2.568331375973458841e-01	4.916078302331932548e+00	nan
nan	3.834730000000000473e+03	9.586799999999999766e-01	nan	1.125000000000000000e+02	2.189190059313318726e-02	9.351624816793814013e-04	9.251697429422806040e-04	2.573323885967362390e-01	4.933961471966152423e+00	nan
nan	3.848662499999999909e+03	9.617924999999998281e-01	nan	1.130000000000000000e+02	2.212524578294619571e-02	9.464269857729589158e-04	9.315703306964635399e-04	2.557316594623754158e-01	4.919512829662355813e+00	nan
nan	3.854587500000000091e+03	9.642615000000001046e-01	nan	1.135000000000000000e+02	2.211635209205496666e-02	9.266371588054023254e-04	9.319101831642232501e-04	2.569164150341934350e-01	4.954805981395515424e+00	nan
nan	3.858144999999999527e+03	9.649850000000000927e-01	nan	1.140000000000000000e+02	2.236861817500198496e-02	9.291591020762280436e-04	9.402884610029349976e-04	2.551636286839838452e-01	4.924607874162658661e+00	nan
nan	3.866272500000000036e+03	9.659105000000000052e-01	nan	1.145000000000000000e+02	2.251283403516822490e-02	9.299705644848910288e-04	9.300319579261436811e-04	2.547217395818631713e-01	4.920722859182790287e+00	nan
nan	3.882012499999999818e+03	9.712764999999998761e-01	nan	1.150000000000000000e+02	2.244603921975453845e-02	9.107782528214164713e-04	9.341154099463981272e-04	2.566324198831828607e-01	4.985512654121894371e+00	nan
nan	3.887669999999999618e+03	9.713279999999999692e-01	nan	1.155000000000000000e+02	2.249224679251596998e-02	8.986462522931084034e-04	9.289872565364055501e-04	2.571098561030279450e-01	4.994758795991017131e+00	nan
nan	3.898255000000000109e+03	9.736329999999998597e-01	nan	1.160000000000000000e+02	2.311380138924619063e-02	8.858437246036377074e-04	9.352532990423535275e-04	2.515261538966292454e-01	4.897823884323941890e+00	nan
nan	3.905759999999999764e+03	9.757700000000001372e-01	nan	1.165000000000000000e+02	2.320093925505830115e-02	9.230183729774731841e-04	9.282245344328284584e-04	2.516564309589125470e-01	4.911515102302277391e+00	nan
nan	3.917542500000000473e+03	9.796065000000000467e-01	nan	1.170000000000000000e+02	2.302380573760728910e-02	9.162067527867625346e-04	9.292776774662694439e-04	2.544977461248270068e-01	4.986182881347863471e+00	nan
nan	3.923857499999999618e+03	9.806114999999999693e-01	nan	1.175000000000000000e+02	2.346634383232980986e-02	9.004463609768314928e-04	9.241080890366557433e-04	2.506179719295263952e-01	4.915175827546010012e+00	nan
nan	3.928059999999999945e+03	9.823760000000000270e-01	nan	1.180000000000000000e+02	2.334038646622048005e-02	8.975733592103071496e-04	9.339294861462528203e-04	2.531920791391704118e-01	4.974572257035292822e+00	nan
nan	3.944527500000000146e+03	9.853955000000003128e-01	nan	1.185000000000000000e+02	2.384324009428269095e-02	9.071246476007027021e-04	9.354955077175627085e-04	2.488614275106280638e-01	4.904558866564439512e+00	nan
nan	3.946344999999999800e+03	9.865089999999998582e-01	nan	1.190000000000000000e+02	2.387440057834396695e-02	9.280747318231513188e-04	9.272539430826140169e-04	2.497932823297948635e-01	4.928493410038656819e+00	nan
nan	3.951150000000000091e+03	9.879659999999998998e-01	nan	1.195000000000000000e+02	2.427162396371499928e-02	9.061760137308138684e-04	9.431105026446187862e-04	2.465330316717444514e-01	4.871501668888605252e+00	nan
nan	3.964642500000000382e+03	9.910965000000000469e-01	nan	1.200000000000000000e+02	2.429350164853190039e-02	9.118472098631352513e-04	9.282416917216396082e-04	2.473748254222468412e-01	4.903689105658957104e+00	nan
nan	3.974944999999999709e+03	9.931670000000002441e-01	nan	1.205000000000000000e+02	2.456700886954422264e-02	9.164942465078481076e-04	9.304771406324511889e-04	2.458009723498713051e-01	4.882378393040694320e+00	nan
nan	3.986275000000000091e+03	9.963609999999999411e-01	nan	1.210000000000000000e+02	2.416168328540379412e-02	9.179011768802255739e-04	9.271204049056010459e-04	2.506516301457681339e-01	4.994775837322285028e+00	nan
nan	3.991900000000000091e+03	9.983319999999998862e-01	nan	1.215000000000000000e+02	2.435939973987842622e-02	9.155701681714305479e-04	9.304101928553626518e-04	2.497668439596027190e-01	4.987042865402984582e+00	nan
nan	3.994022500000000036e+03	9.989805000000000490e-01	nan	1.220000000000000000e+02	2.483103908885482200e-02	9.423586143321854023e-04	9.264644628771228057e-04	2.459648254648684473e-01	4.914198325457958205e+00	nan
nan	4.009119999999999891e+03	1.002274000000000109e+00	nan	1.225000000000000000e+02	2.448975424037598894e-02	9.258588782385679134e-04	9.255704563344719629e-04	2.505147192457481964e-01	5.021981103096264221e+00	nan
nan	4.013425000000000182e+03	1.003360999999999947e+00	nan	1.230000000000000000e+02	2.499894027457798956e-02	9.267334554905970684e-04	9.266336888969055070e-04	2.463386538892523847e-01	4.943290932550585381e+00	nan
nan	4.021805000000000291e+03	1.005160999999999971e+00	nan	1.235000000000000000e+02	2.481429627865168117e-02	9.035816864472372492e-04	9.306905336656177410e-04	2.492097868895155055e-01	5.009892816465913334e+00	nan
nan	4.028007499999999709e+03	1.006969499999999851e+00	nan	1.240000000000000000e+02	2.529301286798954496e-02	9.106212059189569292e-04	9.296092525798589070e-04	2.454228591541337823e-01	4.942759573575912668e+00	nan
nan	4.034262499999999818e+03	1.008470500000000047e+00	nan	1.245000000000000000e+02	2.548826928484004134e-02	8.922516062105506629e-04	9.311442841292690096e-04	2.446903911311589519e-01	4.935122045308306227e+00	nan
nan	4.047055000000000291e+03	1.011198999999999737e+00	nan	1.250000000000000000e+02	2.599969210690346658e-02	9.114820894375357451e-04	9.287312191681483878e-04	2.407091979656981184e-01	4.868235680605600635e+00	nan
nan	4.057217500000000200e+03	1.014981499999999981e+00	nan	1.255000000000000000e+02	2.569622698630154994e-02	9.352860329857592145e-04	9.244550980885271260e-04	2.445886512779219812e-01	4.965231874909879828e+00	nan
nan	4.060582499999999527e+03	1.015770500000000132e+00	nan	1.260000000000000000e+02	2.614509702958912538e-02	9.181906529194419717e-04	9.305106668979894755e-04	2.413800160801799488e-01	4.903910311795244503e+00	nan
nan	4.072707499999999527e+03	1.017979500000000037e+00	nan	1.265000000000000000e+02	2.585101742474193998e-02	9.099506218865061318e-04	9.341760850495268781e-04	2.449875040361634004e-01	4.987674426710320574e+00	nan
nan	4.073037499999999909e+03	1.017489500000000158e+00	nan	1.270000000000000000e+02	2.614384224777836427e-02	9.099763749836689564e-04	9.304505727720466810e-04	2.431048153464363537e-01	4.947001018073330592e+00	nan
nan	4.084232499999999618e+03	1.020496499999999696e+00	nan	1.275000000000000000e+02	2.646482058624997219e-02	9.217212092718551821e-04	9.317161050608052924e-04	2.412709890373148092e-01	4.924444664929561455e+00	nan
