Simulation Number ExitSlit.openingHeight CPMU20.photonEnergy PG.cFactor PG.orderDiffraction CPMU20.numberRays
0                 0.03                   500.0               1.5        1                   30000.0          
1                 0.03                   500.0               2.25       1                   30000.0          
2                 0.03                   500.0               3.0        1                   30000.0          
3                 0.03                   500.0               5.0        1                   30000.0          
4                 0.03                   1000.0              1.5        1                   30000.0          
5                 0.03                   1000.0              2.25       1                   30000.0          
6                 0.03                   1000.0              3.0        1                   30000.0          
7                 0.03                   1000.0              5.0        1                   30000.0          
8                 0.03                   1500.0              1.5        1                   30000.0          
9                 0.03                   1500.0              2.25       1                   30000.0          
10                0.03                   1500.0              3.0        1                   30000.0          
11                0.03                   1500.0              5.0        1                   30000.0          
12                0.03                   2000.0              1.5        1                   30000.0          
13                0.03                   2000.0              2.25       1                   30000.0          
14                0.03                   2000.0              3.0        1                   30000.0          
15                0.03                   2000.0              5.0        1                   30000.0          
16                0.03                   2500.0              1.5        1                   30000.0          
17                0.03                   2500.0              2.25       1                   30000.0          
18                0.03                   2500.0              3.0        1                   30000.0          
19                0.03                   2500.0              5.0        1                   30000.0          
