# SourcePhotonFlux	NumberRaysSurvived	PercentageRaysSurvived	PhotonFlux	PhotonEnergy	Bandwidth	HorizontalFocusFWHM	VerticalFocusFWHM	EnergyPerMilPerBw	FluxPerMilPerBwPerc	FluxPerMilPerBwAbs
nan	6.355199999999999818e+02	1.271039999999999948e-01	nan	1.000000000000000000e+01	6.333871744556063320e-04	3.100939900254150779e-03	1.676005283771148015e-03	3.176342947546296536e+00	2.017858952484723467e+00	nan
nan	8.380399999999999636e+02	1.676080000000000070e-01	nan	1.200000000000000000e+01	7.687906964704893436e-04	3.133753003669705137e-03	1.736507702230128628e-03	3.134331297610133404e+00	2.627023866626699622e+00	nan
nan	1.025079999999999927e+03	2.050159999999999483e-01	nan	1.400000000000000000e+01	9.575349762116047280e-04	3.112396608884428900e-03	1.809011506175433074e-03	2.925166058666696323e+00	2.998949520121101386e+00	nan
nan	1.249839999999999918e+03	2.499680000000000235e-01	nan	1.600000000000000000e+01	1.048284664129255517e-03	2.983518672842572998e-03	1.734553067673711910e-03	3.057248152545379849e+00	3.820252897041031215e+00	nan
nan	1.448000000000000000e+03	2.895999999999999686e-01	nan	1.800000000000000000e+01	1.206644277460782204e-03	3.047785402809457568e-03	1.724538145963860642e-03	2.997822256108680694e+00	4.341847576060366976e+00	nan
nan	1.643240000000000236e+03	3.286479999999999957e-01	nan	2.000000000000000000e+01	1.348863653776106661e-03	2.968497759987042545e-03	1.782750074758014062e-03	2.969479694200756192e+00	4.878526809331357406e+00	nan
nan	1.853279999999999973e+03	3.706559999999999855e-01	nan	2.200000000000000000e+01	1.489031805822946817e-03	2.978898454904774229e-03	1.770588288013364483e-03	2.973287745525809989e+00	5.510324272941534041e+00	nan
nan	2.062400000000000091e+03	4.124799999999999578e-01	nan	2.400000000000000000e+01	1.611673702769280585e-03	3.096038388393210997e-03	1.732728996865546493e-03	2.980460504328165783e+00	6.146433739559199694e+00	nan
nan	2.256960000000000036e+03	4.513919999999999599e-01	nan	2.600000000000000000e+01	1.799870276715864704e-03	3.120367228448344635e-03	1.770797558100449922e-03	2.890999631723417451e+00	6.526119672789623571e+00	nan
nan	2.454640000000000327e+03	4.909279999999999755e-01	nan	2.800000000000000000e+01	1.968309210863026376e-03	3.061819229141482610e-03	1.730158928402776184e-03	2.850764142460263884e+00	6.997167022144834547e+00	nan
nan	2.628400000000000091e+03	5.256800000000000361e-01	nan	3.000000000000000000e+01	2.135434875361852305e-03	3.135332859319954393e-03	1.774787128827225906e-03	2.820649754961474631e+00	7.415390739343908244e+00	nan
nan	2.831880000000000109e+03	5.663760000000001016e-01	nan	3.200000000000000000e+01	2.379703742928995606e-03	2.969215112967991173e-03	1.771739815517344883e-03	2.691851726590218874e+00	7.623142294545372621e+00	nan
nan	3.006559999999999945e+03	6.013119999999999576e-01	nan	3.400000000000000000e+01	2.528671283889707445e-03	3.025233920556101835e-03	1.762057420996235952e-03	2.691952140334348265e+00	8.094164242692958311e+00	nan
nan	3.209079999999999927e+03	6.418160000000000531e-01	nan	3.600000000000000000e+01	2.745120705163799513e-03	3.021395756142505017e-03	1.755873189938013694e-03	2.623451287904609242e+00	8.419580420078627725e+00	nan
nan	3.376440000000000055e+03	6.752879999999999994e-01	nan	3.800000000000000000e+01	2.933017061189957617e-03	3.001162550275039437e-03	1.787195587701325208e-03	2.594242324713454728e+00	8.759894732990769484e+00	nan
nan	3.558159999999999854e+03	7.116320000000000423e-01	nan	4.000000000000000000e+01	3.139102793253414295e-03	2.964665539212455944e-03	1.737582746361094558e-03	2.561866279348322450e+00	9.116585094306994819e+00	nan
nan	3.730800000000000182e+03	7.461599999999999344e-01	nan	4.200000000000000000e+01	3.326463060758442537e-03	2.938521105111036556e-03	1.733489878755600138e-03	2.526499947434210913e+00	9.425344760114830578e+00	nan
nan	3.893080000000000382e+03	7.786159999999999748e-01	nan	4.400000000000000000e+01	3.536627479534217543e-03	2.947434208147019664e-03	1.777297696111404578e-03	2.493609269105555803e+00	9.709002882405156853e+00	nan
nan	4.074359999999999673e+03	8.148720000000000407e-01	nan	4.600000000000000000e+01	3.823620402619098881e-03	2.934555495143529626e-03	1.780517283159641691e-03	2.411075007412180504e+00	9.824840651163079031e+00	nan
nan	4.202719999999999345e+03	8.405439999999998468e-01	nan	4.800000000000000000e+01	4.096136790957416104e-03	2.809972052218912778e-03	1.793289505657077402e-03	2.355598809374614966e+00	9.899732062825467693e+00	nan
nan	4.376000000000000000e+03	8.752000000000000890e-01	nan	5.000000000000000000e+01	4.435370179611482049e-03	2.950384340362208809e-03	1.767222142548208847e-03	2.265193551145417761e+00	9.912531008137161592e+00	nan
nan	4.510880000000000109e+03	9.021759999999998669e-01	nan	5.200000000000000000e+01	4.571541436971528552e-03	2.992533532863887909e-03	1.760638547642560557e-03	2.280724456602652328e+00	1.028783390243151175e+01	nan
nan	4.671359999999999673e+03	9.342719999999999914e-01	nan	5.400000000000000000e+01	4.676010802211294330e-03	2.924628063468136859e-03	1.781891410174772043e-03	2.311910411722994496e+00	1.079842690424410101e+01	nan
nan	4.814119999999999891e+03	9.628240000000000132e-01	nan	5.600000000000000000e+01	4.885349404066800620e-03	2.821145088251431933e-03	1.750549564718257515e-03	2.293179908004703726e+00	1.104084559379317376e+01	nan
nan	4.966159999999999854e+03	9.932320000000001148e-01	nan	5.800000000000000000e+01	5.203358892838423795e-03	2.937792601196135677e-03	1.739114425724156169e-03	2.235899162506660875e+00	1.110376691099422786e+01	nan
nan	5.118039999999999964e+03	1.023608000000000073e+00	nan	6.000000000000000000e+01	5.401591268084758243e-03	3.055603644095895594e-03	1.708238887578300514e-03	2.229645044874902116e+00	1.141352336947399770e+01	nan
nan	5.245440000000000509e+03	1.049088000000000021e+00	nan	6.200000000000000000e+01	5.514272088487359551e-03	2.936765320036640019e-03	1.784049442209315831e-03	2.253910017927761356e+00	1.182144090054636543e+01	nan
nan	5.388399999999999636e+03	1.077679999999999971e+00	nan	6.400000000000000000e+01	5.753816690532857596e-03	2.799691295466798582e-03	1.757031751792091949e-03	2.227701976608577716e+00	1.200536641407184035e+01	nan
nan	5.538280000000000655e+03	1.107655999999999974e+00	nan	6.600000000000000000e+01	6.026262589991802053e-03	2.952801311915719505e-03	1.728654009313581198e-03	2.193471679338468316e+00	1.214771932217456296e+01	nan
nan	5.643680000000000291e+03	1.128735999999999740e+00	nan	6.800000000000000000e+01	6.176717726191327529e-03	2.893636058760424689e-03	1.718960441151867052e-03	2.203033110066913824e+00	1.243454383125364515e+01	nan
nan	5.786840000000000146e+03	1.157367999999999952e+00	nan	7.000000000000000000e+01	6.934524384982978726e-03	2.951349367359933952e-03	1.731801117358141694e-03	2.019820065265663267e+00	1.168847590140357440e+01	nan
nan	5.892000000000000000e+03	1.178400000000000114e+00	nan	7.200000000000000000e+01	6.506133948287242882e-03	2.910409050944446664e-03	1.755457866324617710e-03	2.216618070852660161e+00	1.305960648547944025e+01	nan
nan	6.053600000000000364e+03	1.210720000000000018e+00	nan	7.400000000000000000e+01	6.995597824775360088e-03	2.988896613702408771e-03	1.721547719229662293e-03	2.123776935411884281e+00	1.285963188454490513e+01	nan
nan	6.158000000000000000e+03	1.231599999999999806e+00	nan	7.600000000000000000e+01	7.352596203365919895e-03	2.936412551521576028e-03	1.764611473646885949e-03	2.075398614337199188e+00	1.277903077445019520e+01	nan
nan	6.286319999999999709e+03	1.257263999999999937e+00	nan	7.800000000000000000e+01	7.773701300714037921e-03	2.886072651838201848e-03	1.764452753127657798e-03	2.009977196256245602e+00	1.263621626321617342e+01	nan
nan	6.403199999999999818e+03	1.280640000000000001e+00	nan	8.000000000000000000e+01	7.959878258516255370e-03	2.993532703395033762e-03	1.755515369956010081e-03	2.015044310641532999e+00	1.290161433680028935e+01	nan
nan	6.505039999999999964e+03	1.301007999999999942e+00	nan	8.200000000000000000e+01	8.299775201942338407e-03	2.903769528587597359e-03	1.752693349497531656e-03	1.982145839554273481e+00	1.289473976870598015e+01	nan
nan	6.597480000000000473e+03	1.319496000000000002e+00	nan	8.400000000000000000e+01	8.775142530907942273e-03	2.953792352192917848e-03	1.790873953740099818e-03	1.920547633347259531e+00	1.267072008853891063e+01	nan
nan	6.739519999999999527e+03	1.347904000000000213e+00	nan	8.600000000000000000e+01	8.862441370315537331e-03	2.930907684539722172e-03	1.754516883897283292e-03	1.948641065581034670e+00	1.313470194715943684e+01	nan
nan	6.860439999999999600e+03	1.372087999999999974e+00	nan	8.800000000000000000e+01	8.634140284075327715e-03	2.941724519094548324e-03	1.765302460723767574e-03	2.039169953471031249e+00	1.398932694196282611e+01	nan
nan	6.967360000000000582e+03	1.393471999999999822e+00	nan	9.000000000000000000e+01	9.390992740438832559e-03	2.878280595113986724e-03	1.758353072192717342e-03	1.919180396208374217e+00	1.337305901027768051e+01	nan
nan	7.061880000000000109e+03	1.412375999999999854e+00	nan	9.200000000000000000e+01	9.772789387579906145e-03	2.785277708450633292e-03	1.790853117955111193e-03	1.888755938792687772e+00	1.333955911484532386e+01	nan
nan	7.166839999999999236e+03	1.433367999999999753e+00	nan	9.400000000000000000e+01	1.007191646488763553e-02	2.873485809727069958e-03	1.763349709792871173e-03	1.875469499824822694e+00	1.343880876582169570e+01	nan
nan	7.273960000000000946e+03	1.454791999999999863e+00	nan	9.600000000000000000e+01	1.009816832624892483e-02	2.945719254418013855e-03	1.769435220844633354e-03	1.908334181198640067e+00	1.388024617622076207e+01	nan
nan	7.370199999999999818e+03	1.474040000000000017e+00	nan	9.800000000000000000e+01	1.027263342136848154e-02	2.944960403014493244e-03	1.783077225919797075e-03	1.918000738998957733e+00	1.413691786155887087e+01	nan
nan	7.454519999999999527e+03	1.490904000000000007e+00	nan	1.000000000000000000e+02	1.101789907162128643e-02	2.892209354516370873e-03	1.709702674533452541e-03	1.817017109578945577e+00	1.354404334069263882e+01	nan
nan	7.581639999999999418e+03	1.516328000000000120e+00	nan	1.020000000000000000e+02	1.113310340030011433e-02	2.865176252124539656e-03	1.757888943798138152e-03	1.835097098969491913e+00	1.391244630051640740e+01	nan
nan	7.639839999999999236e+03	1.527967999999999993e+00	nan	1.040000000000000000e+02	1.117664194118333371e-02	3.044174531386673131e-03	1.755245379525902137e-03	1.868109069378881770e+00	1.427308025272164471e+01	nan
nan	7.777560000000000400e+03	1.555512000000000228e+00	nan	1.060000000000000000e+02	1.133350436587534163e-02	3.027477655746746606e-03	1.766195116377661982e-03	1.878716859152213869e+00	1.460969463179681682e+01	nan
nan	7.853039999999999054e+03	1.570608000000000004e+00	nan	1.080000000000000000e+02	1.147258788879298649e-02	2.898468458773262833e-03	1.732860627031702514e-03	1.883820392787120879e+00	1.479440031836281300e+01	nan
nan	7.994760000000000218e+03	1.598951999999999929e+00	nan	1.100000000000000000e+02	1.236531693201413894e-02	2.914193589877417563e-03	1.772294785743117052e-03	1.782075961543409193e+00	1.424660968727891408e+01	nan
nan	8.066920000000000073e+03	1.613383999999999929e+00	nan	1.120000000000000000e+02	1.272530986642323239e-02	2.757215244527995001e-03	1.762657899180162342e-03	1.767815677470006008e+00	1.426448520705454825e+01	nan
nan	8.138560000000000400e+03	1.627712000000000048e+00	nan	1.140000000000000000e+02	1.273866835224907700e-02	2.833758497434420501e-03	1.757295990221789412e-03	1.793549114942639688e+00	1.459596472014749580e+01	nan
nan	8.258880000000001019e+03	1.651775999999999911e+00	nan	1.160000000000000000e+02	1.335454476650738652e-02	2.872590039072962266e-03	1.796092488714148144e-03	1.738692147540926047e+00	1.435861697147628568e+01	nan
nan	8.325920000000000073e+03	1.665183999999999997e+00	nan	1.180000000000000000e+02	1.306694987259106669e-02	2.918659507458366224e-03	1.754110850166086966e-03	1.807897342697387444e+00	1.505065862360136997e+01	nan
nan	8.419239999999999782e+03	1.683848000000000456e+00	nan	1.200000000000000000e+02	1.382861651879920863e-02	2.840166018838144457e-03	1.744736022432443259e-03	1.738856364281426092e+00	1.463876722108465955e+01	nan
nan	8.533520000000000437e+03	1.706703999999999777e+00	nan	1.220000000000000000e+02	1.408164701590521907e-02	2.944712742783418043e-03	1.760371333698271647e-03	1.736082203654459644e+00	1.481463557522373264e+01	nan
nan	8.608799999999999272e+03	1.721759999999999735e+00	nan	1.240000000000000000e+02	1.473869598999954199e-02	2.790643696929546828e-03	1.750629495462772663e-03	1.685559746703218398e+00	1.451122380064520634e+01	nan
nan	8.676319999999999709e+03	1.735264000000000140e+00	nan	1.260000000000000000e+02	1.475926830869866459e-02	2.760191658487458084e-03	1.750209828384085469e-03	1.710967453614498313e+00	1.484361119503697068e+01	nan
nan	8.749159999999999854e+03	1.749832000000000054e+00	nan	1.280000000000000000e+02	1.459434836162927171e-02	2.895960751019733322e-03	1.754190712199195975e-03	1.754265795807029793e+00	1.534837271147092608e+01	nan
nan	8.850479999999999563e+03	1.770096000000000114e+00	nan	1.300000000000000000e+02	1.534754422040350563e-02	2.910635012915732678e-03	1.749570160230363254e-03	1.695811147833442334e+00	1.500692253891279471e+01	nan
nan	8.941719999999999345e+03	1.788343999999999934e+00	nan	1.320000000000000000e+02	1.612294285437656030e-02	2.939474908286431390e-03	1.707868608843696786e-03	1.642365808880201117e+00	1.468640720625990603e+01	nan
nan	8.982079999999999927e+03	1.796416000000000013e+00	nan	1.340000000000000000e+02	1.586876461823067200e-02	2.887535961145834031e-03	1.746308657722247994e-03	1.697460828290862311e+00	1.524973087871302369e+01	nan
nan	9.103079999999999927e+03	1.820616000000000456e+00	nan	1.360000000000000000e+02	1.614543061612493807e-02	2.835897211830321930e-03	1.744036515099537483e-03	1.687910731177074242e+00	1.536478323685579994e+01	nan
nan	9.193399999999999636e+03	1.838680000000000092e+00	nan	1.380000000000000000e+02	1.733440579740999979e-02	2.746240277817795731e-03	1.766948458831014371e-03	1.594044347231591052e+00	1.465377031400590546e+01	nan
nan	9.277319999999999709e+03	1.855464000000000002e+00	nan	1.400000000000000000e+02	1.699027624423706667e-02	2.898655706891104661e-03	1.757322157204510875e-03	1.652095950206880159e+00	1.532575862076413742e+01	nan
nan	9.341600000000000364e+03	1.868319999999999981e+00	nan	1.420000000000000000e+02	1.741305418427600490e-02	2.917519542055488531e-03	1.733316843333006663e-03	1.632965887868888188e+00	1.525281842729335402e+01	nan
nan	9.410960000000000946e+03	1.882191999999999865e+00	nan	1.440000000000000000e+02	1.789324179016148209e-02	2.947789799371709155e-03	1.743996471887685222e-03	1.614587785602603187e+00	1.519599847940211035e+01	nan
nan	9.516479999999999563e+03	1.903296000000000321e+00	nan	1.460000000000000000e+02	1.813228272452761108e-02	2.947892172539648935e-03	1.746744134240351635e-03	1.613624783594752810e+00	1.535461866441276868e+01	nan
nan	9.585600000000000364e+03	1.917119999999999935e+00	nan	1.480000000000000000e+02	1.787245552616695959e-02	2.952185317901125528e-03	1.746042128899604699e-03	1.658479924301628383e+00	1.589879404249329831e+01	nan
nan	9.659760000000000218e+03	1.931952000000000114e+00	nan	1.500000000000000000e+02	1.843068573172786453e-02	2.802267396889787741e-03	1.769962856071002205e-03	1.631980947618122402e+00	1.576644041648023631e+01	nan
nan	9.725880000000001019e+03	1.945176000000000016e+00	nan	1.520000000000000000e+02	1.917821868447844996e-02	2.820139233964873669e-03	1.724124964984940752e-03	1.588184408623275035e+00	1.544632448553591964e+01	nan
nan	9.799960000000000946e+03	1.959992000000000179e+00	nan	1.540000000000000000e+02	1.972578085855729996e-02	2.968373359445354836e-03	1.767371600990245636e-03	1.562637771936724373e+00	1.531325292490381074e+01	nan
nan	9.879560000000001310e+03	1.975911999999999891e+00	nan	1.560000000000000000e+02	1.981048537243623037e-02	3.006532064791099263e-03	1.725872320092567509e-03	1.581044826268547920e+00	1.561776321941995960e+01	nan
nan	9.921200000000000728e+03	1.984239999999999782e+00	nan	1.580000000000000000e+02	2.016432843990969420e-02	2.778894197257989526e-03	1.751104646075509353e-03	1.568464149014145992e+00	1.556098627962297520e+01	nan
nan	1.003663999999999942e+04	2.007328000000000223e+00	nan	1.600000000000000000e+02	2.082974721965911297e-02	2.897677387879705763e-03	1.753641496224317073e-03	1.536908950522034134e+00	1.542477078998015294e+01	nan
nan	1.007320000000000073e+04	2.014639999999999986e+00	nan	1.620000000000000000e+02	2.014164365531542072e-02	2.932349478073717659e-03	1.747914368252075686e-03	1.610015754052728010e+00	1.621683039511314917e+01	nan
nan	1.013884000000000015e+04	2.027768000000000015e+00	nan	1.640000000000000000e+02	2.065429717542429169e-02	2.888883987390495397e-03	1.771540256298923758e-03	1.589433629968017181e+00	1.611484746208304486e+01	nan
nan	1.025768000000000029e+04	2.051535999999999582e+00	nan	1.660000000000000000e+02	2.149332414194304874e-02	2.824674519037980672e-03	1.762039140694260462e-03	1.547010531846894299e+00	1.586949549644974766e+01	nan
nan	1.028803999999999905e+04	2.057607999999999659e+00	nan	1.680000000000000000e+02	2.260788417208459827e-02	2.915931461392431284e-03	1.777680940551212884e-03	1.488159736697064917e+00	1.531064166590807929e+01	nan
nan	1.035603999999999905e+04	2.071207999999999494e+00	nan	1.700000000000000000e+02	2.276844812500712634e-02	3.017877601846953757e-03	1.771866280257605080e-03	1.495402557694222034e+00	1.548697824855165628e+01	nan
nan	1.047331999999999971e+04	2.094663999999999859e+00	nan	1.720000000000000000e+02	2.356512036689764611e-02	2.817379271423220335e-03	1.749640797461410064e-03	1.463233578430861881e+00	1.532700028626103972e+01	nan
nan	1.053284000000000015e+04	2.106568000000000218e+00	nan	1.740000000000000000e+02	2.333704114142619995e-02	2.827712753975656669e-03	1.722017889734974664e-03	1.496186002438167462e+00	1.576081599618316353e+01	nan
nan	1.061339999999999964e+04	2.122679999999999900e+00	nan	1.760000000000000000e+02	2.456583747960393999e-02	2.910922941138025834e-03	1.745494770785608512e-03	1.433809915839069582e+00	1.521775674703108905e+01	nan
nan	1.063700000000000000e+04	2.127400000000000180e+00	nan	1.780000000000000000e+02	2.441081361146189149e-02	3.008970245593195654e-03	1.801488626854298031e-03	1.460333268894756120e+00	1.553537327120898226e+01	nan
nan	1.073836000000000058e+04	2.147672000000000025e+00	nan	1.800000000000000000e+02	2.393924265285932163e-02	3.030338832402642082e-03	1.727907035307905568e-03	1.505752183187610616e+00	1.616960605069464307e+01	nan
nan	1.078220000000000073e+04	2.156439999999999912e+00	nan	1.820000000000000000e+02	2.374898617996223232e-02	2.936543156590766188e-03	1.772355012612370547e-03	1.536007193076432964e+00	1.655985293841100514e+01	nan
nan	1.085420000000000073e+04	2.170840000000000103e+00	nan	1.840000000000000000e+02	2.525986059084971494e-02	2.863352580155891208e-03	1.747058853806451222e-03	1.462277818919019090e+00	1.587220792744319908e+01	nan
nan	1.095376000000000022e+04	2.190751999999999811e+00	nan	1.860000000000000000e+02	2.506201394347044517e-02	2.871205553709369959e-03	1.731306275762303131e-03	1.487610245490596173e+00	1.629572577516531595e+01	nan
nan	1.099103999999999905e+04	2.198208000000000162e+00	nan	1.880000000000000000e+02	2.581370396516831714e-02	2.744164481391613529e-03	1.740149758542590365e-03	1.459595456370364364e+00	1.604117081349655649e+01	nan
nan	1.108384000000000015e+04	2.216767999999999628e+00	nan	1.900000000000000000e+02	2.723640490513844561e-02	2.890863767501417048e-03	1.759082329152413578e-03	1.401914780524577520e+00	1.553829570127010129e+01	nan
nan	1.116656000000000131e+04	2.233312000000000186e+00	nan	1.920000000000000000e+02	2.727101308267265017e-02	2.775215680145688181e-03	1.747566241653396605e-03	1.409060502663775694e+00	1.573541290532998005e+01	nan
nan	1.118331999999999971e+04	2.236664000000000208e+00	nan	1.940000000000000000e+02	2.582718209586801206e-02	2.753246692208850127e-03	1.745053923563202143e-03	1.507878552100857750e+00	1.686314607806085419e+01	nan
nan	1.128500000000000000e+04	2.257000000000000117e+00	nan	1.960000000000000000e+02	2.674908921313999891e-02	2.832218053539609873e-03	1.733879744535510954e-03	1.467896086559542512e+00	1.656662855387626720e+01	nan
nan	1.133384000000000015e+04	2.266767999999999894e+00	nan	1.980000000000000000e+02	2.821628592263551033e-02	2.818168166679113022e-03	1.759662700703945549e-03	1.404319837303011909e+00	1.591735275347674872e+01	nan
nan	1.139207999999999993e+04	2.278416000000000441e+00	nan	2.000000000000000000e+02	2.874401588755972486e-02	2.823790071378910228e-03	1.798417417995235718e-03	1.393773843142016577e+00	1.587729049181218066e+01	nan
nan	1.145592000000000007e+04	2.291184000000000331e+00	nan	2.020000000000000000e+02	2.801996513271660591e-02	2.898657717293359054e-03	1.759056806720276245e-03	1.447869821523122491e+00	1.658565458465328035e+01	nan
nan	1.152892000000000007e+04	2.305784000000000056e+00	nan	2.040000000000000000e+02	2.851703082647872797e-02	2.703085062552719985e-03	1.784465364631587347e-03	1.434440819813970869e+00	1.653756290443311627e+01	nan
nan	1.156060000000000036e+04	2.312119999999999731e+00	nan	2.060000000000000000e+02	3.021541270307352353e-02	2.776670920904548544e-03	1.759877823432322947e-03	1.364216923535945147e+00	1.577038288371250552e+01	nan
nan	1.163184000000000015e+04	2.326367999999999547e+00	nan	2.080000000000000000e+02	2.810291851593319651e-02	2.823379674764837748e-03	1.733180822524409874e-03	1.481316641088446628e+00	1.723101792853783110e+01	nan
nan	1.171463999999999942e+04	2.342928000000000122e+00	nan	2.100000000000000000e+02	3.047759891882378946e-02	2.845971190202870905e-03	1.754869682873573273e-03	1.379806711526008201e+00	1.616297982919827092e+01	nan
nan	1.173031999999999971e+04	2.346064000000000149e+00	nan	2.120000000000000000e+02	3.104274267680921101e-02	2.901971745547832389e-03	1.756319594338531841e-03	1.366319902013400478e+00	1.602767534868933552e+01	nan
nan	1.183323999999999978e+04	2.366648000000000085e+00	nan	2.140000000000000000e+02	3.134238549372640043e-02	2.897923965506791870e-03	1.759449770648271062e-03	1.366678444563010020e+00	1.617228937583716331e+01	nan
nan	1.189239999999999964e+04	2.378480000000000150e+00	nan	2.160000000000000000e+02	3.158151193100820764e-02	2.934811297202535862e-03	1.736633475707683545e-03	1.369076914866369066e+00	1.628230688222415523e+01	nan
nan	1.193671999999999935e+04	2.387343999999999689e+00	nan	2.180000000000000000e+02	3.223544173999471490e-02	2.933910215492666756e-03	1.757434366204132332e-03	1.353876999201118814e+00	1.616139589050195013e+01	nan
nan	1.197952000000000044e+04	2.395903999999999812e+00	nan	2.200000000000000000e+02	3.168865506730071668e-02	2.841457828323884667e-03	1.745696995767036675e-03	1.390460793923713245e+00	1.665553935329491608e+01	nan
nan	1.208400000000000000e+04	2.416799999999999837e+00	nan	2.220000000000000000e+02	3.137356032200841471e-02	2.875526657067771930e-03	1.747191730981615884e-03	1.416330893755097131e+00	1.711639578759520575e+01	nan
nan	1.211903999999999905e+04	2.423807999999999740e+00	nan	2.240000000000000000e+02	3.371594772160278752e-02	2.918524297782403368e-03	1.737958547250690461e-03	1.330803367715895025e+00	1.612891699990978012e+01	nan
nan	1.219296000000000095e+04	2.438592000000000315e+00	nan	2.260000000000000000e+02	3.375487658334350161e-02	2.822019736169149341e-03	1.740741525768788826e-03	1.341705846950485448e+00	1.635955240683551537e+01	nan
nan	1.226760000000000036e+04	2.453519999999999701e+00	nan	2.280000000000000000e+02	3.409072446031131964e-02	2.748395299122696062e-03	1.696466460292888430e-03	1.340339419497979634e+00	1.644062659784928115e+01	nan
nan	1.230796000000000095e+04	2.461592000000000446e+00	nan	2.300000000000000000e+02	3.388346702066883515e-02	2.974992568979454785e-03	1.762952203246660309e-03	1.358485386195864342e+00	1.672039331818977104e+01	nan
nan	1.236479999999999927e+04	2.472959999999999603e+00	nan	2.320000000000000000e+02	3.601665666325971210e-02	2.950065293507955766e-03	1.765411005990803490e-03	1.289846050902564878e+00	1.594733179586382832e+01	nan
nan	1.243447999999999956e+04	2.486896000000000218e+00	nan	2.340000000000000000e+02	3.530214042619263248e-02	2.887066642681125096e-03	1.729727184133194500e-03	1.328136829687270870e+00	1.651483659132535919e+01	nan
nan	1.249023999999999978e+04	2.498047999999999824e+00	nan	2.360000000000000000e+02	3.624289292633875448e-02	2.875987894300757568e-03	1.749831965253175652e-03	1.304728400319851822e+00	1.629746881301865358e+01	nan
nan	1.254679999999999927e+04	2.509360000000000035e+00	nan	2.380000000000000000e+02	3.538726521287571813e-02	3.001945178452978744e-03	1.783268764239399808e-03	1.347474558465340255e+00	1.690469139853820479e+01	nan
nan	1.257139999999999964e+04	2.514280000000000292e+00	nan	2.400000000000000000e+02	3.744855603485121309e-02	2.860953627329622558e-03	1.751393518322213235e-03	1.282891708450707879e+00	1.612797926325279718e+01	nan
nan	1.263463999999999942e+04	2.526928000000000285e+00	nan	2.420000000000000000e+02	3.674275756284259981e-02	2.852231386089835227e-03	1.740865028820846178e-03	1.322322546307339586e+00	1.670835437832910131e+01	nan
nan	1.273839999999999964e+04	2.547680000000000611e+00	nan	2.440000000000000000e+02	3.783226289913727697e-02	2.832777659575690370e-03	1.725679833000973466e-03	1.290439422886388909e+00	1.643838821698250285e+01	nan
nan	1.274047999999999956e+04	2.548096000000000139e+00	nan	2.460000000000000000e+02	3.725277344303322413e-02	2.881909949594583728e-03	1.750514050558441654e-03	1.322031722358202099e+00	1.684323062015428718e+01	nan
nan	1.278923999999999978e+04	2.557847999999999900e+00	nan	2.480000000000000000e+02	3.748272216358600195e-02	2.848824359528379958e-03	1.760999474649101778e-03	1.327031159463819776e+00	1.696991162039713785e+01	nan
nan	1.290023999999999978e+04	2.580048000000000119e+00	nan	2.500000000000000000e+02	3.833396036369777354e-02	2.827709814147040014e-03	1.728489441209277600e-03	1.309814408994870671e+00	1.689502240635344066e+01	nan
nan	1.289200000000000000e+04	2.578399999999999803e+00	nan	2.520000000000000000e+02	3.960930135921444245e-02	2.895233152760593766e-03	1.721548578302322524e-03	1.274314716325194663e+00	1.642883389733705002e+01	nan
nan	1.299615999999999985e+04	2.599231999999999765e+00	nan	2.540000000000000000e+02	3.954416006868086836e-02	2.888875913599407014e-03	1.715506090823692206e-03	1.285142915857322876e+00	1.670150790117546435e+01	nan
nan	1.308323999999999978e+04	2.616648000000000085e+00	nan	2.560000000000000000e+02	4.087954814399381853e-02	2.884099426903372673e-03	1.700117005439752502e-03	1.252873464574267848e+00	1.639123565529250115e+01	nan
nan	1.309671999999999935e+04	2.619343999999999895e+00	nan	2.580000000000000000e+02	4.023966905873749278e-02	2.780312251448128439e-03	1.747128737890667541e-03	1.286587958618652605e+00	1.685296478323929037e+01	nan
nan	1.317460000000000036e+04	2.634920000000000151e+00	nan	2.600000000000000000e+02	4.262462942366255364e-02	2.806667663615667729e-03	1.757745067388422110e-03	1.220181244616587168e+00	1.607511270988438667e+01	nan
nan	1.322263999999999942e+04	2.644527999999999768e+00	nan	2.620000000000000000e+02	4.028187536544464847e-02	2.837707536892800260e-03	1.725935437034386384e-03	1.303054338440912341e+00	1.723031190691727232e+01	nan
nan	1.326163999999999942e+04	2.652327999999999797e+00	nan	2.640000000000000000e+02	4.261929314115150275e-02	2.742453965679931584e-03	1.729634689135073084e-03	1.240235009000661748e+00	1.644839584624283546e+01	nan
nan	1.331543999999999869e+04	2.663088000000000122e+00	nan	2.660000000000000000e+02	3.980838044257325320e-02	2.793680074896031425e-03	1.747281053416095383e-03	1.337099973351279392e+00	1.780384697025030150e+01	nan
nan	1.337067999999999847e+04	2.674136000000000291e+00	nan	2.680000000000000000e+02	4.299782491841142723e-02	2.861714843684461714e-03	1.741436762598223571e-03	1.249712234298675728e+00	1.670929440621323181e+01	nan
nan	1.342996000000000095e+04	2.685991999999999713e+00	nan	2.700000000000000000e+02	4.390886993602179794e-02	2.752447825463185532e-03	1.759834088825888970e-03	1.230883689984664242e+00	1.652923368120647041e+01	nan
nan	1.343627999999999884e+04	2.687256000000000089e+00	nan	2.720000000000000000e+02	4.327020254665513155e-02	2.874293538129337518e-03	1.759370943197290788e-03	1.258612465246716106e+00	1.691173069357345327e+01	nan
nan	1.352700000000000000e+04	2.705399999999999583e+00	nan	2.740000000000000000e+02	4.423760371953903980e-02	2.834913031788539352e-03	1.753163793255758897e-03	1.240007623189905761e+00	1.677342115219790486e+01	nan
nan	1.356067999999999847e+04	2.712136000000000102e+00	nan	2.760000000000000000e+02	4.445520086201213555e-02	2.835987974263222931e-03	1.783262644566860258e-03	1.242430188472203323e+00	1.684810333325929932e+01	nan
nan	1.361192000000000189e+04	2.722384000000000359e+00	nan	2.780000000000000000e+02	4.487938310261598007e-02	2.909753538271951916e-03	1.764507333660133822e-03	1.242591884672420877e+00	1.691318181884583538e+01	nan
nan	1.366496000000000095e+04	2.732992000000000310e+00	nan	2.800000000000000000e+02	4.607821731884541305e-02	3.011502267405825450e-03	1.759794313353971098e-03	1.217809118130942281e+00	1.664055893409493692e+01	nan
nan	1.372336000000000058e+04	2.744672000000000001e+00	nan	2.820000000000000000e+02	4.560156517906761853e-02	2.907579298342770607e-03	1.757939445161275493e-03	1.239358050936314459e+00	1.700813732243549836e+01	nan
nan	1.375739999999999964e+04	2.751479999999999926e+00	nan	2.840000000000000000e+02	4.616495112561096875e-02	2.944557979334470714e-03	1.780884684093450880e-03	1.231240648188064668e+00	1.693853043586156559e+01	nan
nan	1.384667999999999847e+04	2.769335999999999576e+00	nan	2.860000000000000000e+02	4.531153163493399638e-02	2.824600090443573665e-03	1.747318792355297568e-03	1.264133681953110822e+00	1.750519076293725362e+01	nan
nan	1.388543999999999869e+04	2.777088000000000001e+00	nan	2.880000000000000000e+02	4.628151958708258407e-02	2.919339059127291133e-03	1.754026400160992342e-03	1.245359773587043861e+00	1.729235726963856123e+01	nan
nan	1.395043999999999869e+04	2.790087999999999901e+00	nan	2.900000000000000000e+02	4.649127663234139257e-02	2.907498419487240197e-03	1.730209717263113834e-03	1.250854291104066984e+00	1.744729182756011099e+01	nan
nan	1.397639999999999964e+04	2.795280000000000431e+00	nan	2.920000000000000000e+02	4.775474004433817588e-02	2.862001667938326912e-03	1.778227628132809284e-03	1.226839125458964341e+00	1.714748011903554215e+01	nan
nan	1.404896000000000095e+04	2.809791999999999845e+00	nan	2.940000000000000000e+02	5.005590340098933083e-02	2.728764694845509098e-03	1.721598582533347480e-03	1.174898215326007689e+00	1.650631009858716070e+01	nan
nan	1.409900000000000000e+04	2.819799999999999862e+00	nan	2.960000000000000000e+02	4.706824176935697074e-02	2.935709756806957269e-03	1.760980703225637975e-03	1.261650770758746543e+00	1.778821255904629339e+01	nan
nan	1.413492000000000189e+04	2.826983999999999941e+00	nan	2.980000000000000000e+02	5.166641202559731083e-02	2.701440791300081280e-03	1.760185216472726728e-03	1.155813680961363055e+00	1.633561934967235629e+01	nan
nan	1.418156000000000131e+04	2.836312000000000388e+00	nan	3.000000000000000000e+02	5.096036016359904025e-02	2.989722838796893267e-03	1.739802275052457301e-03	1.177996621677451339e+00	1.670639550040183252e+01	nan
nan	1.423603999999999905e+04	2.847207999999999739e+00	nan	3.020000000000000000e+02	4.971060149944605405e-02	2.823264545992556097e-03	1.763466943160944085e-03	1.217252488747361472e+00	1.732898904034207987e+01	nan
nan	1.427339999999999964e+04	2.854679999999999662e+00	nan	3.040000000000000000e+02	5.109136728559861285e-02	2.897630337364840922e-03	1.766912006553785332e-03	1.190985956930517453e+00	1.699878643878574991e+01	nan
nan	1.432860000000000036e+04	2.865720000000000045e+00	nan	3.060000000000000000e+02	5.288140354005917837e-02	2.936045559659322766e-03	1.772936423539815329e-03	1.159097547089019020e+00	1.660953415346784112e+01	nan
nan	1.437367999999999847e+04	2.874736000000000402e+00	nan	3.080000000000000000e+02	5.180684582437607155e-02	2.826396301411495272e-03	1.742045548646091891e-03	1.190313022697147005e+00	1.710920367104055728e+01	nan
nan	1.441176000000000022e+04	2.882352000000000025e+00	nan	3.100000000000000000e+02	5.205935060561387578e-02	2.754178969424199257e-03	1.789622634433739312e-03	1.194153793176164102e+00	1.721160785271676374e+01	nan
nan	1.452876000000000022e+04	2.905752000000000113e+00	nan	3.120000000000000000e+02	5.386783570144870747e-02	2.952759945870037789e-03	1.751600815449501618e-03	1.162021319623902427e+00	1.688253401391738606e+01	nan
nan	1.450552000000000044e+04	2.901104000000000127e+00	nan	3.140000000000000000e+02	5.287432598160194536e-02	2.778474055376257794e-03	1.795711168540934429e-03	1.192033445321486917e+00	1.728935962961650574e+01	nan
nan	1.456952000000000044e+04	2.913904000000000050e+00	nan	3.160000000000000000e+02	5.227171547585385269e-02	2.895705340523805921e-03	1.795189811024779439e-03	1.213225992719317858e+00	1.767521217730224947e+01	nan
nan	1.460584000000000015e+04	2.921168000000000209e+00	nan	3.180000000000000000e+02	5.433495316406151965e-02	2.728569006741866313e-03	1.735454813241110728e-03	1.172615894048667284e+00	1.712781015870227108e+01	nan
nan	1.465887999999999920e+04	2.931776000000000160e+00	nan	3.200000000000000000e+02	5.752909966026890920e-02	2.903551790040317764e-03	1.765878365373439642e-03	1.114923709559143994e+00	1.634288580363052645e+01	nan
nan	1.472060000000000036e+04	2.944120000000000292e+00	nan	3.220000000000000000e+02	5.521362685994063435e-02	2.970657791878938102e-03	1.742894005720725366e-03	1.168174609638562123e+00	1.719601422519368938e+01	nan
nan	1.479287999999999920e+04	2.958575999999999873e+00	nan	3.240000000000000000e+02	5.799007362444171670e-02	2.961280501440614454e-03	1.791896074763934046e-03	1.118311694857696992e+00	1.654230862431362681e+01	nan
nan	1.478100000000000000e+04	2.956199999999999939e+00	nan	3.260000000000000000e+02	5.610949885826812394e-02	2.951250994283702127e-03	1.793167143760950434e-03	1.166686626519615855e+00	1.724402075651713773e+01	nan
nan	1.485176000000000022e+04	2.970351999999999659e+00	nan	3.280000000000000000e+02	5.764133659969047224e-02	2.816560425685256212e-03	1.754052975026641325e-03	1.139150128854695243e+00	1.691722840174008624e+01	nan
nan	1.493063999999999942e+04	2.986127999999999894e+00	nan	3.300000000000000000e+02	5.703715780607125641e-02	2.930564494853748342e-03	1.772874724091534366e-03	1.159741733246627549e+00	1.731446446983600396e+01	nan
nan	1.494092000000000189e+04	2.988183999999999951e+00	nan	3.320000000000000000e+02	5.869613385292723334e-02	2.877612133984725103e-03	1.748801034235144148e-03	1.132740924857260856e+00	1.692526807128299282e+01	nan
nan	1.499727999999999884e+04	2.999455999999999900e+00	nan	3.340000000000000000e+02	6.070252994376460626e-02	2.893441003278510778e-03	1.787613361481166577e-03	1.101556885433000454e+00	1.652089454596370288e+01	nan
nan	1.508536000000000058e+04	3.017071999999999754e+00	nan	3.360000000000000000e+02	5.977015360296718260e-02	2.863989118792016099e-03	1.762012089427192948e-03	1.124863083631147731e+00	1.696836373605209047e+01	nan
nan	1.511287999999999920e+04	3.022575999999999929e+00	nan	3.380000000000000000e+02	5.884647013634094342e-02	2.812413880920779617e-03	1.762797013980800433e-03	1.151917733870045035e+00	1.740785727510725422e+01	nan
nan	1.512767999999999847e+04	3.025536000000000225e+00	nan	3.400000000000000000e+02	5.949404234987924062e-02	2.794731691870202574e-03	1.771607394546568723e-03	1.143407429059624336e+00	1.729700148551344085e+01	nan
nan	1.520812000000000080e+04	3.041623999999999661e+00	nan	3.420000000000000000e+02	5.768593733965644843e-02	2.817779807529232575e-03	1.749920788121174520e-03	1.187355336700576469e+00	1.805663985925533410e+01	nan
nan	1.522643999999999869e+04	3.045288000000000217e+00	nan	3.440000000000000000e+02	6.247061276072599784e-02	2.827907121866223873e-03	1.768970917491761302e-03	1.101759717445635722e+00	1.677517213568370025e+01	nan
nan	1.528612000000000080e+04	3.057224000000000164e+00	nan	3.460000000000000000e+02	6.270703442652120208e-02	2.887079894203680146e-03	1.762099376696211594e-03	1.105123744122041618e+00	1.689293177454877082e+01	nan
nan	1.534936000000000058e+04	3.069871999999999712e+00	nan	3.480000000000000000e+02	6.308452376977584375e-02	2.976536642719886973e-03	1.803312488580884358e-03	1.105229734173303502e+00	1.696300658306778431e+01	nan
nan	1.532887999999999920e+04	3.065775999999999613e+00	nan	3.500000000000000000e+02	6.246500463529628538e-02	2.702601887922335706e-03	1.745044835273566741e-03	1.123052764771356848e+00	1.721648333245817852e+01	nan
nan	1.540147999999999956e+04	3.080296000000000145e+00	nan	3.520000000000000000e+02	6.326292500468297386e-02	2.912001357583670572e-03	1.760245114413905559e-03	1.114049198972081323e+00	1.715947122403046876e+01	nan
nan	1.545467999999999847e+04	3.090936000000000128e+00	nan	3.540000000000000000e+02	6.421351692768439978e-02	2.919393792747921289e-03	1.742921667882949607e-03	1.105269148506942356e+00	1.708111475049398109e+01	nan
nan	1.546067999999999847e+04	3.092135999999999996e+00	nan	3.560000000000000000e+02	6.266612958469522376e-02	2.875610048919637670e-03	1.728075418118600213e-03	1.137192559404015313e+00	1.758176074163259983e+01	nan
nan	1.555484000000000015e+04	3.110967999999999734e+00	nan	3.580000000000000000e+02	6.450800857829562529e-02	2.845665270241800552e-03	1.774196689421084260e-03	1.112386071647123442e+00	1.730351360975581443e+01	nan
nan	1.556452000000000044e+04	3.112903999999999449e+00	nan	3.600000000000000000e+02	6.598498616715915699e-02	2.819053113700393902e-03	1.766978211266932979e-03	1.092120561008518953e+00	1.699803877974569133e+01	nan
nan	1.563139999999999964e+04	3.126279999999999948e+00	nan	3.620000000000000000e+02	6.413592142797824858e-02	2.924161845972844068e-03	1.732989992451340177e-03	1.129984009233987452e+00	1.766347737120881334e+01	nan
nan	1.567400000000000000e+04	3.134800000000000253e+00	nan	3.640000000000000000e+02	6.817757277141026084e-02	2.891859133765887786e-03	1.739617419349474142e-03	1.069432562153030064e+00	1.676211699227076934e+01	nan
nan	1.571872000000000116e+04	3.143744000000000316e+00	nan	3.660000000000000000e+02	6.543951554467639098e-02	2.916281350316089239e-03	1.773635968539081804e-03	1.120240329809057300e+00	1.761042488953920326e+01	nan
nan	1.576756000000000131e+04	3.153512000000000093e+00	nan	3.680000000000000000e+02	6.682981811632998648e-02	2.901861112135349120e-03	1.752961748287185182e-03	1.103156452935206477e+00	1.739190051829508832e+01	nan
nan	1.579123999999999978e+04	3.158247999999999500e+00	nan	3.700000000000000000e+02	6.843382199288498835e-02	2.903632933460459278e-03	1.737666929381036880e-03	1.081725497711323758e+00	1.708133870664351051e+01	nan
nan	1.585036000000000058e+04	3.170072000000000223e+00	nan	3.720000000000000000e+02	6.952027317864122036e-02	2.819961146774538872e-03	1.774033907641902556e-03	1.072173947239750236e+00	1.699603811323537528e+01	nan
nan	1.589352000000000044e+04	3.178704000000000196e+00	nan	3.740000000000000000e+02	7.183212700594594768e-02	2.840720130649597615e-03	1.751678249047298411e-03	1.043259468887952179e+00	1.657907350595929330e+01	nan
nan	1.597172000000000116e+04	3.194344000000000072e+00	nan	3.760000000000000000e+02	6.974975190605618713e-02	2.719830367137828289e-03	1.745816764901664871e-03	1.078370697032013936e+00	1.722369877445656172e+01	nan
nan	1.597007999999999811e+04	3.194016000000000410e+00	nan	3.780000000000000000e+02	6.988733828046861385e-02	2.804326005183239469e-03	1.754919896027710329e-03	1.084669420572321297e+00	1.732266596880979392e+01	nan
nan	1.602936000000000058e+04	3.205871999999999389e+00	nan	3.800000000000000000e+02	7.094014157836682488e-02	2.912033698995619702e-03	1.774210819869875139e-03	1.074697880159073193e+00	1.722585994413111266e+01	nan
nan	1.604100000000000000e+04	3.208200000000000163e+00	nan	3.820000000000000000e+02	6.988494985430407369e-02	2.829719313184575567e-03	1.741580616535977387e-03	1.094106576249399554e+00	1.755033788130340966e+01	nan
nan	1.611532000000000153e+04	3.223063999999999929e+00	nan	3.840000000000000000e+02	7.152012214745809282e-02	2.829697754265546664e-03	1.746694668207176464e-03	1.075185935506992596e+00	1.732761519970907571e+01	nan
nan	1.616152000000000044e+04	3.232304000000000066e+00	nan	3.860000000000000000e+02	7.340923478625882570e-02	2.885510266734004660e-03	1.762271465942675652e-03	1.053394228502668950e+00	1.702512947244727570e+01	nan
nan	1.615376000000000022e+04	3.230751999999999846e+00	nan	3.880000000000000000e+02	7.418922869229391259e-02	2.874558907796819635e-03	1.753420315858398139e-03	1.046364763306763646e+00	1.690285591547196020e+01	nan
nan	1.623932000000000153e+04	3.247863999999999862e+00	nan	3.900000000000000000e+02	7.266182230769117900e-02	2.711777098821415311e-03	1.750354949324093050e-03	1.074404030591040504e+00	1.744649664416721890e+01	nan
nan	1.626323999999999978e+04	3.252648000000000650e+00	nan	3.920000000000000000e+02	7.487483823623733437e-02	2.696708536104574280e-03	1.746963528462811737e-03	1.048686912791526593e+00	1.705433222187326336e+01	nan
nan	1.632527999999999884e+04	3.265055999999999958e+00	nan	3.940000000000000000e+02	7.708282148362741171e-02	2.872348719409304526e-03	1.775751068923512406e-03	1.023027886667776443e+00	1.670141716980211299e+01	nan
nan	1.638923999999999796e+04	3.277847999999999651e+00	nan	3.960000000000000000e+02	7.821148531211292998e-02	2.876307268866216439e-03	1.787062405750065126e-03	1.014178146388033275e+00	1.662101125647913591e+01	nan
nan	1.643868000000000029e+04	3.287735999999999770e+00	nan	3.980000000000000000e+02	7.505160498416443837e-02	2.816548527433226316e-03	1.730333170581385954e-03	1.063167294687909381e+00	1.747850131369109405e+01	nan
nan	1.647423999999999796e+04	3.294848000000000443e+00	nan	4.000000000000000000e+02	7.331152054161975407e-02	2.890033302081036152e-03	1.793156123560044751e-03	1.091892263200678448e+00	1.798888405687439374e+01	nan
nan	1.651072000000000116e+04	3.302143999999999746e+00	nan	4.020000000000000000e+02	7.647684925404973910e-02	2.850706559807638339e-03	1.804971515503150849e-03	1.051719420278943717e+00	1.736437722758249080e+01	nan
nan	1.652020000000000073e+04	3.304039999999999644e+00	nan	4.040000000000000000e+02	7.946016124776178469e-02	2.831971315279528147e-03	1.764399843956055260e-03	1.018245681505224542e+00	1.682244310597404535e+01	nan
nan	1.660531999999999971e+04	3.321063999999999794e+00	nan	4.060000000000000000e+02	7.785921038294872643e-02	2.883317703409627678e-03	1.736979611715916460e-03	1.047468836893520105e+00	1.739410390130509754e+01	nan
nan	1.659104000000000087e+04	3.318207999999999824e+00	nan	4.080000000000000000e+02	8.017223879473930892e-02	2.924811126743909022e-03	1.747680122477924440e-03	1.018283392535280774e+00	1.689473448083692375e+01	nan
nan	1.661900000000000000e+04	3.323799999999999866e+00	nan	4.100000000000000000e+02	8.108022095471824342e-02	2.800539002965981086e-03	1.753233801493014627e-03	1.012872034060192883e+00	1.683306206919869297e+01	nan
nan	1.669627999999999884e+04	3.339255999999999780e+00	nan	4.120000000000000000e+02	8.108210753713138152e-02	2.868889098041566953e-03	1.769425220581557394e-03	1.020427838568502832e+00	1.703643910153184748e+01	nan
nan	1.679507999999999811e+04	3.359016000000000446e+00	nan	4.140000000000000000e+02	7.830656466232539803e-02	2.772095392110048885e-03	1.745457872361769799e-03	1.058129042982914214e+00	1.777180478275582942e+01	nan
nan	1.677776000000000204e+04	3.355552000000000312e+00	nan	4.160000000000000000e+02	7.930450103518524307e-02	2.822708334424056751e-03	1.762111883922043432e-03	1.050040186087321858e+00	1.761733316399661575e+01	nan
nan	1.680843999999999869e+04	3.361688000000000009e+00	nan	4.180000000000000000e+02	8.390291371348211624e-02	2.933635587130863868e-03	1.751129905028035293e-03	9.979632990260796088e-01	1.677362931013470160e+01	nan
nan	1.689352000000000044e+04	3.378703999999999930e+00	nan	4.200000000000000000e+02	8.223441911190093601e-02	2.784479290255613675e-03	1.772626755114625361e-03	1.022321598085792704e+00	1.727074489107191368e+01	nan
nan	1.692123999999999796e+04	3.384248000000000367e+00	nan	4.220000000000000000e+02	8.475962328637251519e-02	2.859643521169184452e-03	1.736929653507223500e-03	9.970114856352483290e-01	1.686954796239955812e+01	nan
nan	1.692056000000000131e+04	3.384112000000000453e+00	nan	4.240000000000000000e+02	8.179017208063668609e-02	2.911730831672192446e-03	1.763020130319985614e-03	1.039078241990156082e+00	1.758063013219793191e+01	nan
nan	1.698147999999999956e+04	3.396295999999999538e+00	nan	4.260000000000000000e+02	8.572829297128918558e-02	2.828012751617697742e-03	1.784761292878365383e-03	9.953742377184152668e-01	1.690166472510388829e+01	nan
nan	1.701956000000000131e+04	3.403911999999999605e+00	nan	4.280000000000000000e+02	8.804770666396508072e-02	2.771650375088007164e-03	1.782520891335606346e-03	9.723932648633454301e-01	1.654929630735421142e+01	nan
nan	1.706740000000000146e+04	3.413479999999999848e+00	nan	4.300000000000000000e+02	8.406626643365597285e-02	3.009734150517426234e-03	1.756735784688680507e-03	1.023866482561309521e+00	1.747487933694933915e+01	nan
nan	1.710472000000000116e+04	3.420943999999999541e+00	nan	4.320000000000000000e+02	8.443086918328844559e-02	2.890142863917017843e-03	1.784789120657885976e-03	1.024178289673815190e+00	1.751820492318191924e+01	nan
nan	1.713972000000000116e+04	3.427944000000000102e+00	nan	4.340000000000000000e+02	8.591660932903323611e-02	2.759295639326060125e-03	1.781944153066224558e-03	1.014065585307539097e+00	1.738123951313220772e+01	nan
nan	1.720827999999999884e+04	3.441655999999999160e+00	nan	4.360000000000000000e+02	8.433712840536827793e-02	2.802361000651065748e-03	1.787858274045921181e-03	1.035274039215359432e+00	1.781579583345213535e+01	nan
nan	1.722527999999999884e+04	3.445055999999999674e+00	nan	4.380000000000000000e+02	8.685682797760818641e-02	2.883340665951140448e-03	1.720847310629077323e-03	1.009673747944955569e+00	1.739153425577679712e+01	nan
nan	1.723976000000000204e+04	3.447951999999999906e+00	nan	4.400000000000000000e+02	8.773785994670106614e-02	2.850783335213268564e-03	1.740568518925661402e-03	1.003735219218913510e+00	1.730406527542596962e+01	nan
nan	1.734359999999999854e+04	3.468720000000000248e+00	nan	4.420000000000000000e+02	8.912722989785834549e-02	2.853568864648009344e-03	1.775114764063655606e-03	9.936436975800392313e-01	1.723399591172755052e+01	nan
nan	1.733952000000000044e+04	3.467903999999999876e+00	nan	4.440000000000000000e+02	9.035250459259260014e-02	2.936901485652849541e-03	1.727625795245060769e-03	9.833267494305258927e-01	1.705060936023379270e+01	nan
nan	1.743036000000000058e+04	3.486072000000000060e+00	nan	4.460000000000000000e+02	8.838165863053290550e-02	2.816125202707645860e-03	1.755020738444740616e-03	1.010966742068567736e+00	1.762211893653360661e+01	nan
nan	1.747079999999999927e+04	3.494159999999999933e+00	nan	4.480000000000000000e+02	8.971024957219923823e-02	2.783661618965419925e-03	1.763298002900717159e-03	9.990377797753751121e-01	1.745329956584151532e+01	nan
nan	1.747512000000000262e+04	3.495023999999999464e+00	nan	4.500000000000000000e+02	9.281198524080537526e-02	2.902219698448359631e-03	1.764884193055895906e-03	9.713662632008006614e-01	1.697351263851567893e+01	nan
nan	1.750279999999999927e+04	3.500560000000000116e+00	nan	4.520000000000000000e+02	8.924645332577710310e-02	2.824762886816933015e-03	1.779234805503462306e-03	1.013222641559950565e+00	1.773377166368013746e+01	nan
nan	1.756520000000000073e+04	3.513039999999999274e+00	nan	4.540000000000000000e+02	9.267724657656799259e-02	2.820095458567386214e-03	1.761004625071387704e-03	9.809214318167365221e-01	1.723152359889987650e+01	nan
nan	1.760243999999999869e+04	3.520488000000000284e+00	nan	4.560000000000000000e+02	9.334694309734914430e-02	2.828295809989788117e-03	1.777370450823937981e-03	9.771844664496995847e-01	1.720140828536897359e+01	nan
nan	1.763972000000000116e+04	3.527944000000000191e+00	nan	4.580000000000000000e+02	9.252381829131992030e-02	2.838531157523555004e-03	1.774886823688193865e-03	9.915449791439059357e-01	1.749227894261819927e+01	nan
nan	1.767595999999999913e+04	3.535191999999999890e+00	nan	4.600000000000000000e+02	9.323020290989006420e-02	2.828782052341012338e-03	1.746579989340053081e-03	9.876925842791285381e-01	1.745709816647803336e+01	nan
nan	1.772152000000000044e+04	3.544303999999999455e+00	nan	4.620000000000000000e+02	9.559419292771054177e-02	2.820676173206041783e-03	1.748723427872992883e-03	9.685001758521971649e-01	1.716568724612992369e+01	nan
nan	1.775168000000000029e+04	3.550336000000000158e+00	nan	4.640000000000000000e+02	9.445971506565911668e-02	2.900933487897441702e-03	1.748797447261694112e-03	9.875712471490233346e-01	1.752943385596723402e+01	nan
nan	1.781079999999999927e+04	3.562159999999999549e+00	nan	4.660000000000000000e+02	9.397080139131504251e-02	2.694028748253655438e-03	1.786522640714103757e-03	9.924606620348687125e-01	1.767580202699219782e+01	nan
nan	1.783223999999999796e+04	3.566447999999999841e+00	nan	4.680000000000000000e+02	9.417912316152068919e-02	3.065529531022047512e-03	1.739592952505306708e-03	9.952764862735812290e-01	1.774907171402295702e+01	nan
nan	1.787879999999999927e+04	3.575760000000000272e+00	nan	4.700000000000000000e+02	9.986590272046669270e-02	2.871214534817173591e-03	1.743709985647582620e-03	9.445749197562278709e-01	1.688703150989109147e+01	nan
nan	1.792920000000000073e+04	3.585840000000000138e+00	nan	4.720000000000000000e+02	9.932643665903015395e-02	2.782121332427645987e-03	1.773208364449491928e-03	9.519183605513298341e-01	1.706828932879672678e+01	nan
nan	1.793884000000000015e+04	3.587767999999999624e+00	nan	4.740000000000000000e+02	9.875052167830290772e-02	2.803117322885241916e-03	1.762278960985611768e-03	9.613985887235152461e-01	1.724629852978172195e+01	nan
nan	1.798000000000000000e+04	3.595999999999999197e+00	nan	4.760000000000000000e+02	9.634566982316755679e-02	2.840218836355817324e-03	1.745681247770862216e-03	9.904210126450732066e-01	1.780600189300066205e+01	nan
nan	1.802836000000000058e+04	3.605671999999999766e+00	nan	4.780000000000000000e+02	9.995370571012245076e-02	2.838965943099984110e-03	1.750649863609140319e-03	9.575809354492486047e-01	1.726373430693197975e+01	nan
nan	1.806963999999999942e+04	3.613928000000000029e+00	nan	4.800000000000000000e+02	1.045425245408296150e-01	2.850403451795573660e-03	1.741633734628295072e-03	9.198713057858262099e-01	1.662325414531150614e+01	nan
nan	1.809492000000000189e+04	3.618984000000000201e+00	nan	4.820000000000000000e+02	9.552780699252252927e-02	2.758181955036776833e-03	1.727550629752813271e-03	1.009973804764847660e+00	1.827497198860956473e+01	nan
nan	1.814036000000000058e+04	3.628072000000000408e+00	nan	4.840000000000000000e+02	9.858068104147606203e-02	2.792952476145439504e-03	1.747985872648748912e-03	9.833937044810193706e-01	1.783922220029247896e+01	nan
nan	1.814595999999999913e+04	3.629192000000000640e+00	nan	4.860000000000000000e+02	1.005062281725622453e-01	2.728231812542309710e-03	1.799496663740927276e-03	9.684857667661624925e-01	1.757366799640997002e+01	nan
nan	1.823400000000000000e+04	3.646799999999999820e+00	nan	4.880000000000000000e+02	1.055615760341970660e-01	2.804138833256388658e-03	1.765878186172204628e-03	9.259193579683238084e-01	1.688372866671614503e+01	nan
nan	1.821215999999999985e+04	3.642432000000000336e+00	nan	4.900000000000000000e+02	1.044460927630461722e-01	2.878963673312222825e-03	1.786458618067041440e-03	9.412867942425521273e-01	1.714422010679872344e+01	nan
nan	1.826120000000000073e+04	3.652239999999999931e+00	nan	4.920000000000000000e+02	1.001833790481396064e-01	2.970246174863336221e-03	1.731246226700352804e-03	9.831565871770860943e-01	1.795528662040674917e+01	nan
nan	1.830547999999999956e+04	3.661095999999999684e+00	nan	4.940000000000000000e+02	1.066354808038522534e-01	2.965742410426018202e-03	1.769090541896363141e-03	9.269599513673378866e-01	1.696887062592860929e+01	nan
nan	1.840840000000000146e+04	3.681680000000000064e+00	nan	4.960000000000000000e+02	1.030916444987087788e-01	2.947220749398594790e-03	1.754722177020724043e-03	9.629156440120409943e-01	1.772573205652572170e+01	nan
nan	1.834259999999999854e+04	3.668520000000000003e+00	nan	4.980000000000000000e+02	1.091036661851649131e-01	2.906840330467970208e-03	1.771068039517988482e-03	9.135928529882810789e-01	1.675848581232891732e+01	nan
nan	1.844084000000000015e+04	3.688168000000000113e+00	nan	5.000000000000000000e+02	1.079949684399071075e-01	2.950127681164353959e-03	1.769395008631201001e-03	9.271437002140959782e-01	1.709886540303744340e+01	nan
nan	1.846836000000000058e+04	3.693671999999999400e+00	nan	5.020000000000000000e+02	1.065274614553891330e-01	2.896550272085768318e-03	1.797018207305131014e-03	9.435372460941003903e-01	1.742565348894212462e+01	nan
nan	1.850443999999999869e+04	3.700888000000000400e+00	nan	5.040000000000000000e+02	1.084510015068372024e-01	2.640386501697531384e-03	1.795045806253949775e-03	9.305576854841357548e-01	1.721841327637338281e+01	nan
nan	1.852484000000000015e+04	3.704968000000000039e+00	nan	5.060000000000000000e+02	1.103743167651009688e-01	2.784886624908443006e-03	1.774668914610458628e-03	9.192831036164299530e-01	1.702924975189385393e+01	nan
nan	1.855079999999999927e+04	3.710160000000000569e+00	nan	5.080000000000000000e+02	1.099813058451945824e-01	2.869991772673676465e-03	1.774537396217829022e-03	9.256517905525768475e-01	1.717044697984779944e+01	nan
nan	1.860856000000000131e+04	3.721712000000000131e+00	nan	5.100000000000000000e+02	1.061453624695786885e-01	2.905438530145366179e-03	1.786082841710012487e-03	9.620164566208042611e-01	1.790080920135474685e+01	nan
