# SourcePhotonFlux	NumberRaysSurvived	PercentageRaysSurvived	PhotonFlux	PhotonEnergy	Bandwidth	HorizontalFocusFWHM	VerticalFocusFWHM	EnergyPerMilPerBw	FluxPerMilPerBwPerc	FluxPerMilPerBwAbs
nan	3.177599999999999909e+03	6.355199999999999738e-01	nan	5.000000000000000000e+01	3.166935872278031552e-03	1.550469950127075433e-02	8.380026418855740511e-03	1.588171473773148179e+01	1.008929476242361645e+01	nan
nan	4.190199999999999818e+03	8.380400000000000071e-01	nan	6.000000000000000000e+01	3.843953482352446827e-03	1.566876501834852525e-02	8.682538511150642707e-03	1.567165648805066702e+01	1.313511933313349722e+01	nan
nan	5.125399999999999636e+03	1.025079999999999769e+00	nan	7.000000000000000000e+01	4.787674881058023857e-03	1.556198304442214450e-02	9.045057530877165589e-03	1.462583029333348250e+01	1.499474760060550693e+01	nan
nan	6.249199999999999818e+03	1.249840000000000062e+00	nan	8.000000000000000000e+01	5.241423320646277154e-03	1.491759336421286455e-02	8.672765338368559548e-03	1.528624076272689969e+01	1.910126448520515652e+01	nan
nan	7.240000000000000000e+03	1.447999999999999954e+00	nan	9.000000000000000000e+01	6.033221387303911235e-03	1.523892701404728697e-02	8.622690729819302777e-03	1.498911128054340303e+01	2.170923788030183488e+01	nan
nan	8.216200000000000728e+03	1.643240000000000034e+00	nan	1.000000000000000000e+02	6.744318268880533304e-03	1.484248879993521272e-02	8.913750373790069875e-03	1.484739847100378007e+01	2.439263404665678792e+01	nan
nan	9.266399999999999636e+03	1.853279999999999816e+00	nan	1.100000000000000000e+02	7.445159029114733866e-03	1.489449227452387114e-02	8.852941440066822848e-03	1.486643872762904905e+01	2.755162136470767109e+01	nan
nan	1.031200000000000000e+04	2.062399999999999789e+00	nan	1.200000000000000000e+02	8.058368513846402709e-03	1.548019194196605455e-02	8.663644984327732029e-03	1.490230252164082891e+01	3.073216869779599847e+01	nan
nan	1.128479999999999927e+04	2.256959999999999855e+00	nan	1.300000000000000000e+02	8.999351383579323738e-03	1.560183614224172274e-02	8.853987790502249391e-03	1.445499815861708726e+01	3.263059836394811697e+01	nan
nan	1.227320000000000073e+04	2.454639999999999933e+00	nan	1.400000000000000000e+02	9.841546054315131881e-03	1.530909614570741262e-02	8.650794642013881139e-03	1.425382071230131942e+01	3.498583511072417451e+01	nan
nan	1.314200000000000000e+04	2.628400000000000070e+00	nan	1.500000000000000000e+02	1.067717437680926196e-02	1.567666429659977240e-02	8.873935644136129314e-03	1.410324877480737271e+01	3.707695369671954211e+01	nan
nan	1.415939999999999964e+04	2.831880000000000397e+00	nan	1.600000000000000000e+02	1.189851871464497890e-02	1.484607556483995630e-02	8.858699077586724632e-03	1.345925863295109437e+01	3.811571147272686488e+01	nan
nan	1.503279999999999927e+04	3.006559999999999899e+00	nan	1.700000000000000000e+02	1.264335641944853636e-02	1.512616960278050961e-02	8.810287104981179979e-03	1.345976070167174043e+01	4.047082121346479511e+01	nan
nan	1.604539999999999964e+04	3.209080000000000155e+00	nan	1.800000000000000000e+02	1.372560352581899713e-02	1.510697878071252595e-02	8.779365949690068685e-03	1.311725643952304665e+01	4.209790210039314218e+01	nan
nan	1.688220000000000073e+04	3.376440000000000108e+00	nan	1.900000000000000000e+02	1.466508530594978765e-02	1.500581275137519675e-02	8.935977938506626042e-03	1.297121162356727453e+01	4.379947366495384387e+01	nan
nan	1.779079999999999927e+04	3.558159999999999989e+00	nan	2.000000000000000000e+02	1.569551396626707104e-02	1.482332769606227972e-02	8.687913731805472356e-03	1.280933139674161225e+01	4.558292547153497765e+01	nan
nan	1.865400000000000000e+04	3.730799999999999894e+00	nan	2.100000000000000000e+02	1.663231530379221182e-02	1.469260552555518365e-02	8.667449393778000472e-03	1.263249973717105412e+01	4.712672380057415467e+01	nan
nan	1.946540000000000146e+04	3.893079999999999874e+00	nan	2.200000000000000000e+02	1.768313739767108858e-02	1.473717104073509788e-02	8.886488480557022673e-03	1.246804634552777813e+01	4.854501441202578604e+01	nan
nan	2.037179999999999927e+04	4.074360000000000426e+00	nan	2.300000000000000000e+02	1.911810201309549484e-02	1.467277747571764900e-02	8.902586415798208891e-03	1.205537503706090341e+01	4.912420325581539515e+01	nan
nan	2.101359999999999854e+04	4.202719999999999345e+00	nan	2.400000000000000000e+02	2.048068395478708226e-02	1.404986026109456346e-02	8.966447528285386576e-03	1.177799404687307572e+01	4.949866031412734202e+01	nan
nan	2.188000000000000000e+04	4.376000000000000334e+00	nan	2.500000000000000000e+02	2.217685089805741111e-02	1.475192170181104448e-02	8.836110712741044454e-03	1.132596775572708836e+01	4.956265504068580441e+01	nan
nan	2.255440000000000146e+04	4.510879999999999335e+00	nan	2.600000000000000000e+02	2.285770718485764449e-02	1.496266766431944041e-02	8.803192738212803001e-03	1.140362228301326120e+01	5.143916951215756228e+01	nan
nan	2.335679999999999927e+04	4.671359999999999957e+00	nan	2.700000000000000000e+02	2.338005401105647252e-02	1.462314031734068473e-02	8.909457050873859779e-03	1.155955205861497248e+01	5.399213452122050683e+01	nan
nan	2.407059999999999854e+04	4.814119999999999955e+00	nan	2.800000000000000000e+02	2.442674702033400397e-02	1.410572544125716053e-02	8.752747823591287141e-03	1.146589954002351952e+01	5.520422796896586703e+01	nan
nan	2.483079999999999927e+04	4.966160000000000352e+00	nan	2.900000000000000000e+02	2.601679446419211811e-02	1.468896300598067882e-02	8.695572128620781063e-03	1.117949581253330393e+01	5.551883455497113573e+01	nan
nan	2.559020000000000073e+04	5.118040000000000589e+00	nan	3.000000000000000000e+02	2.700795634042378948e-02	1.527801822047947754e-02	8.541194437891502789e-03	1.114822522437451013e+01	5.706761684736999030e+01	nan
nan	2.622720000000000073e+04	5.245440000000000325e+00	nan	3.100000000000000000e+02	2.757136044243679862e-02	1.468382660018320053e-02	8.920247211046578723e-03	1.126955008963880722e+01	5.910720450273182536e+01	nan
nan	2.694200000000000000e+04	5.388399999999999856e+00	nan	3.200000000000000000e+02	2.876908345266428885e-02	1.399845647733399291e-02	8.785158758960459960e-03	1.113850988304288947e+01	6.002683207035920532e+01	nan
nan	2.769140000000000146e+04	5.538280000000000314e+00	nan	3.300000000000000000e+02	3.013131294995901113e-02	1.476400655957859666e-02	8.643270046567905554e-03	1.096735839669234203e+01	6.073859661087281125e+01	nan
nan	2.821840000000000146e+04	5.643679999999998920e+00	nan	3.400000000000000000e+02	3.088358863095663764e-02	1.446818029380212388e-02	8.594802205759335262e-03	1.101516555033456868e+01	6.217271915626822931e+01	nan
nan	2.893420000000000073e+04	5.786839999999999762e+00	nan	3.500000000000000000e+02	3.467262192491489536e-02	1.475674683679966889e-02	8.659005586790708905e-03	1.009910032632831722e+01	5.844237950701786843e+01	nan
nan	2.946000000000000000e+04	5.892000000000000348e+00	nan	3.600000000000000000e+02	3.253066974143621615e-02	1.455204525472223245e-02	8.777289331623088983e-03	1.108309035426330169e+01	6.529803242739720304e+01	nan
nan	3.026800000000000000e+04	6.053600000000000314e+00	nan	3.700000000000000000e+02	3.497798912387679870e-02	1.494448306851204299e-02	8.607738596148311466e-03	1.061888467705942141e+01	6.429815942272452389e+01	nan
nan	3.079000000000000000e+04	6.157999999999999474e+00	nan	3.800000000000000000e+02	3.676298101682960034e-02	1.468206275760788014e-02	8.823057368234429529e-03	1.037699307168599638e+01	6.389515387225097953e+01	nan
nan	3.143159999999999854e+04	6.286319999999999908e+00	nan	3.900000000000000000e+02	3.886850650357018960e-02	1.443036325919100880e-02	8.822263765638289207e-03	1.004988598128122845e+01	6.318108131608087064e+01	nan
nan	3.201600000000000000e+04	6.403200000000000003e+00	nan	4.000000000000000000e+02	3.979939129258127511e-02	1.496766351697516838e-02	8.777576849780050622e-03	1.007522155320766544e+01	6.450807168400145031e+01	nan
nan	3.252520000000000073e+04	6.505039999999999267e+00	nan	4.100000000000000000e+02	4.149887600971169377e-02	1.451884764293798723e-02	8.763466747487657846e-03	9.910729197771367183e+00	6.447369884352990255e+01	nan
nan	3.298740000000000146e+04	6.597480000000000011e+00	nan	4.200000000000000000e+02	4.387571265453971137e-02	1.476896176096458881e-02	8.954369768700499305e-03	9.602738166736298098e+00	6.335360044269454960e+01	nan
nan	3.369759999999999854e+04	6.739520000000000621e+00	nan	4.300000000000000000e+02	4.431220685157768319e-02	1.465453842269861043e-02	8.772584419486416027e-03	9.743205327905172908e+00	6.567350973579718243e+01	nan
nan	3.430219999999999709e+04	6.860439999999999650e+00	nan	4.400000000000000000e+02	4.317070142037664204e-02	1.470862259547274162e-02	8.826512303618838304e-03	1.019584976735515625e+01	6.994663470981413411e+01	nan
nan	3.483680000000000291e+04	6.967359999999999332e+00	nan	4.500000000000000000e+02	4.695496370219416626e-02	1.439140297556993318e-02	8.791765360963587142e-03	9.595901981041871309e+00	6.686529505138840079e+01	nan
nan	3.530940000000000146e+04	7.061879999999999491e+00	nan	4.600000000000000000e+02	4.886394693789952726e-02	1.392638854225316559e-02	8.954265589775555964e-03	9.443779693963438859e+00	6.669779557422661753e+01	nan
nan	3.583419999999999709e+04	7.166839999999998767e+00	nan	4.700000000000000000e+02	5.035958232443817767e-02	1.436742904863535022e-02	8.816748548964355864e-03	9.377347499124113028e+00	6.719404382910848028e+01	nan
nan	3.636980000000000291e+04	7.273959999999999759e+00	nan	4.800000000000000000e+02	5.049084163124462066e-02	1.472859627209006927e-02	8.847176104223166554e-03	9.541670905993200336e+00	6.940123088110381389e+01	nan
nan	3.685100000000000000e+04	7.370199999999999640e+00	nan	4.900000000000000000e+02	5.136316710684241116e-02	1.472480201507246622e-02	8.915386129598985160e-03	9.590003694994788219e+00	7.068458930779435434e+01	nan
nan	3.727259999999999854e+04	7.454519999999999591e+00	nan	5.000000000000000000e+02	5.508949535810643561e-02	1.446104677258185436e-02	8.548513372667262272e-03	9.085085547894728109e+00	6.772021670346319411e+01	nan
nan	3.790819999999999709e+04	7.581640000000000157e+00	nan	5.100000000000000000e+02	5.566551700150057513e-02	1.432588126062269741e-02	8.789444718990690325e-03	9.175485494847459123e+00	6.956223150258203702e+01	nan
nan	3.819919999999999709e+04	7.639839999999999520e+00	nan	5.200000000000000000e+02	5.588320970591666853e-02	1.522087265693336522e-02	8.776226897629510471e-03	9.340545346894408851e+00	7.136540126360822001e+01	nan
nan	3.888780000000000291e+04	7.777560000000001139e+00	nan	5.300000000000000000e+02	5.666752182937671162e-02	1.513738827873373216e-02	8.830975581888309695e-03	9.393584295761069569e+00	7.304847315898408056e+01	nan
nan	3.926519999999999709e+04	7.853040000000000020e+00	nan	5.400000000000000000e+02	5.736293944396493594e-02	1.449234229386631503e-02	8.664303135158512789e-03	9.419101963935604616e+00	7.397200159181406320e+01	nan
nan	3.997380000000000291e+04	7.994759999999999422e+00	nan	5.500000000000000000e+02	6.182658466007069642e-02	1.457096794938708695e-02	8.861473928715585258e-03	8.910379807717045963e+00	7.123304843639456863e+01	nan
nan	4.033459999999999854e+04	8.066919999999999646e+00	nan	5.600000000000000000e+02	6.362654933211615849e-02	1.378607622263997544e-02	8.813289495900811926e-03	8.839078387350030042e+00	7.132242603527274127e+01	nan
nan	4.069280000000000291e+04	8.138560000000000016e+00	nan	5.700000000000000000e+02	6.369334176124538671e-02	1.416879248717210250e-02	8.786479951108946626e-03	8.967745574713198664e+00	7.297982360073747543e+01	nan
nan	4.129440000000000146e+04	8.258879999999999555e+00	nan	5.800000000000000000e+02	6.677272383253693433e-02	1.436295019536481046e-02	8.980462443570740722e-03	8.693460737704629793e+00	7.179308485738143020e+01	nan
nan	4.162959999999999854e+04	8.325919999999999987e+00	nan	5.900000000000000000e+02	6.533474936295532998e-02	1.459329753729183068e-02	8.770554250830434398e-03	9.039486713486937219e+00	7.525329311800685161e+01	nan
nan	4.209619999999999709e+04	8.419240000000002055e+00	nan	6.000000000000000000e+02	6.914308259399604140e-02	1.420083009419072229e-02	8.723680112162216296e-03	8.694281821407130906e+00	7.319383610542330132e+01	nan
nan	4.266759999999999854e+04	8.533519999999999328e+00	nan	6.100000000000000000e+02	7.040823507952609361e-02	1.472356371391709065e-02	8.801856668491358018e-03	8.680411018272298662e+00	7.407317787611866322e+01	nan
nan	4.304400000000000000e+04	8.608799999999998676e+00	nan	6.200000000000000000e+02	7.369347994999771168e-02	1.395321848464773327e-02	8.753147477313863098e-03	8.427798733516091545e+00	7.255611900322602992e+01	nan
nan	4.338159999999999854e+04	8.676320000000000476e+00	nan	6.300000000000000000e+02	7.379634154349332120e-02	1.380095829243728998e-02	8.751049141920427127e-03	8.554837268072491341e+00	7.421805597518485342e+01	nan
nan	4.374580000000000291e+04	8.749159999999999826e+00	nan	6.400000000000000000e+02	7.297174180814636202e-02	1.447980375509866705e-02	8.770953560995980308e-03	8.771328979035148521e+00	7.674186355735463394e+01	nan
nan	4.425240000000000146e+04	8.850480000000001013e+00	nan	6.500000000000000000e+02	7.673772110201752816e-02	1.455317506457866339e-02	8.747850801151816486e-03	8.479055739167211669e+00	7.503461269456397531e+01	nan
nan	4.470859999999999854e+04	8.941720000000000113e+00	nan	6.600000000000000000e+02	8.061471427188279804e-02	1.469737454143215695e-02	8.539343044218484363e-03	8.211829044401005362e+00	7.343203603129953194e+01	nan
nan	4.491040000000000146e+04	8.982079999999999842e+00	nan	6.700000000000000000e+02	7.934382309115335652e-02	1.443767980572916929e-02	8.731543288611240405e-03	8.487304141454311335e+00	7.624865439356511843e+01	nan
nan	4.551540000000000146e+04	9.103080000000002059e+00	nan	6.800000000000000000e+02	8.072715308062469730e-02	1.417948605915160878e-02	8.720182575497687633e-03	8.439553655885370986e+00	7.682391618427899971e+01	nan
nan	4.596700000000000000e+04	9.193400000000000460e+00	nan	6.900000000000000000e+02	8.667202898704999547e-02	1.373120138908897822e-02	8.834742294155071424e-03	7.970221736157955483e+00	7.326885157002952553e+01	nan
nan	4.638659999999999854e+04	9.277319999999999567e+00	nan	7.000000000000000000e+02	8.495138122118532642e-02	1.449327853445552330e-02	8.786610786022554589e-03	8.260479751034401019e+00	7.662879310382068354e+01	nan
nan	4.670800000000000000e+04	9.341599999999999682e+00	nan	7.100000000000000000e+02	8.706527092138002799e-02	1.458759771027744179e-02	8.666584216665032883e-03	8.164829439344440942e+00	7.626409213646677188e+01	nan
nan	4.705480000000000291e+04	9.410959999999999326e+00	nan	7.200000000000000000e+02	8.946620895080741043e-02	1.473894899685854534e-02	8.719982359438426325e-03	8.072938928013016380e+00	7.597999239701054819e+01	nan
nan	4.758240000000000146e+04	9.516480000000001382e+00	nan	7.300000000000000000e+02	9.066141362263806236e-02	1.473946086269824554e-02	8.733720671201757740e-03	8.068123917973764492e+00	7.677309332206384340e+01	nan
nan	4.792800000000000000e+04	9.585599999999999454e+00	nan	7.400000000000000000e+02	8.936227763083479103e-02	1.476092658950562721e-02	8.730210644498023059e-03	8.292399621508142360e+00	7.949397021246649331e+01	nan
nan	4.829880000000000291e+04	9.659760000000000346e+00	nan	7.500000000000000000e+02	9.215342865863931920e-02	1.401133698444893827e-02	8.849814280355011026e-03	8.159904738090611787e+00	7.883220208240118154e+01	nan
nan	4.862940000000000146e+04	9.725880000000000081e+00	nan	7.600000000000000000e+02	9.589109342239225675e-02	1.410069616982436748e-02	8.620624824924703541e-03	7.940922043116374951e+00	7.723162242767959640e+01	nan
nan	4.899980000000000291e+04	9.799960000000000448e+00	nan	7.700000000000000000e+02	9.862890429278650672e-02	1.484186679722677461e-02	8.836858004951228182e-03	7.813188859683622312e+00	7.656626462451905013e+01	nan
nan	4.939780000000000291e+04	9.879559999999999675e+00	nan	7.800000000000000000e+02	9.905242686218115877e-02	1.503266032395549588e-02	8.629361600462837761e-03	7.905224131342739824e+00	7.808881609709979443e+01	nan
nan	4.960600000000000000e+04	9.921199999999998909e+00	nan	7.900000000000000000e+02	1.008216421995484779e-01	1.389447098628994806e-02	8.755523230377546332e-03	7.842320745070729515e+00	7.780493139811487424e+01	nan
nan	5.018319999999999709e+04	1.003664000000000023e+01	nan	8.000000000000000000e+02	1.041487360982955579e-01	1.448838693939852838e-02	8.768207481121585364e-03	7.684544752610170448e+00	7.712385394990076293e+01	nan
nan	5.036600000000000000e+04	1.007319999999999993e+01	nan	8.100000000000000000e+02	1.007082182765770967e-01	1.466174739036858743e-02	8.739571841260378865e-03	8.050078770263640493e+00	8.108415197556574583e+01	nan
nan	5.069419999999999709e+04	1.013884000000000007e+01	nan	8.200000000000000000e+02	1.032714858771214550e-01	1.444441993695247742e-02	8.857701281494618356e-03	7.947168149840085682e+00	8.057423731041522785e+01	nan
nan	5.128840000000000146e+04	1.025767999999999880e+01	nan	8.300000000000000000e+02	1.074666207097152437e-01	1.412337259518990293e-02	8.810195703471301876e-03	7.735052659234471051e+00	7.934747748224873476e+01	nan
nan	5.144019999999999709e+04	1.028803999999999874e+01	nan	8.400000000000000000e+02	1.130394208604229844e-01	1.457965730696215642e-02	8.888404702756064202e-03	7.440798683485324361e+00	7.655320832954039645e+01	nan
nan	5.178019999999999709e+04	1.035603999999999836e+01	nan	8.500000000000000000e+02	1.138422406250356317e-01	1.508938800923476965e-02	8.859331401288025182e-03	7.477012788471109950e+00	7.743489124275828317e+01	nan
nan	5.236659999999999854e+04	1.047331999999999930e+01	nan	8.600000000000000000e+02	1.178256018344882305e-01	1.408689635711610211e-02	8.748203987307049886e-03	7.316167892154309627e+00	7.663500143130519859e+01	nan
nan	5.266419999999999709e+04	1.053284000000000198e+01	nan	8.700000000000000000e+02	1.166852057071309928e-01	1.413856376987828248e-02	8.610089448674872886e-03	7.480930012190837530e+00	7.880407998091581590e+01	nan
nan	5.306700000000000000e+04	1.061340000000000039e+01	nan	8.800000000000000000e+02	1.228291873980197069e-01	1.455461470569012830e-02	8.727473853928042341e-03	7.169049579195347910e+00	7.608878373515544524e+01	nan
nan	5.318500000000000000e+04	1.063700000000000045e+01	nan	8.900000000000000000e+02	1.220540680573094505e-01	1.504485122796597740e-02	9.007443134271490154e-03	7.301666344473780157e+00	7.767686635604491130e+01	nan
nan	5.369180000000000291e+04	1.073836000000000013e+01	nan	9.000000000000000000e+02	1.196962132642966081e-01	1.515169416201321041e-02	8.639535176539528058e-03	7.528760915938053522e+00	8.084803025347321181e+01	nan
nan	5.391100000000000000e+04	1.078219999999999956e+01	nan	9.100000000000000000e+02	1.187449308998111547e-01	1.468271578295383094e-02	8.861775063061853169e-03	7.680035965382164598e+00	8.279926469205503281e+01	nan
nan	5.427100000000000000e+04	1.085420000000000051e+01	nan	9.200000000000000000e+02	1.262993029542485712e-01	1.431676290077945647e-02	8.735294269032255893e-03	7.311389094595095450e+00	7.936103963721599541e+01	nan
nan	5.476880000000000291e+04	1.095375999999999905e+01	nan	9.300000000000000000e+02	1.253100697173522293e-01	1.435602776854684980e-02	8.656531378811515437e-03	7.438051227452980640e+00	8.147862887582657265e+01	nan
nan	5.495519999999999709e+04	1.099104000000000170e+01	nan	9.400000000000000000e+02	1.290685198258415822e-01	1.372082240695806851e-02	8.700748792712952040e-03	7.297977281851821374e+00	8.020585406748277535e+01	nan
nan	5.541919999999999709e+04	1.108383999999999858e+01	nan	9.500000000000000000e+02	1.361820245256922246e-01	1.445431883750708524e-02	8.795411645762068326e-03	7.009573902622888042e+00	7.769147850635050645e+01	nan
nan	5.583280000000000291e+04	1.116656000000000049e+01	nan	9.600000000000000000e+02	1.363550654133632578e-01	1.387607840072844004e-02	8.737831208266983243e-03	7.045302513318878468e+00	7.867706452664990024e+01	nan
nan	5.591659999999999854e+04	1.118332000000000015e+01	nan	9.700000000000000000e+02	1.291359104793400603e-01	1.376623346104425064e-02	8.725269617816010931e-03	7.539392760504289193e+00	8.431573039030426742e+01	nan
nan	5.642500000000000000e+04	1.128500000000000014e+01	nan	9.800000000000000000e+02	1.337454460656999911e-01	1.416109026769804893e-02	8.669398722677554986e-03	7.339480432797712339e+00	8.283314276938133958e+01	nan
nan	5.666919999999999709e+04	1.133383999999999858e+01	nan	9.900000000000000000e+02	1.410814296131775447e-01	1.409084083339556467e-02	8.798313503519727963e-03	7.021599186515059543e+00	7.958676376738374358e+01	nan
nan	5.696040000000000146e+04	1.139208000000000176e+01	nan	1.000000000000000000e+03	1.437200794377986313e-01	1.411895035689455027e-02	8.992087089976178588e-03	6.968869215710083331e+00	7.938645245906090508e+01	nan
nan	5.727959999999999854e+04	1.145592000000000077e+01	nan	1.010000000000000000e+03	1.400998256635830330e-01	1.449328858646679527e-02	8.795284033601380794e-03	7.239349107615612233e+00	8.292827292326640531e+01	nan
nan	5.764459999999999854e+04	1.152891999999999939e+01	nan	1.020000000000000000e+03	1.425851541323936433e-01	1.351542531276359906e-02	8.922326823157937167e-03	7.172204099069854344e+00	8.268781452216558137e+01	nan
nan	5.780300000000000000e+04	1.156059999999999910e+01	nan	1.030000000000000000e+03	1.510770635153676211e-01	1.388335460452274316e-02	8.799389117161614954e-03	6.821084617679725959e+00	7.885191441856252936e+01	nan
nan	5.815919999999999709e+04	1.163183999999999862e+01	nan	1.040000000000000000e+03	1.405145925796659756e-01	1.411689837382418787e-02	8.665904112622049155e-03	7.406583205442233364e+00	8.615508964268914838e+01	nan
nan	5.857319999999999709e+04	1.171464000000000105e+01	nan	1.050000000000000000e+03	1.523879945941189473e-01	1.422985595101435366e-02	8.774348414367865931e-03	6.899033557630041003e+00	8.081489914599134750e+01	nan
nan	5.865159999999999854e+04	1.173032000000000075e+01	nan	1.060000000000000000e+03	1.552137133840460481e-01	1.450985872773916108e-02	8.781597971692658988e-03	6.831599510067002612e+00	8.013837674344667050e+01	nan
nan	5.916619999999999709e+04	1.183323999999999998e+01	nan	1.070000000000000000e+03	1.567119274686319952e-01	1.448961982753395848e-02	8.797248853241354874e-03	6.833392222815049877e+00	8.086144687918582008e+01	nan
nan	5.946200000000000000e+04	1.189240000000000030e+01	nan	1.080000000000000000e+03	1.579075596550410521e-01	1.467405648601267931e-02	8.683167378538417941e-03	6.845384574331845329e+00	8.141153441112078326e+01	nan
nan	5.968359999999999854e+04	1.193671999999999933e+01	nan	1.090000000000000000e+03	1.611772086999735676e-01	1.466955107746333378e-02	8.787171831020661877e-03	6.769384996005594068e+00	8.080697945250975067e+01	nan
nan	5.989759999999999854e+04	1.197951999999999906e+01	nan	1.100000000000000000e+03	1.584432753365035695e-01	1.420728914161942247e-02	8.728484978835182942e-03	6.952303969618566448e+00	8.327769676647457686e+01	nan
nan	6.042000000000000000e+04	1.208399999999999963e+01	nan	1.110000000000000000e+03	1.568678016100420736e-01	1.437763328533885922e-02	8.735958654908079421e-03	7.081654468775485434e+00	8.558197893797603228e+01	nan
nan	6.059519999999999709e+04	1.211903999999999826e+01	nan	1.120000000000000000e+03	1.685797386080139515e-01	1.459262148891201684e-02	8.689792736253452304e-03	6.654016838579474680e+00	8.064458499954889703e+01	nan
nan	6.096480000000000291e+04	1.219296000000000113e+01	nan	1.130000000000000000e+03	1.687743829167175080e-01	1.411009868084574584e-02	8.703707628843943694e-03	6.708529234752427683e+00	8.179776203417758040e+01	nan
nan	6.133800000000000000e+04	1.226759999999999806e+01	nan	1.140000000000000000e+03	1.704536223015566121e-01	1.374197649561348031e-02	8.482332301464442365e-03	6.701697097489898169e+00	8.220313298924641288e+01	nan
nan	6.153980000000000291e+04	1.230796000000000134e+01	nan	1.150000000000000000e+03	1.694173351033441688e-01	1.487496284489727393e-02	8.814761016233301980e-03	6.792426930979321931e+00	8.360196659094884808e+01	nan
nan	6.182400000000000000e+04	1.236479999999999890e+01	nan	1.160000000000000000e+03	1.800832833162985536e-01	1.475032646753977883e-02	8.827055029954017015e-03	6.449230254512824168e+00	7.973665897931914515e+01	nan
nan	6.217240000000000146e+04	1.243448000000000064e+01	nan	1.170000000000000000e+03	1.765107021309631763e-01	1.443533321340562461e-02	8.648635920665972282e-03	6.640684148436354128e+00	8.257418295662679952e+01	nan
nan	6.245119999999999709e+04	1.249024000000000001e+01	nan	1.180000000000000000e+03	1.812144646316937724e-01	1.437993947150378871e-02	8.749159826265878043e-03	6.523642001599259110e+00	8.148734406509326789e+01	nan
nan	6.273400000000000000e+04	1.254680000000000106e+01	nan	1.190000000000000000e+03	1.769363260643785907e-01	1.500972589226489372e-02	8.916343821196999475e-03	6.737372792326700832e+00	8.452345699269102397e+01	nan
nan	6.285700000000000000e+04	1.257140000000000057e+01	nan	1.200000000000000000e+03	1.872427801742560516e-01	1.430476813664811366e-02	8.756967591611066609e-03	6.414458542253539619e+00	8.063989631626398591e+01	nan
nan	6.317319999999999709e+04	1.263464000000000098e+01	nan	1.210000000000000000e+03	1.837137878142129921e-01	1.426115693044917657e-02	8.704325144104230888e-03	6.611612731536697929e+00	8.354177189164551010e+01	nan
nan	6.369200000000000000e+04	1.273840000000000217e+01	nan	1.220000000000000000e+03	1.891613144956863779e-01	1.416388829787845229e-02	8.628399165004867546e-03	6.452197114431944769e+00	8.219194108491251427e+01	nan
nan	6.370240000000000146e+04	1.274047999999999981e+01	nan	1.230000000000000000e+03	1.862638672151661068e-01	1.440954974797291864e-02	8.752570252792208488e-03	6.610158611791010053e+00	8.421615310077143590e+01	nan
nan	6.394619999999999709e+04	1.278923999999999950e+01	nan	1.240000000000000000e+03	1.874136108179300098e-01	1.424412179764189892e-02	8.804997373245509323e-03	6.635155797319098880e+00	8.484955810198569282e+01	nan
nan	6.450119999999999709e+04	1.290024000000000015e+01	nan	1.250000000000000000e+03	1.916698018184888608e-01	1.413854907073519920e-02	8.642447206046387567e-03	6.549072044974353801e+00	8.447511203176719619e+01	nan
nan	6.446000000000000000e+04	1.289199999999999946e+01	nan	1.260000000000000000e+03	1.980465067960722192e-01	1.447616576380296970e-02	8.607742891511612621e-03	6.371573581625973759e+00	8.214416948668525720e+01	nan
nan	6.498080000000000291e+04	1.299615999999999971e+01	nan	1.270000000000000000e+03	1.977208003434043349e-01	1.444437956799703507e-02	8.577530454118461462e-03	6.425714579286614381e+00	8.350753950587731822e+01	nan
nan	6.541619999999999709e+04	1.308323999999999998e+01	nan	1.280000000000000000e+03	2.043977407199690788e-01	1.442049713451686380e-02	8.500585027198762078e-03	6.264367322871339461e+00	8.195617827646250930e+01	nan
nan	6.548359999999999854e+04	1.309671999999999947e+01	nan	1.290000000000000000e+03	2.011983452936874639e-01	1.390156125724064176e-02	8.735643689453337704e-03	6.432939793093263248e+00	8.426482391619644829e+01	nan
nan	6.587300000000000000e+04	1.317460000000000164e+01	nan	1.300000000000000000e+03	2.131231471183127613e-01	1.403333831807833908e-02	8.788725336942110333e-03	6.100906223082935398e+00	8.037556354942194048e+01	nan
nan	6.611319999999999709e+04	1.322263999999999839e+01	nan	1.310000000000000000e+03	2.014093768272232354e-01	1.418853768446400043e-02	8.629677185171932136e-03	6.515271692204561482e+00	8.615155953458636873e+01	nan
nan	6.630819999999999709e+04	1.326163999999999987e+01	nan	1.320000000000000000e+03	2.130964657057575207e-01	1.371226982839965705e-02	8.648173445675364987e-03	6.201175045003308739e+00	8.224197923121417375e+01	nan
nan	6.657719999999999709e+04	1.331544000000000061e+01	nan	1.330000000000000000e+03	1.990419022128662729e-01	1.396840037448015756e-02	8.736405267080476697e-03	6.685499866756396514e+00	8.901923485125151103e+01	nan
nan	6.685339999999999418e+04	1.337068000000000190e+01	nan	1.340000000000000000e+03	2.149891245920571292e-01	1.430857421842230900e-02	8.707183812991117419e-03	6.248561171493378197e+00	8.354647203106615905e+01	nan
nan	6.714980000000000291e+04	1.342995999999999945e+01	nan	1.350000000000000000e+03	2.195443496801089966e-01	1.376223912731592766e-02	8.799170444129445282e-03	6.154418449923321432e+00	8.264616840603234493e+01	nan
nan	6.718139999999999418e+04	1.343628000000000000e+01	nan	1.360000000000000000e+03	2.163510127332756439e-01	1.437146769064668803e-02	8.796854715986453938e-03	6.293062326233580528e+00	8.455865346786725922e+01	nan
nan	6.763500000000000000e+04	1.352699999999999747e+01	nan	1.370000000000000000e+03	2.211880185976951851e-01	1.417456515894269589e-02	8.765818966278794699e-03	6.200038115949529249e+00	8.386710576098951719e+01	nan
nan	6.780339999999999418e+04	1.356068000000000140e+01	nan	1.380000000000000000e+03	2.222760043100606708e-01	1.417993987131611379e-02	8.916313222834301722e-03	6.212150942361016170e+00	8.424051666629650015e+01	nan
nan	6.805960000000000582e+04	1.361192000000000135e+01	nan	1.390000000000000000e+03	2.243969155130798865e-01	1.454876769135976002e-02	8.822536668300668891e-03	6.212959423362104161e+00	8.456590909422918401e+01	nan
nan	6.832480000000000291e+04	1.366496000000000244e+01	nan	1.400000000000000000e+03	2.303910865942270791e-01	1.505751133702912768e-02	8.798971566769855923e-03	6.089045590654711404e+00	8.320279467047468813e+01	nan
nan	6.861680000000000291e+04	1.372335999999999956e+01	nan	1.410000000000000000e+03	2.280078258953381065e-01	1.453789649171385347e-02	8.789697225806377898e-03	6.196790254681572740e+00	8.504068661217749536e+01	nan
nan	6.878700000000000000e+04	1.375740000000000052e+01	nan	1.420000000000000000e+03	2.308247556280548507e-01	1.472278989667235270e-02	8.904423420467254616e-03	6.156203240940323340e+00	8.469265217930782796e+01	nan
nan	6.923339999999999418e+04	1.384667999999999743e+01	nan	1.430000000000000000e+03	2.265576581746699958e-01	1.412300045221786746e-02	8.736593961776487408e-03	6.320668409765554330e+00	8.752595381468626101e+01	nan
nan	6.942719999999999709e+04	1.388543999999999912e+01	nan	1.440000000000000000e+03	2.314075979354129342e-01	1.459669529563645610e-02	8.770132000804961928e-03	6.226798867935219306e+00	8.646178634819280262e+01	nan
nan	6.975219999999999709e+04	1.395044000000000040e+01	nan	1.450000000000000000e+03	2.324563831617069698e-01	1.453749209743620055e-02	8.651048586315568736e-03	6.254271455520334477e+00	8.723645913780055139e+01	nan
nan	6.988200000000000000e+04	1.397640000000000171e+01	nan	1.460000000000000000e+03	2.387737002216908933e-01	1.431000833969163499e-02	8.891138140664046202e-03	6.134195627294821485e+00	8.573740059517770362e+01	nan
nan	7.024480000000000291e+04	1.404895999999999923e+01	nan	1.470000000000000000e+03	2.502795170049466611e-01	1.364382347422754549e-02	8.607992912666737398e-03	5.874491076630038222e+00	8.253155049293580703e+01	nan
nan	7.049500000000000000e+04	1.409900000000000020e+01	nan	1.480000000000000000e+03	2.353412088467848606e-01	1.467854878403478634e-02	8.804903516128189875e-03	6.308253853793733157e+00	8.894106279523147407e+01	nan
nan	7.067460000000000582e+04	1.413491999999999926e+01	nan	1.490000000000000000e+03	2.583320601279865403e-01	1.350720395650040727e-02	8.800926082363633857e-03	5.779068404806815273e+00	8.167809674836178147e+01	nan
nan	7.090780000000000291e+04	1.418156000000000105e+01	nan	1.500000000000000000e+03	2.548018008179951943e-01	1.494861419398446634e-02	8.699011375262286072e-03	5.889983108387256472e+00	8.353197750200915550e+01	nan
nan	7.118019999999999709e+04	1.423603999999999914e+01	nan	1.510000000000000000e+03	2.485530074972302772e-01	1.411632272996278005e-02	8.817334715804720641e-03	6.086262443736806915e+00	8.664494520171039937e+01	nan
nan	7.136700000000000000e+04	1.427339999999999876e+01	nan	1.520000000000000000e+03	2.554568364279930504e-01	1.448815168682420461e-02	8.834560032768926444e-03	5.954929784652587266e+00	8.499393219392874244e+01	nan
nan	7.164300000000000000e+04	1.432859999999999978e+01	nan	1.530000000000000000e+03	2.644070177002958988e-01	1.468022779829661340e-02	8.864682117699076644e-03	5.795487735445095545e+00	8.304767076733919851e+01	nan
nan	7.186839999999999418e+04	1.437368000000000201e+01	nan	1.540000000000000000e+03	2.590342291218803439e-01	1.413198150705747592e-02	8.710227743230459022e-03	5.951565113485735026e+00	8.554601835520278996e+01	nan
nan	7.205880000000000291e+04	1.441176000000000101e+01	nan	1.550000000000000000e+03	2.602967530280693720e-01	1.377089484712099542e-02	8.948113172168696561e-03	5.970768965880820289e+00	8.605803926358382228e+01	nan
nan	7.264380000000000291e+04	1.452876000000000012e+01	nan	1.560000000000000000e+03	2.693391785072435374e-01	1.476379972935018894e-02	8.758004077247508526e-03	5.810106598119512356e+00	8.441267006958693742e+01	nan
nan	7.252760000000000582e+04	1.450552000000000064e+01	nan	1.570000000000000000e+03	2.643716299080097198e-01	1.389237027688128810e-02	8.978555842704672579e-03	5.960167226607434365e+00	8.644679814808253582e+01	nan
nan	7.284760000000000582e+04	1.456952000000000069e+01	nan	1.580000000000000000e+03	2.613585773792692635e-01	1.447852670261902917e-02	8.975949055123897194e-03	6.066129963596589292e+00	8.837606088651125447e+01	nan
nan	7.302919999999999709e+04	1.460584000000000060e+01	nan	1.590000000000000000e+03	2.716747658203075844e-01	1.364284503370933113e-02	8.677274066205553638e-03	5.863079470243336644e+00	8.563905079351135896e+01	nan
nan	7.329439999999999418e+04	1.465887999999999991e+01	nan	1.600000000000000000e+03	2.876454983013445599e-01	1.451775895020158968e-02	8.829391826867198645e-03	5.574618547795719969e+00	8.171442901815262871e+01	nan
nan	7.360300000000000000e+04	1.472060000000000102e+01	nan	1.610000000000000000e+03	2.760681342997031718e-01	1.485328895939468964e-02	8.714470028603626614e-03	5.840873048192810835e+00	8.598007112596845047e+01	nan
nan	7.396439999999999418e+04	1.479288000000000025e+01	nan	1.620000000000000000e+03	2.899503681222085905e-01	1.480640250720307270e-02	8.959480373819670232e-03	5.591558474288484959e+00	8.271154312156814115e+01	nan
nan	7.390500000000000000e+04	1.478100000000000058e+01	nan	1.630000000000000000e+03	2.805474942913406267e-01	1.475625497141851150e-02	8.965835718804751955e-03	5.833433132598079496e+00	8.622010378258569574e+01	nan
nan	7.425880000000000291e+04	1.485175999999999874e+01	nan	1.640000000000000000e+03	2.882066829984523681e-01	1.408280212842628019e-02	8.770264875133207058e-03	5.695750644273475771e+00	8.458614200870043476e+01	nan
nan	7.465319999999999709e+04	1.493064000000000036e+01	nan	1.650000000000000000e+03	2.851857890303562959e-01	1.465282247426874171e-02	8.864373620457671396e-03	5.798708666233137521e+00	8.657232234918001268e+01	nan
nan	7.470460000000000582e+04	1.494092000000000020e+01	nan	1.660000000000000000e+03	2.934806692646361737e-01	1.438806066992362465e-02	8.744005171175720306e-03	5.663704624286304501e+00	8.462634035641497121e+01	nan
nan	7.498639999999999418e+04	1.499727999999999994e+01	nan	1.670000000000000000e+03	3.035126497188230243e-01	1.446720501639255432e-02	8.938066807405832884e-03	5.507784427165002050e+00	8.260447272981851086e+01	nan
nan	7.542680000000000291e+04	1.508535999999999788e+01	nan	1.680000000000000000e+03	2.988507680148358991e-01	1.431994559396008136e-02	8.810060447135965173e-03	5.624315418155738655e+00	8.484181868026044526e+01	nan
nan	7.556439999999999418e+04	1.511288000000000054e+01	nan	1.690000000000000000e+03	2.942323506817047241e-01	1.406206940460389895e-02	8.813985069904002601e-03	5.759588669350224954e+00	8.703928637553627823e+01	nan
nan	7.563839999999999418e+04	1.512768000000000157e+01	nan	1.700000000000000000e+03	2.974702117493961961e-01	1.397365845935101200e-02	8.858036972732843614e-03	5.717037145298121459e+00	8.648500742756719717e+01	nan
nan	7.604060000000000582e+04	1.520811999999999919e+01	nan	1.710000000000000000e+03	2.884296866982822283e-01	1.408889903764616244e-02	8.749603940605872598e-03	5.936776683502881902e+00	9.028319929627666340e+01	nan
nan	7.613219999999999709e+04	1.522644000000000020e+01	nan	1.720000000000000000e+03	3.123530638036299822e-01	1.413953560933111850e-02	8.844854587458806511e-03	5.508798587228178611e+00	8.387586067841850479e+01	nan
nan	7.643060000000000582e+04	1.528612000000000037e+01	nan	1.730000000000000000e+03	3.135351721326060104e-01	1.443539947101840117e-02	8.810496883481058403e-03	5.525618720610207646e+00	8.446465887274385409e+01	nan
nan	7.674680000000000291e+04	1.534935999999999900e+01	nan	1.740000000000000000e+03	3.154226188488792326e-01	1.488268321359943400e-02	9.016562442904422006e-03	5.526148670866517065e+00	8.481503291533891797e+01	nan
nan	7.664439999999999418e+04	1.532887999999999806e+01	nan	1.750000000000000000e+03	3.123250231764814200e-01	1.351300943961167809e-02	8.725224176367833706e-03	5.615263823856784242e+00	8.608241666229089617e+01	nan
nan	7.700739999999999418e+04	1.540148000000000117e+01	nan	1.760000000000000000e+03	3.163146250234148971e-01	1.456000678791835243e-02	8.801225572069528227e-03	5.570245994860406391e+00	8.579735612015234381e+01	nan
nan	7.727339999999999418e+04	1.545467999999999975e+01	nan	1.770000000000000000e+03	3.210675846384219989e-01	1.459696896373960731e-02	8.714608339414748467e-03	5.526345742534712002e+00	8.540557375246990546e+01	nan
nan	7.730339999999999418e+04	1.546067999999999998e+01	nan	1.780000000000000000e+03	3.133306479234761466e-01	1.437805024459818878e-02	8.640377090593001283e-03	5.685962797020076565e+00	8.790880370816299205e+01	nan
nan	7.777419999999999709e+04	1.555483999999999867e+01	nan	1.790000000000000000e+03	3.225400428914781403e-01	1.422832635120900233e-02	8.870983447105421082e-03	5.561930358235617433e+00	8.651756804877906859e+01	nan
nan	7.782260000000000582e+04	1.556451999999999813e+01	nan	1.800000000000000000e+03	3.299249308357957711e-01	1.409526556850196864e-02	8.834891056334665330e-03	5.460602805042594987e+00	8.499019389872844954e+01	nan
nan	7.815700000000000000e+04	1.563139999999999930e+01	nan	1.810000000000000000e+03	3.206796071398912429e-01	1.462080922986421991e-02	8.664949962256701319e-03	5.649920046169937038e+00	8.831738685604406669e+01	nan
nan	7.837000000000000000e+04	1.567400000000000126e+01	nan	1.820000000000000000e+03	3.408878638570513320e-01	1.445929566882943849e-02	8.698087096747370711e-03	5.347162810765150098e+00	8.381058496135383962e+01	nan
nan	7.859360000000000582e+04	1.571872000000000114e+01	nan	1.830000000000000000e+03	3.271975777233819827e-01	1.458140675158044706e-02	8.868179842695408585e-03	5.601201649045286501e+00	8.805212444769601632e+01	nan
nan	7.883780000000000291e+04	1.576755999999999958e+01	nan	1.840000000000000000e+03	3.341490905816499324e-01	1.450930556067674473e-02	8.764808741435925477e-03	5.515782264676031943e+00	8.695950259147544159e+01	nan
nan	7.895619999999999709e+04	1.579123999999999839e+01	nan	1.850000000000000000e+03	3.421691099644249556e-01	1.451816466730229682e-02	8.688334646905184616e-03	5.408627488556618346e+00	8.540669353321754897e+01	nan
nan	7.925180000000000291e+04	1.585036000000000023e+01	nan	1.860000000000000000e+03	3.476013658932061157e-01	1.409980573387269523e-02	8.870169538209512344e-03	5.360869736198750957e+00	8.498019056617687284e+01	nan
nan	7.946760000000000582e+04	1.589352000000000054e+01	nan	1.870000000000000000e+03	3.591606350297297245e-01	1.420360065324798894e-02	8.758391245236491623e-03	5.216297344439761119e+00	8.289536752979645939e+01	nan
nan	7.985860000000000582e+04	1.597171999999999947e+01	nan	1.880000000000000000e+03	3.487487595302809495e-01	1.359915183568914145e-02	8.729083824508324790e-03	5.391853485160069681e+00	8.611849387228281216e+01	nan
nan	7.985039999999999418e+04	1.597008000000000116e+01	nan	1.890000000000000000e+03	3.494366914023430692e-01	1.402163002591619648e-02	8.774599480138551427e-03	5.423347102861606039e+00	8.661332984404897672e+01	nan
nan	8.014680000000000291e+04	1.602935999999999694e+01	nan	1.900000000000000000e+03	3.547007078918341105e-01	1.456016849497809851e-02	8.871054099349375693e-03	5.373489400795365967e+00	8.612929972065556683e+01	nan
nan	8.020500000000000000e+04	1.604100000000000037e+01	nan	1.910000000000000000e+03	3.494247492715203407e-01	1.414859656592287740e-02	8.707903082679886719e-03	5.470532881246997547e+00	8.775168940651704474e+01	nan
nan	8.057660000000000582e+04	1.611532000000000053e+01	nan	1.920000000000000000e+03	3.576006107372904919e-01	1.414848877132773332e-02	8.733473341035882104e-03	5.375929677534962536e+00	8.663807599854537500e+01	nan
nan	8.080760000000000582e+04	1.616151999999999944e+01	nan	1.930000000000000000e+03	3.670461739312941285e-01	1.442755133367002243e-02	8.811357329713378692e-03	5.266971142513344972e+00	8.512564736223637851e+01	nan
nan	8.076880000000000291e+04	1.615375999999999834e+01	nan	1.940000000000000000e+03	3.709461434614695352e-01	1.437279453898409817e-02	8.767101579291990479e-03	5.231823816533818672e+00	8.451427957735980101e+01	nan
nan	8.119660000000000582e+04	1.623931999999999931e+01	nan	1.950000000000000000e+03	3.633091115384559089e-01	1.355888549410707612e-02	8.751774746620465464e-03	5.372020152955202299e+00	8.723248322083608741e+01	nan
nan	8.131619999999999709e+04	1.626324000000000325e+01	nan	1.960000000000000000e+03	3.743741911811866996e-01	1.348354268052287183e-02	8.734817642314058467e-03	5.243434563957633188e+00	8.527166110936632037e+01	nan
nan	8.162639999999999418e+04	1.632527999999999935e+01	nan	1.970000000000000000e+03	3.854141074181370863e-01	1.436174359704652306e-02	8.878755344617562245e-03	5.115139433338882213e+00	8.350708584901056497e+01	nan
nan	8.194619999999999709e+04	1.638923999999999737e+01	nan	1.980000000000000000e+03	3.910574265605646360e-01	1.438153634433108306e-02	8.935312028750325847e-03	5.070890731940166596e+00	8.310505628239567955e+01	nan
nan	8.219339999999999418e+04	1.643867999999999796e+01	nan	1.990000000000000000e+03	3.752580249208222196e-01	1.408274263716613114e-02	8.651665852906930201e-03	5.315836473439547127e+00	8.739250656845547383e+01	nan
nan	8.237119999999999709e+04	1.647424000000000177e+01	nan	2.000000000000000000e+03	3.665576027080987842e-01	1.445016651040518033e-02	8.965780617800223756e-03	5.459461316003392461e+00	8.994442028437197223e+01	nan
nan	8.255360000000000582e+04	1.651071999999999917e+01	nan	2.010000000000000000e+03	3.823842462702486955e-01	1.425353279903819256e-02	9.024857577515754681e-03	5.258597101394718365e+00	8.682188613791245757e+01	nan
nan	8.260100000000000000e+04	1.652019999999999911e+01	nan	2.020000000000000000e+03	3.973008062388089234e-01	1.415985657639763987e-02	8.821999219780276083e-03	5.091228407526122268e+00	8.411221552987022676e+01	nan
nan	8.302660000000000582e+04	1.660531999999999897e+01	nan	2.030000000000000000e+03	3.892960519147436460e-01	1.441658851704813796e-02	8.684898058579582081e-03	5.237344184467600527e+00	8.697051950652549124e+01	nan
nan	8.295519999999999709e+04	1.659103999999999957e+01	nan	2.040000000000000000e+03	4.008611939736965724e-01	1.462405563371954598e-02	8.738400612389621985e-03	5.091416962676404090e+00	8.447367240418462586e+01	nan
nan	8.309500000000000000e+04	1.661899999999999977e+01	nan	2.050000000000000000e+03	4.054011047735912032e-01	1.400269501482990543e-02	8.766169007465072702e-03	5.064360170300964192e+00	8.416531034599346128e+01	nan
nan	8.348139999999999418e+04	1.669627999999999801e+01	nan	2.060000000000000000e+03	4.054105376856568799e-01	1.434444549020783520e-02	8.847126102907786754e-03	5.102139192842513715e+00	8.518219550765923032e+01	nan
nan	8.397539999999999418e+04	1.679508000000000223e+01	nan	2.070000000000000000e+03	3.915328233116269763e-01	1.386047696055024356e-02	8.727289361808849427e-03	5.290645214914571071e+00	8.885902391377914000e+01	nan
nan	8.388880000000000291e+04	1.677776000000000067e+01	nan	2.080000000000000000e+03	3.965225051759261876e-01	1.411354167212028332e-02	8.810559419610217158e-03	5.250200930436609070e+00	8.808666581998308232e+01	nan
nan	8.404219999999999709e+04	1.680844000000000094e+01	nan	2.090000000000000000e+03	4.195145685674105951e-01	1.466817793565431891e-02	8.755649525140176900e-03	4.989816495130398266e+00	8.386814655067350088e+01	nan
nan	8.446760000000000582e+04	1.689351999999999876e+01	nan	2.100000000000000000e+03	4.111720955595046800e-01	1.392239645127806881e-02	8.863133775573127024e-03	5.111607990428963078e+00	8.635372445535956842e+01	nan
nan	8.460619999999999709e+04	1.692124000000000095e+01	nan	2.110000000000000000e+03	4.237981164318626037e-01	1.429821760584592226e-02	8.684648267536117933e-03	4.985057428176241423e+00	8.434773981199779769e+01	nan
nan	8.460280000000000291e+04	1.692056000000000182e+01	nan	2.120000000000000000e+03	4.089508604031834582e-01	1.455865415836096223e-02	8.815100651599927853e-03	5.195391209950780187e+00	8.790315066098965247e+01	nan
nan	8.490739999999999418e+04	1.698147999999999769e+01	nan	2.130000000000000000e+03	4.286414648564459418e-01	1.414006375808848914e-02	8.923806464391826482e-03	4.976871188592076223e+00	8.450832362551943788e+01	nan
nan	8.509780000000000291e+04	1.701955999999999847e+01	nan	2.140000000000000000e+03	4.402385333198253758e-01	1.385825187544003669e-02	8.912604456678031514e-03	4.861966324316727039e+00	8.274648153677105711e+01	nan
nan	8.533700000000000000e+04	1.706739999999999924e+01	nan	2.150000000000000000e+03	4.203313321682798920e-01	1.504867075258713160e-02	8.783678923443402967e-03	5.119332412806547161e+00	8.737439668474669929e+01	nan
nan	8.552360000000000582e+04	1.710471999999999682e+01	nan	2.160000000000000000e+03	4.221543459164422418e-01	1.445071431958508922e-02	8.923945603289429665e-03	5.120891448369076393e+00	8.759102461590960331e+01	nan
nan	8.569860000000000582e+04	1.713972000000000051e+01	nan	2.170000000000000000e+03	4.295830466451661667e-01	1.379647819663030149e-02	8.909720765331122574e-03	5.070327926537695262e+00	8.690619756566104570e+01	nan
nan	8.604139999999999418e+04	1.720827999999999491e+01	nan	2.180000000000000000e+03	4.216856420268413896e-01	1.401180500325532874e-02	8.939291370229605904e-03	5.176370196076796937e+00	8.907897916726068388e+01	nan
nan	8.612639999999999418e+04	1.722527999999999793e+01	nan	2.190000000000000000e+03	4.342841398880409320e-01	1.441670332975570311e-02	8.604236553145386615e-03	5.048368739724777399e+00	8.695767127888399273e+01	nan
nan	8.619880000000000291e+04	1.723976000000000042e+01	nan	2.200000000000000000e+03	4.386892997335053446e-01	1.425391667606634369e-02	8.702842594628307227e-03	5.018676096094567995e+00	8.652032637712984808e+01	nan
nan	8.671800000000000000e+04	1.734360000000000213e+01	nan	2.210000000000000000e+03	4.456361494892916997e-01	1.426784432324004759e-02	8.875573820318278032e-03	4.968218487900196045e+00	8.616997955863774905e+01	nan
nan	8.669760000000000582e+04	1.733952000000000027e+01	nan	2.220000000000000000e+03	4.517625229629629868e-01	1.468450742826424814e-02	8.638128976225303846e-03	4.916633747152629574e+00	8.525304680116896350e+01	nan
nan	8.715180000000000291e+04	1.743036000000000030e+01	nan	2.230000000000000000e+03	4.419082931526645552e-01	1.408062601353822843e-02	8.775103692223703081e-03	5.054833710342839126e+00	8.811059468266803663e+01	nan
nan	8.735400000000000000e+04	1.747080000000000055e+01	nan	2.240000000000000000e+03	4.485512478609962050e-01	1.391830809482710006e-02	8.816490014503585576e-03	4.995188898876875783e+00	8.726649782920758014e+01	nan
nan	8.737560000000000582e+04	1.747511999999999688e+01	nan	2.250000000000000000e+03	4.640599262040268624e-01	1.451109849224179772e-02	8.824420965279479098e-03	4.856831316004003085e+00	8.486756319257838754e+01	nan
nan	8.751400000000000000e+04	1.750280000000000058e+01	nan	2.260000000000000000e+03	4.462322666288855433e-01	1.412381443408466594e-02	8.896174027517311095e-03	5.066113207799753049e+00	8.866885831840068022e+01	nan
nan	8.782600000000000000e+04	1.756519999999999726e+01	nan	2.270000000000000000e+03	4.633862328828399768e-01	1.410047729283693020e-02	8.805023125356938735e-03	4.904607159083682610e+00	8.615761799449937541e+01	nan
nan	8.801219999999999709e+04	1.760244000000000142e+01	nan	2.280000000000000000e+03	4.667347154867457215e-01	1.414147904994894102e-02	8.886852254119689473e-03	4.885922332248497924e+00	8.600704142684486442e+01	nan
nan	8.819860000000000582e+04	1.763972000000000051e+01	nan	2.290000000000000000e+03	4.626190914565995738e-01	1.419265578761777502e-02	8.874434118440969327e-03	4.957724895719529457e+00	8.746139471309099633e+01	nan
nan	8.837980000000000291e+04	1.767595999999999989e+01	nan	2.300000000000000000e+03	4.661510145494503488e-01	1.414391026170506126e-02	8.732899946700265620e-03	4.938462921395642802e+00	8.728549083239016682e+01	nan
nan	8.860760000000000582e+04	1.772151999999999816e+01	nan	2.310000000000000000e+03	4.779709646385527089e-01	1.410338086603020805e-02	8.743617139364964416e-03	4.842500879260986046e+00	8.582843623064961491e+01	nan
nan	8.875839999999999418e+04	1.775168000000000035e+01	nan	2.320000000000000000e+03	4.722985753282955557e-01	1.450466743948720938e-02	8.743987236308470995e-03	4.937856235745116784e+00	8.764716927983616301e+01	nan
nan	8.905400000000000000e+04	1.781079999999999686e+01	nan	2.330000000000000000e+03	4.698540069565751987e-01	1.347014374126827632e-02	8.932613203570518787e-03	4.962303310174343451e+00	8.837901013496099267e+01	nan
nan	8.916119999999999709e+04	1.783223999999999876e+01	nan	2.340000000000000000e+03	4.708956158076034737e-01	1.532764765511023843e-02	8.697964762526533972e-03	4.976382431367905923e+00	8.874535857011478868e+01	nan
nan	8.939400000000000000e+04	1.787880000000000180e+01	nan	2.350000000000000000e+03	4.993295136023334635e-01	1.435607267408586796e-02	8.718549928237912666e-03	4.722874598781139355e+00	8.443515754945545382e+01	nan
nan	8.964600000000000000e+04	1.792920000000000158e+01	nan	2.360000000000000000e+03	4.966321832951507420e-01	1.391060666213823037e-02	8.866041822247459209e-03	4.759591802756649059e+00	8.534144664398363034e+01	nan
nan	8.969419999999999709e+04	1.793883999999999901e+01	nan	2.370000000000000000e+03	4.937526083915145247e-01	1.401558661442620958e-02	8.811394804928058405e-03	4.806992943617576231e+00	8.623149264890861332e+01	nan
nan	8.990000000000000000e+04	1.797999999999999687e+01	nan	2.380000000000000000e+03	4.817283491158377839e-01	1.420109418177908575e-02	8.728406238854310648e-03	4.952105063225365811e+00	8.903000946500330315e+01	nan
nan	9.014180000000000291e+04	1.802835999999999927e+01	nan	2.390000000000000000e+03	4.997685285506122677e-01	1.419482971549992055e-02	8.753249318045702027e-03	4.787904677246243246e+00	8.631867153465989873e+01	nan
nan	9.034819999999999709e+04	1.806963999999999970e+01	nan	2.400000000000000000e+03	5.227126227041480888e-01	1.425201725897786917e-02	8.708168673141475358e-03	4.599356528929130938e+00	8.311627072655753068e+01	nan
nan	9.047460000000000582e+04	1.809492000000000189e+01	nan	2.410000000000000000e+03	4.776390349626126186e-01	1.379090977518388460e-02	8.637753148764066788e-03	5.049869023824237857e+00	9.137485994304782366e+01	nan
nan	9.070180000000000291e+04	1.814036000000000115e+01	nan	2.420000000000000000e+03	4.929034052073802963e-01	1.396476238072719665e-02	8.739929363243744559e-03	4.916968522405096742e+00	8.919611100146239835e+01	nan
nan	9.072980000000000291e+04	1.814596000000000231e+01	nan	2.430000000000000000e+03	5.025311408628112542e-01	1.364115906271154768e-02	8.997483318704636163e-03	4.842428833830812351e+00	8.786833998204984653e+01	nan
nan	9.117000000000000000e+04	1.823399999999999821e+01	nan	2.440000000000000000e+03	5.278078801709853440e-01	1.402069416628194329e-02	8.829390930861023140e-03	4.629596789841619042e+00	8.441864333358073225e+01	nan
nan	9.106080000000000291e+04	1.821216000000000079e+01	nan	2.450000000000000000e+03	5.222304638152308609e-01	1.439481836656111326e-02	8.932293090335207200e-03	4.706433971212760525e+00	8.572110053399362073e+01	nan
nan	9.130600000000000000e+04	1.826119999999999877e+01	nan	2.460000000000000000e+03	5.009168952406980457e-01	1.485123087431668154e-02	8.656231133501763805e-03	4.915782935885430582e+00	8.977643310203374938e+01	nan
nan	9.152739999999999418e+04	1.830547999999999931e+01	nan	2.470000000000000000e+03	5.331774040192612807e-01	1.482871205213009101e-02	8.845452709481815487e-03	4.634799756836689433e+00	8.484435312964303932e+01	nan
nan	9.204200000000000000e+04	1.840840000000000032e+01	nan	2.480000000000000000e+03	5.154582224935438939e-01	1.473610374699297308e-02	8.773610885103620000e-03	4.814578220060204750e+00	8.862866028262860141e+01	nan
nan	9.171300000000000000e+04	1.834260000000000090e+01	nan	2.490000000000000000e+03	5.455183309258245794e-01	1.453420165233985061e-02	8.855340197589942411e-03	4.567964264941405617e+00	8.379242906164458304e+01	nan
nan	9.220419999999999709e+04	1.844084000000000145e+01	nan	2.500000000000000000e+03	5.399748421995355097e-01	1.475063840582177023e-02	8.846975043156004789e-03	4.635718501070480002e+00	8.549432701518722411e+01	nan
nan	9.234180000000000291e+04	1.846835999999999700e+01	nan	2.510000000000000000e+03	5.326373072769456929e-01	1.448275136042884159e-02	8.985091036525654634e-03	4.717686230470501840e+00	8.712826744471061602e+01	nan
nan	9.252219999999999709e+04	1.850444000000000244e+01	nan	2.520000000000000000e+03	5.422550075341859843e-01	1.320193250848765779e-02	8.975229031269748442e-03	4.652788427420678552e+00	8.609206638186691407e+01	nan
nan	9.262419999999999709e+04	1.852484000000000108e+01	nan	2.530000000000000000e+03	5.518715838255048300e-01	1.392443312454221503e-02	8.873344573052293141e-03	4.596415518082149987e+00	8.514624875946927318e+01	nan
nan	9.275400000000000000e+04	1.855080000000000240e+01	nan	2.540000000000000000e+03	5.499065292259729398e-01	1.434995886336838319e-02	8.872686981089145108e-03	4.628258952762884348e+00	8.585223489923899365e+01	nan
nan	9.304280000000000291e+04	1.860856000000000066e+01	nan	2.550000000000000000e+03	5.307268123478934285e-01	1.452719265072683133e-02	8.930414208550062002e-03	4.810082283104021528e+00	8.950404600677373423e+01	nan
